1 0.8328125 0.6296296296296297 0.017708333333333333 0.05555555555555555
1 0.8390625 0.6189814814814815 0.011458333333333333 0.04537037037037037
2 0.84296875 0.6106481481481482 0.0515625 0.049074074074074076
2 0.7184895833333333 0.6157407407407407 0.0265625 0.037037037037037035
2 0.6799479166666667 0.6259259259259259 0.04010416666666667 0.05185185185185185
3 0.6375 0.5939814814814814 0.036458333333333336 0.05092592592592592
2 0.62109375 0.6282407407407408 0.03802083333333333 0.04722222222222222
2 0.5830729166666667 0.6305555555555555 0.0515625 0.05185185185185185
2 0.5276041666666667 0.6356481481481482 0.071875 0.06944444444444445
3 0.47734375 0.6027777777777777 0.09114583333333333 0.11296296296296296
2 0.34348958333333335 0.6134259259259259 0.0546875 0.049074074074074076
2 0.2796875 0.6180555555555556 0.05 0.03981481481481482
1 0.203125 0.6467592592592593 0.021875 0.06388888888888888
2 0.20494791666666667 0.6263888888888889 0.05677083333333333 0.05462962962962963
2 0.04739583333333333 0.6314814814814815 0.09479166666666666 0.09259259259259259
2 0.12552083333333333 0.6375 0.06354166666666666 0.058333333333333334
2 0.17421875 0.624537037037037 0.0484375 0.049074074074074076
2 0.22578125 0.6171296296296296 0.04635416666666667 0.041666666666666664
