3 0.7822916666666667 0.7425925925925926 0.43125 0.5166666666666667
3 0.02421875 0.7013888888888888 0.04739583333333333 0.16944444444444445
3 0.11171875 0.6712962962962963 0.12760416666666666 0.1537037037037037
3 0.19947916666666668 0.6787037037037037 0.08229166666666667 0.0962962962962963
3 0.253125 0.675 0.057291666666666664 0.07962962962962963
3 0.2796875 0.6722222222222223 0.04895833333333333 0.06666666666666667
3 0.309375 0.6671296296296296 0.042708333333333334 0.062037037037037036
3 0.35 0.6569444444444444 0.029166666666666667 0.025
3 0.4234375 0.6587962962962963 0.042708333333333334 0.032407407407407406
3 0.39869791666666665 0.6560185185185186 0.013020833333333334 0.023148148148148147
3 0.45989583333333334 0.6680555555555555 0.036458333333333336 0.04537037037037037
