3 0.18828125 0.674537037037037 0.0921875 0.0712962962962963
3 0.30234375 0.6861111111111111 0.09010416666666667 0.06481481481481481
3 0.353125 0.6939814814814815 0.027083333333333334 0.03796296296296296
5 0.4002604166666667 0.6828703703703703 0.0296875 0.05648148148148148
3 0.43645833333333334 0.6967592592592593 0.09583333333333334 0.06944444444444445
3 0.36770833333333336 0.6925925925925925 0.028125 0.044444444444444446
3 0.6200520833333333 0.7101851851851851 0.06302083333333333 0.053703703703703705
3 0.81015625 0.7199074074074074 0.1015625 0.06944444444444445
3 0.9255208333333333 0.7231481481481481 0.115625 0.07962962962962963
3 0.9833333333333333 0.7342592592592593 0.03333333333333333 0.05740740740740741
1 0.7317708333333334 0.7106481481481481 0.007291666666666667 0.04537037037037037
2 0.09817708333333333 0.6680555555555555 0.025520833333333333 0.049074074074074076
