4 0.1796875 0.5046296296296297 0.35833333333333334 0.7314814814814815
2 0.3736979166666667 0.638425925925926 0.03802083333333333 0.07314814814814814
2 0.43333333333333335 0.637962962962963 0.0375 0.07407407407407407
1 0.4666666666666667 0.6300925925925925 0.01875 0.06018518518518518
1 0.4864583333333333 0.6333333333333333 0.014583333333333334 0.05740740740740741
4 0.4796875 0.6236111111111111 0.011458333333333333 0.021296296296296296
3 0.4981770833333333 0.6277777777777778 0.009895833333333333 0.014814814814814815
3 0.5104166666666666 0.6282407407407408 0.011458333333333333 0.021296296296296296
5 0.5354166666666667 0.6189814814814815 0.017708333333333333 0.03425925925925926
3 0.5375 0.6314814814814815 0.016666666666666666 0.025925925925925925
4 0.8127604166666667 0.449537037037037 0.3723958333333333 0.8064814814814815
