3 0.5705729166666667 0.6694444444444444 0.0484375 0.03518518518518519
3 0.49557291666666664 0.6796296296296296 0.034895833333333334 0.04814814814814815
3 0.46822916666666664 0.6708333333333333 0.0125 0.019444444444444445
3 0.45703125 0.6712962962962963 0.022395833333333334 0.03518518518518519
3 0.43385416666666665 0.6726851851851852 0.03333333333333333 0.05462962962962963
3 0.4078125 0.6856481481481481 0.05 0.06574074074074074
3 0.3734375 0.675 0.01875 0.024074074074074074
2 0.2950520833333333 0.6736111111111112 0.0109375 0.032407407407407406
2 0.26223958333333336 0.6763888888888889 0.0109375 0.03796296296296296
3 0.03359375 0.6694444444444444 0.059895833333333336 0.040740740740740744
