3 0.34270833333333334 0.6592592592592592 0.1125 0.06851851851851852
3 0.3731770833333333 0.6518518518518519 0.07864583333333333 0.06851851851851852
3 0.39739583333333334 0.6462962962962963 0.08333333333333333 0.05740740740740741
3 0.4158854166666667 0.6439814814814815 0.0828125 0.05277777777777778
3 0.4596354166666667 0.6398148148148148 0.0703125 0.044444444444444446
3 0.46822916666666664 0.6388888888888888 0.0625 0.040740740740740744
3 0.48385416666666664 0.6310185185185185 0.052083333333333336 0.04351851851851852
3 0.6119791666666666 0.6342592592592593 0.040625 0.06296296296296296
3 0.6333333333333333 0.6305555555555555 0.022916666666666665 0.03518518518518519
2 0.6880208333333333 0.6240740740740741 0.00625 0.03333333333333333
3 0.5638020833333334 0.6231481481481481 0.016145833333333335 0.018518518518518517
