3 0.012760416666666666 0.6805555555555556 0.025520833333333333 0.06111111111111111
3 0.32395833333333335 0.6828703703703703 0.0375 0.05462962962962963
3 0.3776041666666667 0.6861111111111111 0.022916666666666665 0.02962962962962963
4 0.4158854166666667 0.6666666666666666 0.0359375 0.06851851851851852
5 0.44895833333333335 0.6731481481481482 0.019791666666666666 0.02962962962962963
3 0.4765625 0.6824074074074075 0.013541666666666667 0.025925925925925925
3 0.48359375 0.6884259259259259 0.022395833333333334 0.03425925925925926
3 0.50625 0.6800925925925926 0.011458333333333333 0.025
2 0.54921875 0.700925925925926 0.011979166666666667 0.046296296296296294
1 0.5890625 0.7032407407407407 0.010416666666666666 0.04537037037037037
2 0.5942708333333333 0.7097222222222223 0.017708333333333333 0.06018518518518518
3 0.8671875 0.7171296296296297 0.11458333333333333 0.06759259259259259
