3 0.022916666666666665 0.6365740740740741 0.04479166666666667 0.04537037037037037
3 0.2375 0.6736111111111112 0.10625 0.09351851851851851
3 0.4041666666666667 0.6546296296296297 0.034375 0.044444444444444446
3 0.45078125 0.6587962962962963 0.0296875 0.03425925925925926
3 0.509375 0.6578703703703703 0.04375 0.028703703703703703
3 0.3690104166666667 0.6472222222222223 0.034895833333333334 0.022222222222222223
3 0.4856770833333333 0.6509259259259259 0.0140625 0.016666666666666666
3 0.6119791666666666 0.6587962962962963 0.053125 0.03981481481481482
3 0.5622395833333333 0.6555555555555556 0.013020833333333334 0.016666666666666666
4 0.7192708333333333 0.45231481481481484 0.3072916666666667 0.10462962962962963
3 0.42942708333333335 0.6486111111111111 0.0171875 0.021296296296296296
3 0.4703125 0.649074074074074 0.013541666666666667 0.018518518518518517
