3 0.15026041666666667 0.5939814814814814 0.03177083333333333 0.032407407407407406
3 0.4513020833333333 0.6217592592592592 0.03177083333333333 0.025
3 0.5119791666666667 0.6194444444444445 0.0125 0.016666666666666666
3 0.5049479166666667 0.6138888888888889 0.008854166666666666 0.018518518518518517
2 0.54375 0.6222222222222222 0.011458333333333333 0.024074074074074074
3 0.5322916666666667 0.6166666666666667 0.010416666666666666 0.018518518518518517
3 0.6203125 0.6296296296296297 0.025 0.037037037037037035
3 0.6010416666666667 0.6263888888888889 0.021875 0.028703703703703703
3 0.57890625 0.624537037037037 0.0234375 0.03981481481481482
3 0.5658854166666667 0.6236111111111111 0.019270833333333334 0.03425925925925926
3 0.353125 0.6194444444444445 0.027083333333333334 0.016666666666666666
2 0.6549479166666666 0.6273148148148148 0.008854166666666666 0.028703703703703703
2 0.8765625 0.6467592592592593 0.036458333333333336 0.08611111111111111
