3 0.054947916666666666 0.6796296296296296 0.10885416666666667 0.08148148148148149
3 0.18463541666666666 0.6847222222222222 0.1140625 0.08055555555555556
3 0.29713541666666665 0.7046296296296296 0.13697916666666668 0.17037037037037037
3 0.39401041666666664 0.7078703703703704 0.05677083333333333 0.07685185185185185
3 0.42135416666666664 0.7037037037037037 0.036458333333333336 0.05555555555555555
3 0.4471354166666667 0.700462962962963 0.021354166666666667 0.032407407407407406
3 0.5403645833333334 0.7087962962962963 0.030729166666666665 0.041666666666666664
5 0.6229166666666667 0.6805555555555556 0.11666666666666667 0.2037037037037037
2 0.6888020833333334 0.7208333333333333 0.018229166666666668 0.06018518518518518
2 0.71171875 0.725 0.016145833333333335 0.05740740740740741
2 0.7302083333333333 0.7277777777777777 0.014583333333333334 0.06296296296296296
2 0.7450520833333333 0.7310185185185185 0.015104166666666667 0.06944444444444445
2 0.7875 0.7356481481481482 0.025 0.0824074074074074
2 0.8380208333333333 0.7407407407407407 0.034375 0.09814814814814815
2 0.8880208333333334 0.7439814814814815 0.036458333333333336 0.08796296296296297
1 0.99375 0.736574074074074 0.013541666666666667 0.09351851851851851
