3 0.121875 0.6828703703703703 0.24479166666666666 0.225
1 0.0453125 0.6023148148148149 0.017708333333333333 0.07685185185185185
1 0.06510416666666667 0.600462962962963 0.014583333333333334 0.06759259259259259
3 0.30546875 0.7240740740740741 0.25885416666666666 0.30185185185185187
1 0.8049479166666667 0.6875 0.033854166666666664 0.21574074074074073
1 0.76640625 0.6967592592592593 0.0421875 0.20277777777777778
2 0.6 0.6638888888888889 0.020833333333333332 0.07592592592592592
2 0.5859375 0.6458333333333334 0.008333333333333333 0.03425925925925926
5 0.5216145833333333 0.6523148148148148 0.0234375 0.03981481481481482
3 0.5533854166666666 0.5310185185185186 0.024479166666666666 0.041666666666666664
