1 0.9234375 0.6694444444444444 0.10729166666666666 0.562962962962963
1 0.8192708333333333 0.6171296296296296 0.059375 0.2712962962962963
1 0.715625 0.6194444444444445 0.03854166666666667 0.15555555555555556
1 0.6919270833333333 0.6523148148148148 0.0453125 0.2935185185185185
1 0.6731770833333334 0.6393518518518518 0.03697916666666667 0.21944444444444444
1 0.6356770833333333 0.6356481481481482 0.0390625 0.24166666666666667
5 0.59140625 0.6402777777777777 0.0296875 0.2212962962962963
1 0.6109375 0.6212962962962963 0.019791666666666666 0.09814814814814815
1 0.5661458333333333 0.6300925925925925 0.016666666666666666 0.07314814814814814
1 0.5455729166666666 0.6287037037037037 0.021354166666666667 0.08703703703703704
1 0.5338541666666666 0.6226851851851852 0.014583333333333334 0.08055555555555556
3 0.44505208333333335 0.6458333333333334 0.09739583333333333 0.15092592592592594
1 0.39817708333333335 0.6236111111111111 0.018229166666666668 0.09537037037037037
1 0.38984375 0.6208333333333333 0.0140625 0.0712962962962963
3 0.3807291666666667 0.6157407407407407 0.014583333333333334 0.024074074074074074
3 0.3533854166666667 0.6166666666666667 0.013020833333333334 0.020370370370370372
3 0.3294270833333333 0.6194444444444445 0.0203125 0.02962962962962963
3 0.3098958333333333 0.6212962962962963 0.021875 0.02962962962962963
3 0.32135416666666666 0.624537037037037 0.030208333333333334 0.03981481481481482
3 0.28125 0.6148148148148148 0.017708333333333333 0.024074074074074074
1 0.2625 0.6152777777777778 0.026041666666666668 0.021296296296296296
1 0.23255208333333333 0.6217592592592592 0.0234375 0.125
1 0.24609375 0.6097222222222223 0.009895833333333333 0.058333333333333334
