3 0.06927083333333334 0.6412037037037037 0.13854166666666667 0.08796296296296297
3 0.1765625 0.6787037037037037 0.29270833333333335 0.21481481481481482
3 0.5315104166666667 0.6222222222222222 0.015104166666666667 0.027777777777777776
3 0.5216145833333333 0.6208333333333333 0.0078125 0.013888888888888888
4 0.5002604166666667 0.6148148148148148 0.0067708333333333336 0.022222222222222223
4 0.46588541666666666 0.6069444444444444 0.0328125 0.06759259259259259
5 0.4395833333333333 0.6074074074074074 0.04375 0.08703703703703704
3 0.40703125 0.6287037037037037 0.021354166666666667 0.03518518518518519
3 0.39817708333333335 0.6310185185185185 0.019270833333333334 0.03425925925925926
4 0.41432291666666665 0.6055555555555555 0.021354166666666667 0.046296296296296294
3 0.3776041666666667 0.6282407407407408 0.03125 0.05092592592592592
4 0.35859375 0.6180555555555556 0.034895833333333334 0.06018518518518518
4 0.67890625 0.6129629629629629 0.19947916666666668 0.15185185185185185
3 0.9606770833333333 0.6351851851851852 0.07864583333333333 0.08518518518518518
