1 0.9794270833333333 0.750462962962963 0.034895833333333334 0.16203703703703703
3 0.82265625 0.7319444444444444 0.1421875 0.14166666666666666
3 0.7236979166666667 0.7013888888888888 0.08802083333333334 0.10648148148148148
4 0.6919270833333333 0.6564814814814814 0.09114583333333333 0.15185185185185185
3 0.6489583333333333 0.687037037037037 0.041666666666666664 0.06851851851851852
3 0.5984375 0.6930555555555555 0.059375 0.0824074074074074
3 0.5783854166666667 0.6842592592592592 0.034895833333333334 0.06481481481481481
3 0.5471354166666667 0.6648148148148149 0.0140625 0.027777777777777776
3 0.52109375 0.6685185185185185 0.025520833333333333 0.027777777777777776
3 0.46770833333333334 0.6675925925925926 0.041666666666666664 0.03148148148148148
3 0.4375 0.6652777777777777 0.058333333333333334 0.03796296296296296
3 0.3796875 0.6717592592592593 0.058333333333333334 0.09722222222222222
1 0.3177083333333333 0.6615740740740741 0.016666666666666666 0.06018518518518518
1 0.22864583333333333 0.6509259259259259 0.005208333333333333 0.03148148148148148
2 0.21354166666666666 0.6518518518518519 0.0125 0.03148148148148148
3 0.025520833333333333 0.6319444444444444 0.05 0.10648148148148148
