3 0.30807291666666664 0.6370370370370371 0.0703125 0.06481481481481481
3 0.45078125 0.6763888888888889 0.0703125 0.11203703703703703
3 0.5434895833333333 0.6782407407407407 0.058854166666666666 0.0824074074074074
3 0.5734375 0.6939814814814815 0.07083333333333333 0.09722222222222222
3 0.6166666666666667 0.7319444444444444 0.11979166666666667 0.14537037037037037
3 0.6372395833333333 0.6833333333333333 0.0640625 0.09259259259259259
3 0.7166666666666667 0.7125 0.103125 0.12685185185185185
3 0.7020833333333333 0.6393518518518518 0.04895833333333333 0.028703703703703703
3 0.9002604166666667 0.7888888888888889 0.19947916666666668 0.2574074074074074
3 0.8114583333333333 0.6425925925925926 0.04583333333333333 0.02962962962962963
3 0.93125 0.9393518518518519 0.1375 0.1175925925925926
