1 0.08411458333333334 0.8050925925925926 0.0984375 0.38981481481481484
2 0.20729166666666668 0.6773148148148148 0.04375 0.15092592592592594
2 0.14088541666666668 0.7087962962962963 0.0609375 0.18425925925925926
2 0.26588541666666665 0.6439814814814815 0.034895833333333334 0.12129629629629629
2 0.2994791666666667 0.5976851851851852 0.017708333333333333 0.08611111111111111
3 0.35078125 0.5944444444444444 0.0421875 0.06481481481481481
3 0.41171875 0.5453703703703704 0.08697916666666666 0.07222222222222222
3 0.3450520833333333 0.5689814814814815 0.0484375 0.049074074074074076
4 0.175 0.5694444444444444 0.16979166666666667 0.12777777777777777
2 0.017447916666666667 0.825 0.034895833333333334 0.3148148148148148
1 0.2833333333333333 0.5731481481481482 0.011458333333333333 0.05185185185185185
3 0.25052083333333336 0.575925925925926 0.06145833333333333 0.053703703703703705
