3 0.9302083333333333 0.5995370370370371 0.007291666666666667 0.010185185185185186
3 0.91484375 0.6 0.013020833333333334 0.020370370370370372
4 0.9005208333333333 0.5921296296296297 0.021875 0.03981481481481482
4 0.88046875 0.5907407407407408 0.028645833333333332 0.05185185185185185
3 0.83046875 0.6013888888888889 0.0296875 0.03796296296296296
3 0.759375 0.6134259259259259 0.03854166666666667 0.04722222222222222
3 0.7223958333333333 0.6175925925925926 0.07083333333333333 0.08148148148148149
3 0.66015625 0.6175925925925926 0.09947916666666666 0.1111111111111111
3 0.5651041666666666 0.6240740740740741 0.13854166666666667 0.14074074074074075
1 0.5541666666666667 0.6611111111111111 0.029166666666666667 0.17962962962962964
1 0.4739583333333333 0.6472222222222223 0.06770833333333333 0.22777777777777777
2 0.23776041666666667 0.6314814814814815 0.09947916666666666 0.15
1 0.12213541666666666 0.6314814814814815 0.0515625 0.2518518518518518
