3 0.14453125 0.7819444444444444 0.29010416666666666 0.43425925925925923
2 0.36302083333333335 0.6662037037037037 0.021875 0.0824074074074074
4 0.46171875 0.6324074074074074 0.04010416666666667 0.08518518518518518
2 0.4278645833333333 0.6476851851851851 0.009895833333333333 0.03981481481481482
5 0.47552083333333334 0.638425925925926 0.025 0.05092592592592592
3 0.49505208333333334 0.6430555555555556 0.008854166666666666 0.017592592592592594
2 0.5255208333333333 0.6620370370370371 0.0125 0.05
4 0.5609375 0.6407407407407407 0.04583333333333333 0.08518518518518518
4 0.6578125 0.6166666666666667 0.171875 0.24074074074074073
4 0.8184895833333333 0.5023148148148148 0.3609375 1.0027777777777778
