3 0.19427083333333334 0.5597222222222222 0.011458333333333333 0.019444444444444445
3 0.30052083333333335 0.575462962962963 0.011458333333333333 0.01574074074074074
3 0.29348958333333336 0.5685185185185185 0.0078125 0.014814814814814815
3 0.2838541666666667 0.5740740740740741 0.0125 0.018518518518518517
3 0.3221354166666667 0.5763888888888888 0.0078125 0.013888888888888888
5 0.3411458333333333 0.575925925925926 0.017708333333333333 0.027777777777777776
4 0.36380208333333336 0.5689814814814815 0.04114583333333333 0.0787037037037037
3 0.39791666666666664 0.6199074074074075 0.08645833333333333 0.16018518518518518
4 0.471875 0.575925925925926 0.06354166666666666 0.13148148148148148
3 0.48489583333333336 0.6138888888888889 0.05625 0.08518518518518518
3 0.5028645833333333 0.6291666666666667 0.06822916666666666 0.09351851851851851
3 0.56171875 0.6319444444444444 0.10364583333333334 0.15462962962962962
4 0.71796875 0.575925925925926 0.2786458333333333 0.4648148148148148
