3 0.09166666666666666 0.6365740740740741 0.1 0.09166666666666666
3 0.17708333333333334 0.6342592592592593 0.11354166666666667 0.12407407407407407
3 0.23802083333333332 0.6365740740740741 0.06666666666666667 0.08796296296296297
4 0.2682291666666667 0.5763888888888888 0.09895833333333333 0.175
3 0.315625 0.624537037037037 0.03229166666666667 0.05277777777777778
3 0.32760416666666664 0.624537037037037 0.028125 0.04537037037037037
4 0.36015625 0.6143518518518518 0.022395833333333334 0.03796296296296296
3 0.39895833333333336 0.6180555555555556 0.0125 0.021296296296296296
5 0.41458333333333336 0.6111111111111112 0.0125 0.025925925925925925
3 0.38385416666666666 0.6157407407407407 0.010416666666666666 0.014814814814814815
4 0.48359375 0.5851851851851851 0.05364583333333333 0.15185185185185185
3 0.521875 0.6453703703703704 0.06979166666666667 0.09814814814814815
3 0.63984375 0.6810185185185185 0.1765625 0.2175925925925926
1 0.7747395833333334 0.6550925925925926 0.016145833333333335 0.08055555555555556
1 0.8028645833333333 0.6550925925925926 0.018229166666666668 0.09166666666666666
