3 0.9544270833333334 0.7078703703703704 0.0890625 0.06759259259259259
4 0.9020833333333333 0.7050925925925926 0.04791666666666667 0.03981481481481482
3 0.8739583333333333 0.6833333333333333 0.07916666666666666 0.08148148148148149
3 0.8057291666666667 0.6930555555555555 0.14270833333333333 0.1175925925925926
4 0.6994791666666667 0.6620370370370371 0.18854166666666666 0.13333333333333333
4 0.3184895833333333 0.6398148148148148 0.25885416666666666 0.13333333333333333
3 0.3536458333333333 0.6925925925925925 0.11041666666666666 0.06851851851851852
3 0.3828125 0.6921296296296297 0.075 0.04722222222222222
3 0.14427083333333332 0.6689814814814815 0.06458333333333334 0.06018518518518518
3 0.11145833333333334 0.675 0.1125 0.06111111111111111
3 0.033854166666666664 0.6652777777777777 0.06666666666666667 0.06018518518518518
