3 0.4901041666666667 0.6986111111111111 0.007291666666666667 0.012037037037037037
3 0.4744791666666667 0.7 0.017708333333333333 0.027777777777777776
3 0.45859375 0.6935185185185185 0.0067708333333333336 0.012962962962962963
3 0.44817708333333334 0.6958333333333333 0.009895833333333333 0.019444444444444445
3 0.434375 0.6930555555555555 0.010416666666666666 0.019444444444444445
3 0.4283854166666667 0.6967592592592593 0.0109375 0.013888888888888888
3 0.37942708333333336 0.6962962962962963 0.0171875 0.024074074074074074
3 0.35182291666666665 0.6796296296296296 0.03697916666666667 0.06296296296296296
3 0.31927083333333334 0.6875 0.040625 0.049074074074074076
3 0.25807291666666665 0.6847222222222222 0.0453125 0.04722222222222222
2 0.21770833333333334 0.6828703703703703 0.013541666666666667 0.03796296296296296
