3 0.013020833333333334 0.6851851851851852 0.027083333333333334 0.1037037037037037
3 0.053125 0.6759259259259259 0.10625 0.14074074074074075
3 0.06432291666666666 0.6523148148148148 0.12864583333333332 0.15462962962962962
3 0.13541666666666666 0.6615740740740741 0.140625 0.11018518518518519
3 0.22526041666666666 0.6347222222222222 0.034895833333333334 0.032407407407407406
3 0.2791666666666667 0.6370370370370371 0.03854166666666667 0.03333333333333333
3 0.31614583333333335 0.6347222222222222 0.026041666666666668 0.025
3 0.51640625 0.6347222222222222 0.022395833333333334 0.021296296296296296
3 0.5479166666666667 0.6402777777777777 0.021875 0.030555555555555555
3 0.5666666666666667 0.6351851851851852 0.013541666666666667 0.016666666666666666
2 0.59765625 0.6398148148148148 0.011979166666666667 0.03888888888888889
3 0.6143229166666667 0.6412037037037037 0.0140625 0.021296296296296296
1 0.8684895833333334 0.6671296296296296 0.016145833333333335 0.0712962962962963
1 0.8966145833333333 0.6504629629629629 0.0203125 0.10833333333333334
