2 0.9684895833333333 0.7208333333333333 0.06302083333333333 0.30092592592592593
2 0.946875 0.7023148148148148 0.07395833333333333 0.23981481481481481
4 0.8583333333333333 0.6231481481481481 0.13645833333333332 0.09259259259259259
2 0.85390625 0.7226851851851852 0.06510416666666667 0.23981481481481481
2 0.7526041666666666 0.6861111111111111 0.029166666666666667 0.10740740740740741
2 0.7453125 0.663425925925926 0.096875 0.0787037037037037
2 0.7161458333333334 0.6680555555555555 0.04895833333333333 0.10648148148148148
3 0.5203125 0.7680555555555556 0.246875 0.33055555555555555
3 0.39140625 0.6800925925925926 0.08072916666666667 0.06018518518518518
4 0.37526041666666665 0.6625 0.0328125 0.06944444444444445
3 0.32734375 0.6888888888888889 0.1078125 0.16111111111111112
3 0.26015625 0.7101851851851851 0.16302083333333334 0.21666666666666667
1 0.24088541666666666 0.7078703703703704 0.050520833333333334 0.25833333333333336
3 0.1265625 0.7851851851851852 0.253125 0.42592592592592593
5 0.13697916666666668 0.5967592592592592 0.27291666666666664 0.3138888888888889
