3 0.9033854166666667 0.8421296296296297 0.1921875 0.31574074074074077
3 0.7466145833333333 0.7583333333333333 0.17552083333333332 0.2111111111111111
3 0.77265625 0.6504629629629629 0.11302083333333333 0.07685185185185185
3 0.6393229166666666 0.663425925925926 0.11614583333333334 0.17685185185185184
3 0.5848958333333333 0.6217592592592592 0.1 0.06944444444444445
3 0.4778645833333333 0.5546296296296296 0.009895833333333333 0.016666666666666666
1 0.4708333333333333 0.6083333333333333 0.025 0.06481481481481481
3 0.4390625 0.6305555555555555 0.08854166666666667 0.07222222222222222
3 0.46640625 0.6800925925925926 0.11822916666666666 0.14537037037037037
3 0.46979166666666666 0.8467592592592592 0.296875 0.30648148148148147
1 0.37786458333333334 0.6388888888888888 0.019270833333333334 0.11296296296296296
2 0.2828125 0.6222222222222222 0.021875 0.08703703703703704
3 0.2799479166666667 0.6189814814814815 0.1265625 0.06944444444444445
5 0.28619791666666666 0.575462962962963 0.17447916666666666 0.11388888888888889
3 0.19427083333333334 0.5981481481481481 0.125 0.08518518518518518
