4 0.028125 0.5773148148148148 0.05520833333333333 0.12314814814814815
3 0.38958333333333334 0.6032407407407407 0.014583333333333334 0.026851851851851852
3 0.39895833333333336 0.6032407407407407 0.014583333333333334 0.021296296296296296
3 0.43671875 0.6041666666666666 0.013020833333333334 0.025
3 0.4197916666666667 0.6083333333333333 0.025 0.03518518518518519
3 0.3567708333333333 0.6138888888888889 0.06979166666666667 0.1111111111111111
3 0.5455729166666666 0.6356481481481482 0.07760416666666667 0.08425925925925926
2 0.6989583333333333 0.6342592592592593 0.027083333333333334 0.05185185185185185
2 0.7317708333333334 0.638425925925926 0.029166666666666667 0.06018518518518518
2 0.7729166666666667 0.6481481481481481 0.03333333333333333 0.07222222222222222
3 0.9596354166666666 0.6351851851851852 0.06510416666666667 0.05925925925925926
