1 0.09244791666666667 0.7134259259259259 0.018229166666666668 0.08796296296296297
1 0.11510416666666666 0.6967592592592593 0.01875 0.10648148148148148
1 0.09895833333333333 0.6986111111111111 0.015625 0.10648148148148148
3 0.16484375 0.7222222222222222 0.1234375 0.10925925925925926
1 0.35182291666666665 0.7018518518518518 0.008854166666666666 0.04259259259259259
1 0.29375 0.6939814814814815 0.009375 0.04722222222222222
3 0.4578125 0.6958333333333333 0.0125 0.01574074074074074
3 0.478125 0.6944444444444444 0.009375 0.014814814814814815
3 0.5140625 0.7231481481481481 0.06666666666666667 0.1
4 0.6119791666666666 0.6907407407407408 0.041666666666666664 0.08333333333333333
3 0.5927083333333333 0.7087962962962963 0.025 0.03425925925925926
4 0.6645833333333333 0.674074074074074 0.08020833333333334 0.16666666666666666
3 0.6877604166666667 0.7226851851851852 0.07239583333333334 0.10462962962962963
3 0.82421875 0.750462962962963 0.1671875 0.18425925925925926
3 0.9143229166666667 0.774074074074074 0.17135416666666667 0.30925925925925923
