4 0.08333333333333333 0.5643518518518519 0.16770833333333332 0.600925925925926
3 0.30520833333333336 0.7453703703703703 0.27395833333333336 0.40185185185185185
3 0.19661458333333334 0.7041666666666667 0.20364583333333333 0.1824074074074074
3 0.4140625 0.6606481481481481 0.06875 0.12129629629629629
3 0.4510416666666667 0.6731481481481482 0.034375 0.09444444444444444
3 0.5205729166666667 0.700925925925926 0.028645833333333332 0.037037037037037035
5 0.48098958333333336 0.687037037037037 0.021354166666666667 0.040740740740740744
5 0.4947916666666667 0.6828703703703703 0.03125 0.04722222222222222
4 0.30364583333333334 0.6194444444444445 0.15625 0.2574074074074074
4 0.5151041666666667 0.6791666666666667 0.015625 0.03796296296296296
