2 0.16953125 0.6597222222222222 0.028645833333333332 0.0712962962962963
2 0.21380208333333334 0.6597222222222222 0.025520833333333333 0.062037037037037036
2 0.40078125 0.6606481481481481 0.0546875 0.08055555555555556
3 0.6940104166666666 0.6819444444444445 0.1515625 0.2212962962962963
1 0.7705729166666667 0.6527777777777778 0.0109375 0.044444444444444446
1 0.9354166666666667 0.6611111111111111 0.015625 0.05740740740740741
3 0.47213541666666664 0.6453703703703704 0.015104166666666667 0.025925925925925925
3 0.5052083333333334 0.6458333333333334 0.026041666666666668 0.04351851851851852
3 0.5247395833333334 0.6449074074074074 0.013020833333333334 0.021296296296296296
3 0.5372395833333333 0.6472222222222223 0.0203125 0.037037037037037035
