5 0.30885416666666665 0.5680555555555555 0.026041666666666668 0.03981481481481482
3 0.4005208333333333 0.5986111111111111 0.028125 0.041666666666666664
3 0.43020833333333336 0.5916666666666667 0.011458333333333333 0.018518518518518517
3 0.4375 0.5935185185185186 0.014583333333333334 0.022222222222222223
3 0.45286458333333335 0.5981481481481481 0.0234375 0.037037037037037035
4 0.47734375 0.5925925925925926 0.013020833333333334 0.022222222222222223
3 0.5065104166666666 0.6069444444444444 0.028645833333333332 0.03796296296296296
5 0.5700520833333333 0.5907407407407408 0.0609375 0.02962962962962963
3 0.7588541666666667 0.6162037037037037 0.05416666666666667 0.030555555555555555
3 0.7744791666666667 0.6217592592592592 0.057291666666666664 0.03425925925925926
2 0.7638020833333333 0.625462962962963 0.011979166666666667 0.04351851851851852
1 0.7744791666666667 0.6226851851851852 0.007291666666666667 0.04351851851851852
3 0.46770833333333334 0.5888888888888889 0.009375 0.014814814814814815
