2 0.21796875 0.6347222222222222 0.011979166666666667 0.05277777777777778
3 0.5268229166666667 0.6310185185185185 0.044270833333333336 0.05462962962962963
3 0.4986979166666667 0.6282407407407408 0.018229166666666668 0.028703703703703703
4 0.4661458333333333 0.6069444444444444 0.030208333333333334 0.06944444444444445
5 0.4401041666666667 0.6074074074074074 0.04375 0.08518518518518518
3 0.4083333333333333 0.6291666666666667 0.020833333333333332 0.03796296296296296
3 0.3971354166666667 0.6328703703703704 0.018229166666666668 0.03425925925925926
4 0.4140625 0.6078703703703704 0.025 0.049074074074074076
3 0.37838541666666664 0.6277777777777778 0.0328125 0.05
4 0.35442708333333334 0.6194444444444445 0.03697916666666667 0.06296296296296296
3 0.8041666666666667 0.6365740740740741 0.09583333333333334 0.05277777777777778
