1 0.22005208333333334 0.649074074074074 0.009895833333333333 0.05185185185185185
3 0.31354166666666666 0.6680555555555555 0.11145833333333334 0.1675925925925926
3 0.4075520833333333 0.6560185185185186 0.0359375 0.058333333333333334
3 0.43307291666666664 0.6476851851851851 0.024479166666666666 0.04351851851851852
4 0.48072916666666665 0.6370370370370371 0.015625 0.037037037037037035
3 0.5143229166666666 0.6902777777777778 0.09114583333333333 0.13055555555555556
3 0.55234375 0.6546296296296297 0.0203125 0.03333333333333333
2 0.7341145833333333 0.6574074074074074 0.018229166666666668 0.044444444444444446
2 0.7505208333333333 0.6625 0.01875 0.06944444444444445
1 0.8817708333333333 0.6754629629629629 0.025 0.11018518518518519
3 0.95390625 0.7236111111111111 0.0921875 0.16944444444444445
