3 0.19505208333333332 0.712037037037037 0.21822916666666667 0.2611111111111111
3 0.3888020833333333 0.6726851851851852 0.015104166666666667 0.023148148148148147
3 0.4015625 0.6717592592592593 0.020833333333333332 0.028703703703703703
3 0.4328125 0.6680555555555555 0.011458333333333333 0.017592592592592594
3 0.4234375 0.6680555555555555 0.014583333333333334 0.025
4 0.44895833333333335 0.6467592592592593 0.025 0.06574074074074074
3 0.4635416666666667 0.6625 0.008333333333333333 0.013888888888888888
3 0.47630208333333335 0.6615740740740741 0.008854166666666666 0.013888888888888888
3 0.48671875 0.6611111111111111 0.0078125 0.009259259259259259
3 0.49296875 0.6615740740740741 0.009895833333333333 0.013888888888888888
3 0.60078125 0.649537037037037 0.024479166666666666 0.032407407407407406
