3 0.24973958333333332 0.6337962962962963 0.10989583333333333 0.0787037037037037
3 0.27734375 0.6236111111111111 0.10260416666666666 0.08796296296296297
3 0.9002604166666667 0.7046296296296296 0.19947916666666668 0.48518518518518516
3 0.74921875 0.7356481481481482 0.1890625 0.21388888888888888
3 0.6486979166666667 0.6615740740740741 0.08385416666666666 0.05092592592592592
3 0.4578125 0.6458333333333334 0.08541666666666667 0.05462962962962963
3 0.48359375 0.649537037037037 0.06614583333333333 0.03796296296296296
3 0.40911458333333334 0.6291666666666667 0.024479166666666666 0.03981481481481482
2 0.44583333333333336 0.6328703703703704 0.020833333333333332 0.04351851851851852
3 0.5494791666666666 0.6462962962962963 0.01875 0.022222222222222223
2 0.5927083333333333 0.65 0.01875 0.037037037037037035
2 0.6247395833333333 0.6439814814814815 0.016145833333333335 0.03611111111111111
5 0.4984375 0.6361111111111111 0.021875 0.05185185185185185
3 0.044270833333333336 0.5875 0.08854166666666667 0.18611111111111112
