3 0.10807291666666667 0.6800925925925926 0.09635416666666667 0.11018518518518519
3 0.17838541666666666 0.6763888888888889 0.0609375 0.08796296296296297
3 0.27291666666666664 0.7379629629629629 0.196875 0.26296296296296295
3 0.3846354166666667 0.6847222222222222 0.0828125 0.13240740740740742
3 0.45729166666666665 0.6685185185185185 0.015625 0.024074074074074074
2 0.46822916666666664 0.6782407407407407 0.017708333333333333 0.08796296296296297
3 0.48515625 0.6717592592592593 0.0140625 0.023148148148148147
2 0.49322916666666666 0.6694444444444444 0.014583333333333334 0.06111111111111111
5 0.5072916666666667 0.6546296296296297 0.03958333333333333 0.08518518518518518
3 0.5182291666666666 0.6898148148148148 0.057291666666666664 0.0962962962962963
3 0.5458333333333333 0.6990740740740741 0.07708333333333334 0.12962962962962962
3 0.6028645833333334 0.7050925925925926 0.14947916666666666 0.22685185185185186
3 0.7763020833333333 0.7833333333333333 0.31614583333333335 0.35185185185185186
3 0.93125 0.8490740740740741 0.13333333333333333 0.29814814814814816
