1 0.9895833333333334 0.7092592592592593 0.01875 0.2388888888888889
1 0.8453125 0.6884259259259259 0.035416666666666666 0.14907407407407408
4 0.7822916666666667 0.6361111111111111 0.016666666666666666 0.05
1 0.7197916666666667 0.687037037037037 0.042708333333333334 0.19814814814814816
1 0.6591145833333333 0.6888888888888889 0.033854166666666664 0.1574074074074074
3 0.6838541666666667 0.6717592592592593 0.0375 0.05092592592592592
3 0.48802083333333335 0.7055555555555556 0.10416666666666667 0.1388888888888889
5 0.51171875 0.6333333333333333 0.1890625 0.18888888888888888
3 0.35625 0.7555555555555555 0.26458333333333334 0.42777777777777776
3 0.15859375 0.7319444444444444 0.22552083333333334 0.1824074074074074
