3 0.8770833333333333 0.663425925925926 0.07395833333333333 0.06018518518518518
3 0.5901041666666667 0.6625 0.06458333333333334 0.05277777777777778
4 0.5526041666666667 0.65 0.057291666666666664 0.07407407407407407
1 0.5213541666666667 0.6699074074074074 0.009375 0.04537037037037037
3 0.38307291666666665 0.6731481481481482 0.024479166666666666 0.04259259259259259
5 0.3098958333333333 0.6393518518518518 0.12708333333333333 0.19907407407407407
3 0.21848958333333332 0.6754629629629629 0.0703125 0.10462962962962963
5 0.16458333333333333 0.6578703703703703 0.06354166666666666 0.08611111111111111
3 0.17005208333333333 0.6763888888888889 0.044270833333333336 0.058333333333333334
3 0.1140625 0.6856481481481481 0.058333333333333334 0.05277777777777778
5 0.06796875 0.6518518518518519 0.1296875 0.12222222222222222
