1 0.9609375 0.6754629629629629 0.036458333333333336 0.14537037037037037
1 0.9231770833333334 0.6773148148148148 0.027604166666666666 0.14166666666666666
1 0.9052083333333333 0.6777777777777778 0.021875 0.13518518518518519
1 0.8677083333333333 0.674537037037037 0.023958333333333335 0.1175925925925926
1 0.7778645833333333 0.6587962962962963 0.019270833333333334 0.09537037037037037
1 0.6026041666666667 0.6430555555555556 0.007291666666666667 0.03425925925925926
3 0.5622395833333333 0.6504629629629629 0.04010416666666667 0.058333333333333334
3 0.5424479166666667 0.6407407407407407 0.0234375 0.044444444444444446
3 0.5309895833333333 0.6425925925925926 0.016145833333333335 0.02962962962962963
4 0.5302083333333333 0.625 0.022916666666666665 0.05185185185185185
3 0.49166666666666664 0.6601851851851852 0.058333333333333334 0.08518518518518518
4 0.46510416666666665 0.6300925925925925 0.011458333333333333 0.021296296296296296
2 0.37421875 0.6388888888888888 0.0067708333333333336 0.027777777777777776
2 0.31145833333333334 0.6462962962962963 0.011458333333333333 0.03888888888888889
1 0.23385416666666667 0.6546296296296297 0.008333333333333333 0.04259259259259259
2 0.21145833333333333 0.6518518518518519 0.014583333333333334 0.05
1 0.013541666666666667 0.6574074074074074 0.016666666666666666 0.06296296296296296
