2 0.020052083333333335 0.687037037037037 0.04010416666666667 0.13518518518518519
4 0.121875 0.6018518518518519 0.10625 0.08518518518518518
3 0.26536458333333335 0.6078703703703704 0.0234375 0.028703703703703703
3 0.17447916666666666 0.700462962962963 0.17291666666666666 0.175
4 0.3390625 0.6013888888888889 0.065625 0.1361111111111111
3 0.38333333333333336 0.6078703703703704 0.01875 0.03981481481481482
3 0.46822916666666664 0.6648148148148149 0.12708333333333333 0.24074074074074073
3 0.40260416666666665 0.8513888888888889 0.30416666666666664 0.2935185185185185
3 0.5544270833333333 0.6125 0.0171875 0.019444444444444445
3 0.5885416666666666 0.6069444444444444 0.014583333333333334 0.019444444444444445
