3 0.026041666666666668 0.6578703703703703 0.051041666666666666 0.05092592592592592
1 0.05390625 0.6564814814814814 0.0109375 0.05185185185185185
3 0.07838541666666667 0.6523148148148148 0.0578125 0.03981481481481482
1 0.1046875 0.6555555555555556 0.0125 0.05740740740740741
3 0.12942708333333333 0.6648148148148149 0.06197916666666667 0.05555555555555555
1 0.15755208333333334 0.6560185185185186 0.013020833333333334 0.062037037037037036
3 0.17213541666666668 0.6472222222222223 0.04635416666666667 0.03333333333333333
3 0.3875 0.7013888888888888 0.17291666666666666 0.25277777777777777
3 0.4734375 0.6555555555555556 0.06979166666666667 0.11851851851851852
3 0.5018229166666667 0.6472222222222223 0.027604166666666666 0.05185185185185185
2 0.525 0.6398148148148148 0.008333333333333333 0.03333333333333333
3 0.5713541666666667 0.6425925925925926 0.03958333333333333 0.05185185185185185
2 0.6059895833333333 0.6537037037037037 0.019270833333333334 0.07777777777777778
1 0.5971354166666667 0.6402777777777777 0.0109375 0.05462962962962963
6 0.7125 0.6583333333333333 0.16458333333333333 0.18518518518518517
3 0.9333333333333333 0.7041666666666667 0.13125 0.325
1 0.25677083333333334 0.6444444444444445 0.00625 0.03518518518518519
3 0.2682291666666667 0.6416666666666667 0.030208333333333334 0.024074074074074074
