3 0.14947916666666666 0.7222222222222222 0.2989583333333333 0.34444444444444444
1 0.8005208333333333 0.750462962962963 0.08541666666666667 0.35462962962962963
3 0.82734375 0.7351851851851852 0.3453125 0.2388888888888889
3 0.34270833333333334 0.6652777777777777 0.06875 0.08796296296296297
3 0.5997395833333333 0.6611111111111111 0.1171875 0.08518518518518518
3 0.5411458333333333 0.6476851851851851 0.053125 0.03796296296296296
3 0.43854166666666666 0.6472222222222223 0.017708333333333333 0.03148148148148148
3 0.453125 0.6453703703703704 0.019791666666666666 0.02962962962962963
3 0.4713541666666667 0.6398148148148148 0.0125 0.018518518518518517
3 0.5065104166666666 0.6421296296296296 0.013020833333333334 0.021296296296296296
