5 0.11796875 0.47824074074074074 0.1171875 0.06018518518518518
5 0.27109375 0.44907407407407407 0.18697916666666667 0.09259259259259259
3 0.23046875 0.4740740740740741 0.06197916666666667 0.03888888888888889
3 0.37057291666666664 0.45416666666666666 0.08802083333333334 0.05462962962962963
5 0.4921875 0.43796296296296294 0.19895833333333332 0.08518518518518518
3 0.9255208333333333 0.4064814814814815 0.11041666666666666 0.05555555555555555
3 0.6393229166666666 0.5842592592592593 0.015104166666666667 0.024074074074074074
3 0.67265625 0.6356481481481482 0.04739583333333333 0.032407407407407406
2 0.46875 0.649537037037037 0.021875 0.05092592592592592
3 0.39166666666666666 0.6342592592592593 0.016666666666666666 0.022222222222222223
3 0.42161458333333335 0.6319444444444444 0.015104166666666667 0.023148148148148147
3 0.40130208333333334 0.6324074074074074 0.015104166666666667 0.022222222222222223
3 0.49583333333333335 0.6240740740740741 0.016666666666666666 0.016666666666666666
3 0.5505208333333333 0.637962962962963 0.035416666666666666 0.025925925925925925
