3 0.05026041666666667 0.750462962962963 0.10052083333333334 0.31203703703703706
3 0.18229166666666666 0.687037037037037 0.109375 0.1388888888888889
3 0.28984375 0.6694444444444444 0.09427083333333333 0.1037037037037037
3 0.35963541666666665 0.6541666666666667 0.05677083333333333 0.06574074074074074
3 0.42526041666666664 0.6523148148148148 0.030729166666666665 0.03796296296296296
3 0.40572916666666664 0.6518518518518519 0.025 0.037037037037037035
3 0.44557291666666665 0.6467592592592593 0.022395833333333334 0.03796296296296296
3 0.4708333333333333 0.6449074074074074 0.017708333333333333 0.026851851851851852
3 0.45703125 0.6453703703703704 0.015104166666666667 0.024074074074074074
3 0.5471354166666667 0.6722222222222223 0.10677083333333333 0.16666666666666666
3 0.703125 0.6666666666666666 0.11666666666666667 0.13703703703703704
3 0.865625 0.6412037037037037 0.10625 0.05648148148148148
3 0.63359375 0.6393518518518518 0.015104166666666667 0.021296296296296296
2 0.84921875 0.6425925925925926 0.0265625 0.09074074074074075
2 0.8109375 0.6416666666666667 0.023958333333333335 0.05740740740740741
2 0.9854166666666667 0.6361111111111111 0.028125 0.07222222222222222
3 0.7455729166666667 0.6370370370370371 0.08072916666666667 0.07407407407407407
2 0.6088541666666667 0.6435185185185185 0.007291666666666667 0.02962962962962963
