3 0.96875 0.7472222222222222 0.0625 0.07777777777777778
3 0.9307291666666667 0.7217592592592592 0.12604166666666666 0.09351851851851851
1 0.7796875 0.7143518518518519 0.025 0.14166666666666666
2 0.6903645833333333 0.6986111111111111 0.011979166666666667 0.049074074074074076
5 0.6421875 0.6666666666666666 0.08020833333333334 0.1425925925925926
3 0.5986979166666667 0.6703703703703704 0.013020833333333334 0.018518518518518517
4 0.5768229166666666 0.6662037037037037 0.027604166666666666 0.05092592592592592
3 0.5528645833333333 0.6717592592592593 0.025520833333333333 0.04537037037037037
3 0.5291666666666667 0.6861111111111111 0.021875 0.027777777777777776
3 0.5109375 0.6861111111111111 0.029166666666666667 0.03148148148148148
3 0.48515625 0.6824074074074075 0.03177083333333333 0.04259259259259259
3 0.46979166666666666 0.6851851851851852 0.0375 0.04259259259259259
4 0.4080729166666667 0.6444444444444445 0.1015625 0.14074074074074075
4 0.3494791666666667 0.674537037037037 0.08229166666666667 0.10277777777777777
4 0.21145833333333333 0.6171296296296296 0.24375 0.2861111111111111
3 0.06614583333333333 0.6935185185185185 0.12291666666666666 0.1037037037037037
3 0.04192708333333333 0.7050925925925926 0.08385416666666666 0.16018518518518518
