1 0.19583333333333333 0.6476851851851851 0.03125 0.18425925925925926
3 0.20364583333333333 0.6587962962962963 0.12395833333333334 0.12685185185185185
3 0.27838541666666666 0.6481481481481481 0.0734375 0.09259259259259259
3 0.33098958333333334 0.638425925925926 0.05677083333333333 0.0787037037037037
3 0.36354166666666665 0.6370370370370371 0.03229166666666667 0.05
3 0.46822916666666664 0.6324074074074074 0.028125 0.03148148148148148
3 0.49661458333333336 0.6337962962962963 0.028645833333333332 0.041666666666666664
3 0.5078125 0.6291666666666667 0.025 0.04351851851851852
3 0.55234375 0.6333333333333333 0.0546875 0.053703703703703705
5 0.8747395833333333 0.46944444444444444 0.24947916666666667 0.9388888888888889
