1 0.3346354166666667 0.6421296296296296 0.016145833333333335 0.08611111111111111
3 0.30755208333333334 0.6273148148148148 0.0515625 0.08611111111111111
4 0.03046875 0.6370370370370371 0.06197916666666667 0.1037037037037037
5 0.18385416666666668 0.6171296296296296 0.24270833333333333 0.23055555555555557
3 0.51640625 0.8606481481481482 0.3151041666666667 0.27685185185185185
3 0.50390625 0.6189814814814815 0.025520833333333333 0.03425925925925926
3 0.5143229166666666 0.6226851851851852 0.022395833333333334 0.032407407407407406
3 0.5419270833333333 0.6287037037037037 0.028645833333333332 0.037037037037037035
3 0.7059895833333333 0.6625 0.15364583333333334 0.08425925925925926
2 0.7903645833333334 0.7398148148148148 0.09947916666666666 0.1925925925925926
3 0.8830729166666667 0.6513888888888889 0.14947916666666666 0.0824074074074074
2 0.74296875 0.6319444444444444 0.0140625 0.04722222222222222
3 0.47317708333333336 0.6212962962962963 0.021354166666666667 0.02962962962962963
3 0.47578125 0.6101851851851852 0.018229166666666668 0.040740740740740744
