1 0.08854166666666667 0.6699074074074074 0.011458333333333333 0.05648148148148148
3 0.19140625 0.6722222222222223 0.06197916666666667 0.05555555555555555
3 0.24947916666666667 0.6597222222222222 0.04895833333333333 0.04537037037037037
1 0.27838541666666666 0.6578703703703703 0.008854166666666666 0.04351851851851852
4 0.33619791666666665 0.6407407407407407 0.0234375 0.046296296296296294
3 0.36432291666666666 0.6504629629629629 0.019270833333333334 0.026851851851851852
3 0.4700520833333333 0.6722222222222223 0.09947916666666666 0.14629629629629629
3 0.4434895833333333 0.6736111111111112 0.14635416666666667 0.09537037037037037
1 0.8515625 0.6601851851851852 0.03854166666666667 0.18333333333333332
1 0.8643229166666667 0.6259259259259259 0.015104166666666667 0.08518518518518518
