3 0.07239583333333334 0.7319444444444444 0.14375 0.3768518518518518
3 0.15 0.7203703703703703 0.109375 0.1111111111111111
3 0.22994791666666667 0.7041666666666667 0.05677083333333333 0.062037037037037036
3 0.31171875 0.6939814814814815 0.03177083333333333 0.03981481481481482
3 0.35963541666666665 0.6875 0.021354166666666667 0.028703703703703703
3 0.37135416666666665 0.6842592592592592 0.028125 0.040740740740740744
4 0.4356770833333333 0.6550925925925926 0.03177083333333333 0.075
3 0.38723958333333336 0.6819444444444445 0.013020833333333334 0.021296296296296296
3 0.46640625 0.6726851851851852 0.009895833333333333 0.013888888888888888
3 0.47942708333333334 0.6717592592592593 0.009895833333333333 0.013888888888888888
3 0.4864583333333333 0.6726851851851852 0.009375 0.017592592592592594
3 0.6973958333333333 0.6462962962962963 0.05625 0.040740740740740744
3 0.7010416666666667 0.6550925925925926 0.051041666666666666 0.03796296296296296
3 0.74765625 0.649074074074074 0.0671875 0.05925925925925926
3 0.7846354166666667 0.6439814814814815 0.0703125 0.06944444444444445
2 0.853125 0.6884259259259259 0.04895833333333333 0.15833333333333333
