3 0.83125 0.6611111111111111 0.06354166666666666 0.09074074074074075
3 0.7026041666666667 0.6611111111111111 0.0375 0.03888888888888889
2 0.6752604166666667 0.662962962962963 0.011979166666666667 0.05185185185185185
3 0.5505208333333333 0.6731481481481482 0.03958333333333333 0.05185185185185185
3 0.5229166666666667 0.6657407407407407 0.013541666666666667 0.016666666666666666
3 0.5041666666666667 0.6643518518518519 0.009375 0.01574074074074074
5 0.49583333333333335 0.6638888888888889 0.008333333333333333 0.016666666666666666
3 0.45546875 0.6680555555555555 0.019270833333333334 0.026851851851851852
2 0.44166666666666665 0.6680555555555555 0.00625 0.019444444444444445
2 0.28229166666666666 0.6763888888888889 0.011458333333333333 0.04537037037037037
3 0.29661458333333335 0.6680555555555555 0.03177083333333333 0.041666666666666664
