1 0.9171875 0.6453703703703704 0.027083333333333334 0.14074074074074075
3 0.5528645833333333 0.6273148148148148 0.0421875 0.06574074074074074
2 0.5265625 0.6342592592592593 0.017708333333333333 0.07037037037037037
2 0.5119791666666667 0.6291666666666667 0.0125 0.05092592592592592
2 0.503125 0.6212962962962963 0.010416666666666666 0.037037037037037035
3 0.45390625 0.6504629629629629 0.08385416666666666 0.13240740740740742
4 0.42916666666666664 0.5986111111111111 0.03125 0.075
3 0.40208333333333335 0.6277777777777778 0.03333333333333333 0.05
3 0.3802083333333333 0.6319444444444444 0.053125 0.06759259259259259
3 0.27057291666666666 0.6439814814814815 0.1203125 0.15648148148148147
1 0.08802083333333334 0.6194444444444445 0.01875 0.0962962962962963
1 0.046614583333333334 0.625462962962963 0.018229166666666668 0.10648148148148148
1 0.017447916666666667 0.6277777777777778 0.016145833333333335 0.08518518518518518
