1 0.039322916666666666 0.5981481481481481 0.019270833333333334 0.09259259259259259
1 0.028385416666666666 0.5884259259259259 0.019270833333333334 0.09166666666666666
1 0.08072916666666667 0.6023148148148149 0.017708333333333333 0.0824074074074074
1 0.09322916666666667 0.5958333333333333 0.016666666666666666 0.08611111111111111
2 0.12317708333333334 0.6092592592592593 0.03177083333333333 0.11666666666666667
1 0.15755208333333334 0.5875 0.0171875 0.0824074074074074
2 0.17682291666666666 0.600462962962963 0.0265625 0.09907407407407408
2 0.2140625 0.5930555555555556 0.023958333333333335 0.06944444444444445
1 0.2328125 0.5782407407407407 0.009375 0.04722222222222222
3 0.05078125 0.5703703703703704 0.07239583333333334 0.05925925925925926
3 0.3106770833333333 0.6407407407407407 0.12239583333333333 0.1574074074074074
3 0.40729166666666666 0.6138888888888889 0.07083333333333333 0.1
3 0.4549479166666667 0.5949074074074074 0.04114583333333333 0.06388888888888888
3 0.52109375 0.6601851851851852 0.14635416666666667 0.22592592592592592
3 0.6552083333333333 0.6055555555555555 0.051041666666666666 0.09074074074074075
3 0.6984375 0.649074074074074 0.09895833333333333 0.14444444444444443
2 0.7966145833333333 0.649074074074074 0.0265625 0.10555555555555556
1 0.8270833333333333 0.6333333333333333 0.016666666666666666 0.07962962962962963
1 0.8434895833333333 0.6328703703703704 0.019270833333333334 0.08425925925925926
1 0.8908854166666667 0.6361111111111111 0.021354166666666667 0.09074074074074075
1 0.8815104166666666 0.6319444444444444 0.0171875 0.08796296296296297
3 0.91796875 0.7759259259259259 0.16302083333333334 0.3648148148148148
2 0.3651041666666667 0.5898148148148148 0.017708333333333333 0.06296296296296296
