3 0.19583333333333333 0.6300925925925925 0.09166666666666666 0.04722222222222222
2 0.2872395833333333 0.6402777777777777 0.0171875 0.030555555555555555
3 0.4705729166666667 0.6328703703703704 0.14635416666666667 0.08981481481481482
4 0.5794270833333334 0.6287037037037037 0.0921875 0.06296296296296296
2 0.65625 0.649537037037037 0.05 0.09351851851851851
4 0.67578125 0.6189814814814815 0.10052083333333334 0.08981481481481482
3 0.78359375 0.6444444444444445 0.0703125 0.05555555555555555
3 0.84609375 0.6513888888888889 0.08802083333333334 0.06018518518518518
2 0.8369791666666667 0.6537037037037037 0.03958333333333333 0.08333333333333333
2 0.9083333333333333 0.6699074074074074 0.035416666666666666 0.13055555555555556
6 0.13151041666666666 0.6347222222222222 0.034895833333333334 0.030555555555555555
