1 0.026041666666666668 0.6583333333333333 0.028125 0.1111111111111111
1 0.05807291666666667 0.6601851851851852 0.025520833333333333 0.1111111111111111
1 0.18854166666666666 0.6648148148148149 0.027083333333333334 0.11851851851851852
1 0.28098958333333335 0.6416666666666667 0.008854166666666666 0.04814814814814815
1 0.28984375 0.6421296296296296 0.009895833333333333 0.05092592592592592
1 0.2986979166666667 0.6421296296296296 0.008854166666666666 0.05092592592592592
2 0.4075520833333333 0.6370370370370371 0.008854166666666666 0.03518518518518519
2 0.44166666666666665 0.6328703703703704 0.008333333333333333 0.026851851851851852
3 0.48046875 0.6314814814814815 0.0078125 0.011111111111111112
3 0.5119791666666667 0.6314814814814815 0.014583333333333334 0.022222222222222223
2 0.5434895833333333 0.6314814814814815 0.005729166666666666 0.022222222222222223
2 0.67421875 0.6546296296296297 0.021354166666666667 0.10185185185185185
1 0.8794270833333333 0.6342592592592593 0.021354166666666667 0.1111111111111111
1 0.8606770833333334 0.6356481481481482 0.019270833333333334 0.11388888888888889
4 0.49765625 0.6268518518518519 0.009895833333333333 0.018518518518518517
