3 0.17838541666666666 0.6291666666666667 0.18489583333333334 0.1175925925925926
3 0.19479166666666667 0.6273148148148148 0.15625 0.10092592592592593
3 0.03567708333333333 0.6370370370370371 0.0703125 0.07407407407407407
3 0.052083333333333336 0.6277777777777778 0.08125 0.07037037037037037
3 0.40208333333333335 0.6217592592592592 0.03333333333333333 0.04722222222222222
2 0.33046875 0.6236111111111111 0.013020833333333334 0.04351851851851852
2 0.31328125 0.624537037037037 0.0109375 0.04351851851851852
2 0.346875 0.6226851851851852 0.0125 0.041666666666666664
4 0.41458333333333336 0.6078703703703704 0.029166666666666667 0.05277777777777778
3 0.47630208333333335 0.6398148148148148 0.1140625 0.06851851851851852
3 0.5010416666666667 0.6393518518518518 0.1 0.06018518518518518
3 0.44869791666666664 0.6157407407407407 0.022395833333333334 0.040740740740740744
3 0.5083333333333333 0.6212962962962963 0.025 0.05185185185185185
2 0.6377604166666667 0.6444444444444445 0.0078125 0.037037037037037035
3 0.70078125 0.6550925925925926 0.11927083333333334 0.06759259259259259
4 0.7302083333333333 0.6236111111111111 0.15208333333333332 0.13055555555555556
3 0.8658854166666666 0.6652777777777777 0.13489583333333333 0.08796296296296297
3 0.8729166666666667 0.6157407407407407 0.17083333333333334 0.13333333333333333
