3 0.035416666666666666 0.6287037037037037 0.07083333333333333 0.05185185185185185
3 0.05416666666666667 0.6171296296296296 0.090625 0.06574074074074074
1 0.1640625 0.6532407407407408 0.010416666666666666 0.06574074074074074
1 0.19401041666666666 0.6564814814814814 0.016145833333333335 0.06851851851851852
3 0.2830729166666667 0.6652777777777777 0.1109375 0.06388888888888888
3 0.32005208333333335 0.6555555555555556 0.07864583333333333 0.06111111111111111
3 0.34088541666666666 0.6532407407407408 0.0703125 0.058333333333333334
3 0.36302083333333335 0.6537037037037037 0.06145833333333333 0.04814814814814815
3 0.3953125 0.6523148148148148 0.052083333333333336 0.03796296296296296
3 0.5419270833333333 0.6444444444444445 0.022395833333333334 0.03888888888888889
3 0.51796875 0.6527777777777778 0.030729166666666665 0.044444444444444446
1 0.7861979166666667 0.6837962962962963 0.03177083333333333 0.16203703703703703
6 0.7807291666666667 0.725 0.03229166666666667 0.09444444444444444
1 0.63203125 0.6597222222222222 0.016145833333333335 0.06018518518518518
