3 0.2109375 0.6685185185185185 0.10416666666666667 0.11296296296296296
3 0.3770833333333333 0.649074074074074 0.028125 0.037037037037037035
3 0.41953125 0.6453703703703704 0.0140625 0.022222222222222223
3 0.46328125 0.6449074074074074 0.008854166666666666 0.01574074074074074
3 0.49765625 0.6555555555555556 0.0296875 0.02962962962962963
2 0.475 0.6504629629629629 0.008333333333333333 0.032407407407407406
1 0.9591145833333333 0.725462962962963 0.0546875 0.1935185185185185
1 0.9177083333333333 0.7231481481481481 0.03958333333333333 0.17222222222222222
1 0.8763020833333334 0.7185185185185186 0.03697916666666667 0.1537037037037037
1 0.8473958333333333 0.7166666666666667 0.040625 0.15
1 0.9927083333333333 0.7106481481481481 0.014583333333333334 0.19166666666666668
1 0.5169270833333334 0.6518518518518519 0.0078125 0.037037037037037035
1 0.55234375 0.6527777777777778 0.0078125 0.037037037037037035
