1 0.12526041666666668 0.6226851851851852 0.0265625 0.11944444444444445
1 0.14895833333333333 0.6231481481481481 0.026041666666666668 0.13148148148148148
3 0.33984375 0.6421296296296296 0.1078125 0.14351851851851852
3 0.46953125 0.624537037037037 0.027604166666666666 0.03796296296296296
3 0.44192708333333336 0.6171296296296296 0.016145833333333335 0.021296296296296296
3 0.909375 0.649537037037037 0.18020833333333333 0.2212962962962963
3 0.5338541666666666 0.6092592592592593 0.071875 0.05740740740740741
2 0.5338541666666666 0.6291666666666667 0.01875 0.10833333333333334
3 0.5869791666666667 0.6203703703703703 0.065625 0.044444444444444446
1 0.6057291666666667 0.6333333333333333 0.019791666666666666 0.08333333333333333
