3 0.8955729166666667 0.5935185185185186 0.08072916666666667 0.06111111111111111
3 0.9716145833333333 0.5939814814814814 0.0578125 0.049074074074074076
2 0.5622395833333333 0.6134259259259259 0.0203125 0.058333333333333334
3 0.44192708333333336 0.6236111111111111 0.0203125 0.03611111111111111
5 0.44166666666666665 0.6106481481481482 0.016666666666666666 0.03796296296296296
3 0.421875 0.6157407407407407 0.008333333333333333 0.018518518518518517
3 0.4192708333333333 0.6203703703703703 0.010416666666666666 0.022222222222222223
3 0.41041666666666665 0.6208333333333333 0.016666666666666666 0.026851851851851852
3 0.38359375 0.6180555555555556 0.043229166666666666 0.06018518518518518
3 0.35520833333333335 0.6208333333333333 0.026041666666666668 0.03796296296296296
3 0.2955729166666667 0.6518518518518519 0.10989583333333333 0.1425925925925926
3 0.17760416666666667 0.6467592592592593 0.11770833333333333 0.1175925925925926
5 0.06041666666666667 0.5953703703703703 0.11979166666666667 0.18888888888888888
3 0.21458333333333332 0.6194444444444445 0.042708333333333334 0.05555555555555555
