3 0.9377604166666667 0.6129629629629629 0.0703125 0.04259259259259259
3 0.8479166666666667 0.6138888888888889 0.057291666666666664 0.05185185185185185
3 0.70546875 0.6189814814814815 0.07239583333333334 0.05462962962962963
3 0.5385416666666667 0.6541666666666667 0.11458333333333333 0.125
3 0.45859375 0.6152777777777778 0.027604166666666666 0.058333333333333334
3 0.44973958333333336 0.6277777777777778 0.04010416666666667 0.05925925925925926
3 0.42161458333333335 0.6208333333333333 0.0078125 0.012037037037037037
3 0.41041666666666665 0.6217592592592592 0.010416666666666666 0.019444444444444445
3 0.40390625 0.6217592592592592 0.011979166666666667 0.021296296296296296
3 0.39296875 0.6222222222222222 0.0140625 0.025925925925925925
4 0.3997395833333333 0.6157407407407407 0.0140625 0.027777777777777776
3 0.37734375 0.624537037037037 0.0203125 0.032407407407407406
3 0.36328125 0.625462962962963 0.021354166666666667 0.03611111111111111
3 0.34427083333333336 0.6194444444444445 0.03333333333333333 0.05555555555555555
4 0.3455729166666667 0.5981481481481481 0.0328125 0.05740740740740741
3 0.32447916666666665 0.6263888888888889 0.025 0.032407407407407406
4 0.30026041666666664 0.6027777777777777 0.043229166666666666 0.08148148148148149
3 0.2747395833333333 0.6111111111111112 0.03802083333333333 0.07222222222222222
3 0.16614583333333333 0.6375 0.24583333333333332 0.33240740740740743
3 0.04791666666666667 0.6467592592592593 0.09479166666666666 0.10462962962962963
