3 0.9713541666666666 0.5851851851851851 0.057291666666666664 0.06481481481481481
3 0.9565104166666667 0.5884259259259259 0.08177083333333333 0.06388888888888888
2 0.6984375 0.6282407407407408 0.023958333333333335 0.08796296296296297
1 0.6013020833333333 0.611574074074074 0.013020833333333334 0.05277777777777778
3 0.4080729166666667 0.6652777777777777 0.23072916666666668 0.35648148148148145
4 0.44895833333333335 0.5356481481481481 0.13333333333333333 0.3527777777777778
3 0.28984375 0.6240740740740741 0.09114583333333333 0.1537037037037037
3 0.16223958333333333 0.6601851851851852 0.20364583333333333 0.21666666666666667
3 0.065625 0.6949074074074074 0.13125 0.475
5 0.12317708333333334 0.5615740740740741 0.11614583333333334 0.11018518518518519
