1 0.062239583333333334 0.6453703703703704 0.019270833333333334 0.08333333333333333
3 0.1046875 0.6370370370370371 0.05 0.03333333333333333
1 0.6486979166666667 0.6597222222222222 0.011979166666666667 0.075
2 0.4940104166666667 0.6472222222222223 0.0078125 0.04259259259259259
2 0.48359375 0.6476851851851851 0.0140625 0.03981481481481482
3 0.45338541666666665 0.649537037037037 0.025520833333333333 0.03981481481481482
3 0.4421875 0.6449074074074074 0.01875 0.017592592592592594
3 0.42682291666666666 0.6453703703703704 0.0140625 0.018518518518518517
3 0.4119791666666667 0.6458333333333334 0.011458333333333333 0.01574074074074074
3 0.39921875 0.6439814814814815 0.013020833333333334 0.021296296296296296
2 0.36302083333333335 0.6453703703703704 0.00625 0.022222222222222223
