3 0.8184895833333333 0.7462962962962963 0.2453125 0.24814814814814815
3 0.6567708333333333 0.6888888888888889 0.1 0.12407407407407407
3 0.5369791666666667 0.7194444444444444 0.13125 0.18703703703703703
3 0.35963541666666665 0.6736111111111112 0.0203125 0.025
3 0.3296875 0.6759259259259259 0.028125 0.02962962962962963
3 0.2984375 0.6782407407407407 0.03125 0.03611111111111111
4 0.25729166666666664 0.6671296296296296 0.041666666666666664 0.05092592592592592
3 0.22890625 0.6763888888888889 0.050520833333333334 0.058333333333333334
3 0.17317708333333334 0.6796296296296296 0.0453125 0.04814814814814815
3 0.018229166666666668 0.6694444444444444 0.034375 0.037037037037037035
