4 0.8932291666666666 0.6203703703703703 0.21041666666666667 0.20555555555555555
3 0.5052083333333334 0.6574074074074074 0.009375 0.016666666666666666
3 0.4895833333333333 0.6569444444444444 0.008333333333333333 0.013888888888888888
3 0.45677083333333335 0.6587962962962963 0.013541666666666667 0.021296296296296296
3 0.43671875 0.6606481481481481 0.025520833333333333 0.03425925925925926
3 0.38619791666666664 0.6601851851851852 0.022395833333333334 0.027777777777777776
3 0.3653645833333333 0.6564814814814814 0.0234375 0.037037037037037035
3 0.33541666666666664 0.6601851851851852 0.021875 0.02962962962962963
3 0.31953125 0.6615740740740741 0.030729166666666665 0.03425925925925926
2 0.19765625 0.6662037037037037 0.09427083333333333 0.13055555555555556
2 0.14479166666666668 0.6523148148148148 0.01875 0.04722222222222222
