3 0.459375 0.6393518518518518 0.05416666666666667 0.0787037037037037
2 0.4940104166666667 0.6236111111111111 0.005729166666666666 0.023148148148148147
2 0.5231770833333333 0.6310185185185185 0.009895833333333333 0.041666666666666664
3 0.5997395833333333 0.6277777777777778 0.024479166666666666 0.027777777777777776
1 0.5817708333333333 0.6263888888888889 0.00625 0.03425925925925926
1 0.57421875 0.624537037037037 0.0067708333333333336 0.026851851851851852
2 0.63046875 0.6472222222222223 0.0265625 0.06666666666666667
3 0.6518229166666667 0.625462962962963 0.03697916666666667 0.04722222222222222
1 0.6661458333333333 0.6425925925925926 0.013541666666666667 0.07777777777777778
2 0.68984375 0.674074074074074 0.0328125 0.16296296296296298
3 0.7528645833333333 0.637962962962963 0.044270833333333336 0.053703703703703705
1 0.7658854166666667 0.6449074074074074 0.022395833333333334 0.1175925925925926
1 0.93125 0.6638888888888889 0.034375 0.1648148148148148
3 0.9536458333333333 0.6439814814814815 0.090625 0.1935185185185185
3 0.8984375 0.6509259259259259 0.090625 0.08333333333333333
