3 0.12005208333333334 0.624537037037037 0.17135416666666667 0.10277777777777777
3 0.21432291666666667 0.6342592592592593 0.0265625 0.040740740740740744
3 0.47578125 0.6342592592592593 0.12552083333333333 0.07222222222222222
2 0.5494791666666666 0.6296296296296297 0.010416666666666666 0.03888888888888889
1 0.5979166666666667 0.6259259259259259 0.007291666666666667 0.03888888888888889
2 0.6205729166666667 0.6583333333333333 0.04114583333333333 0.12777777777777777
2 0.6752604166666667 0.6587962962962963 0.03697916666666667 0.13425925925925927
2 0.7200520833333334 0.6671296296296296 0.0515625 0.1398148148148148
3 0.73203125 0.6351851851851852 0.11614583333333334 0.09814814814814815
2 0.7390625 0.6597222222222222 0.04895833333333333 0.13425925925925927
2 0.76328125 0.6458333333333334 0.025520833333333333 0.10648148148148148
2 0.79609375 0.6324074074074074 0.016145833333333335 0.046296296296296294
2 0.81953125 0.6518518518518519 0.033854166666666664 0.0962962962962963
3 0.88203125 0.6375 0.12552083333333333 0.10092592592592593
1 0.8786458333333333 0.6388888888888888 0.014583333333333334 0.08148148148148149
