4 0.21276041666666667 0.4532407407407407 0.09635416666666667 0.08055555555555556
4 0.4361979166666667 0.42407407407407405 0.3046875 0.15185185185185185
3 0.48984375 0.6574074074074074 0.12135416666666667 0.06666666666666667
3 0.7010416666666667 0.6319444444444444 0.05 0.03425925925925926
3 0.81875 0.6555555555555556 0.16666666666666666 0.10555555555555556
3 0.7138020833333333 0.4324074074074074 0.07760416666666667 0.05925925925925926
3 0.35598958333333336 0.6523148148148148 0.12239583333333333 0.08981481481481482
3 0.39296875 0.6337962962962963 0.015104166666666667 0.019444444444444445
3 0.40260416666666665 0.6319444444444444 0.014583333333333334 0.021296296296296296
3 0.42161458333333335 0.6314814814814815 0.016145833333333335 0.025925925925925925
2 0.5390625 0.6305555555555555 0.004166666666666667 0.020370370370370372
2 0.5223958333333333 0.6287037037037037 0.005208333333333333 0.018518518518518517
5 0.27838541666666666 0.4361111111111111 0.14947916666666666 0.06666666666666667
