1 0.11588541666666667 0.6800925925925926 0.011979166666666667 0.04537037037037037
5 0.22708333333333333 0.6518518518518519 0.13645833333333332 0.19444444444444445
3 0.33177083333333335 0.7027777777777777 0.029166666666666667 0.04259259259259259
3 0.36822916666666666 0.7083333333333334 0.04895833333333333 0.07777777777777778
3 0.39765625 0.6967592592592593 0.03177083333333333 0.06944444444444445
3 0.4088541666666667 0.700925925925926 0.029166666666666667 0.05185185185185185
3 0.41692708333333334 0.6990740740740741 0.0234375 0.046296296296296294
3 0.49765625 0.7023148148148148 0.0078125 0.012037037037037037
3 0.4890625 0.7013888888888888 0.010416666666666666 0.01574074074074074
3 0.5341145833333333 0.7097222222222223 0.027604166666666666 0.03611111111111111
3 0.4276041666666667 0.700462962962963 0.01875 0.03425925925925926
5 0.44244791666666666 0.6925925925925925 0.015104166666666667 0.040740740740740744
3 0.43463541666666666 0.7032407407407407 0.013020833333333334 0.026851851851851852
3 0.4518229166666667 0.7013888888888888 0.011979166666666667 0.019444444444444445
3 0.45807291666666666 0.6990740740740741 0.013020833333333334 0.024074074074074074
1 0.63359375 0.7152777777777778 0.009895833333333333 0.049074074074074076
3 0.7434895833333334 0.7731481481481481 0.2203125 0.22962962962962963
3 0.83515625 0.7638888888888888 0.15989583333333332 0.1685185185185185
3 0.8854166666666666 0.7291666666666666 0.08333333333333333 0.0712962962962963
2 0.940625 0.750462962962963 0.036458333333333336 0.1175925925925926
1 0.9833333333333333 0.7282407407407407 0.010416666666666666 0.058333333333333334
