3 0.06848958333333334 0.6893518518518519 0.13697916666666668 0.19166666666666668
3 0.2375 0.662962962962963 0.10625 0.12222222222222222
3 0.30625 0.6597222222222222 0.07708333333333334 0.09537037037037037
3 0.3890625 0.6699074074074074 0.07291666666666667 0.08981481481481482
3 0.44479166666666664 0.6615740740740741 0.042708333333333334 0.06018518518518518
4 0.4778645833333333 0.6375 0.022395833333333334 0.05092592592592592
2 0.5200520833333333 0.6606481481481481 0.0109375 0.05092592592592592
4 0.5395833333333333 0.6393518518518518 0.035416666666666666 0.06574074074074074
4 0.6052083333333333 0.6203703703703703 0.115625 0.15185185185185185
4 0.6927083333333334 0.5782407407407407 0.24166666666666667 0.33055555555555555
4 0.8247395833333333 0.45416666666666666 0.34739583333333335 0.9083333333333333
