4 0.13645833333333332 0.612037037037037 0.121875 0.10925925925925926
4 0.24296875 0.611574074074074 0.050520833333333334 0.07314814814814814
3 0.32734375 0.6967592592592593 0.0921875 0.12685185185185185
3 0.31197916666666664 0.6194444444444445 0.014583333333333334 0.016666666666666666
3 0.45260416666666664 0.6236111111111111 0.03229166666666667 0.07314814814814814
3 0.48723958333333334 0.6157407407407407 0.019270833333333334 0.027777777777777776
4 0.48359375 0.5995370370370371 0.011979166666666667 0.026851851851851852
4 0.5020833333333333 0.5958333333333333 0.017708333333333333 0.04722222222222222
4 0.5291666666666667 0.6212962962962963 0.034375 0.06666666666666667
3 0.5994791666666667 0.788425925925926 0.20625 0.2916666666666667
