6 0.9809895833333333 0.7453703703703703 0.03802083333333333 0.16111111111111112
3 0.9184895833333333 0.7055555555555556 0.05260416666666667 0.037037037037037035
3 0.59140625 0.6944444444444444 0.06927083333333334 0.06666666666666667
3 0.48411458333333335 0.6958333333333333 0.019270833333333334 0.028703703703703703
3 0.46328125 0.6972222222222222 0.0296875 0.037037037037037035
4 0.43333333333333335 0.6800925925925926 0.009375 0.026851851851851852
3 0.42083333333333334 0.6925925925925925 0.01875 0.027777777777777776
3 0.4119791666666667 0.6847222222222222 0.010416666666666666 0.023148148148148147
3 0.39375 0.6842592592592592 0.014583333333333334 0.03333333333333333
3 0.3846354166666667 0.6884259259259259 0.022395833333333334 0.032407407407407406
3 0.35989583333333336 0.6902777777777778 0.05416666666666667 0.04537037037037037
4 0.22916666666666666 0.6092592592592593 0.26875 0.2833333333333333
