3 0.041666666666666664 0.6273148148148148 0.08333333333333333 0.10648148148148148
2 0.21744791666666666 0.6375 0.008854166666666666 0.05092592592592592
4 0.465625 0.6046296296296296 0.03229166666666667 0.07222222222222222
5 0.44036458333333334 0.6064814814814815 0.0421875 0.08703703703703704
3 0.40703125 0.6287037037037037 0.0171875 0.037037037037037035
3 0.3984375 0.6324074074074074 0.017708333333333333 0.03518518518518519
4 0.4127604166666667 0.6069444444444444 0.024479166666666666 0.049074074074074076
3 0.34453125 0.625462962962963 0.10364583333333334 0.09166666666666666
3 0.5635416666666667 0.6319444444444444 0.03229166666666667 0.03796296296296296
4 0.51875 0.6064814814814815 0.03333333333333333 0.07962962962962963
