1 0.07447916666666667 0.611574074074074 0.025 0.09907407407407408
1 0.09895833333333333 0.611574074074074 0.019791666666666666 0.10092592592592593
1 0.23098958333333333 0.6263888888888889 0.011979166666666667 0.06574074074074074
1 0.24296875 0.6287037037037037 0.011979166666666667 0.06666666666666667
1 0.24895833333333334 0.6291666666666667 0.009375 0.06388888888888888
1 0.28541666666666665 0.6402777777777777 0.0125 0.06388888888888888
1 0.2625 0.6324074074074074 0.0125 0.05740740740740741
1 0.27265625 0.6342592592592593 0.011979166666666667 0.06111111111111111
3 0.45234375 0.65 0.07135416666666666 0.12037037037037036
3 0.49895833333333334 0.6652777777777777 0.023958333333333335 0.03611111111111111
3 0.5416666666666666 0.6597222222222222 0.052083333333333336 0.07314814814814814
2 0.6153645833333333 0.6666666666666666 0.018229166666666668 0.06666666666666667
2 0.7536458333333333 0.6953703703703704 0.059375 0.16296296296296298
1 0.7697916666666667 0.6694444444444444 0.019791666666666666 0.10740740740740741
5 0.49661458333333336 0.6583333333333333 0.027604166666666666 0.046296296296296294
3 0.41380208333333335 0.663425925925926 0.015104166666666667 0.023148148148148147
2 0.38958333333333334 0.6625 0.009375 0.025
