3 0.5424479166666667 0.6643518518518519 0.0453125 0.032407407407407406
3 0.4984375 0.6736111111111112 0.042708333333333334 0.06574074074074074
5 0.44453125 0.6449074074074074 0.0359375 0.07314814814814814
3 0.4669270833333333 0.6601851851851852 0.0140625 0.020370370370370372
3 0.3953125 0.6541666666666667 0.042708333333333334 0.06759259259259259
1 0.3453125 0.6703703703703704 0.0125 0.05
3 0.21744791666666666 0.6615740740740741 0.05364583333333333 0.058333333333333334
3 0.17447916666666666 0.6620370370370371 0.06354166666666666 0.06851851851851852
3 0.13359375 0.6625 0.07239583333333334 0.0787037037037037
3 0.07005208333333333 0.662962962962963 0.09635416666666667 0.09259259259259259
