5 0.14453125 0.6222222222222222 0.13072916666666667 0.15185185185185185
1 0.07890625 0.6569444444444444 0.016145833333333335 0.08981481481481482
3 0.221875 0.6504629629629629 0.029166666666666667 0.03796296296296296
2 0.30052083333333335 0.6787037037037037 0.036458333333333336 0.13518518518518519
3 0.29270833333333335 0.6652777777777777 0.05416666666666667 0.08425925925925926
3 0.24088541666666666 0.6504629629629629 0.022395833333333334 0.03425925925925926
3 0.48098958333333336 0.7060185185185185 0.1359375 0.1638888888888889
3 0.4473958333333333 0.6763888888888889 0.08958333333333333 0.11944444444444445
3 0.41380208333333335 0.6726851851851852 0.04635416666666667 0.0712962962962963
3 0.39817708333333335 0.6689814814814815 0.04010416666666667 0.062037037037037036
3 0.39036458333333335 0.6657407407407407 0.03802083333333333 0.05185185185185185
3 0.3770833333333333 0.6592592592592592 0.028125 0.03888888888888889
3 0.33151041666666664 0.6504629629629629 0.0140625 0.017592592592592594
1 0.703125 0.6847222222222222 0.041666666666666664 0.18796296296296297
