3 0.15989583333333332 0.6754629629629629 0.090625 0.1175925925925926
3 0.20911458333333333 0.649074074074074 0.028645833333333332 0.044444444444444446
3 0.23671875 0.6449074074074074 0.022395833333333334 0.030555555555555555
3 0.25390625 0.6458333333333334 0.013020833333333334 0.021296296296296296
3 0.26484375 0.6425925925925926 0.011979166666666667 0.020370370370370372
2 0.35260416666666666 0.6800925925925926 0.0375 0.1712962962962963
2 0.4421875 0.6912037037037037 0.08125 0.17685185185185184
2 0.48125 0.6921296296296297 0.08333333333333333 0.19722222222222222
1 0.3919270833333333 0.6398148148148148 0.011979166666666667 0.05740740740740741
1 0.41171875 0.6717592592592593 0.019270833333333334 0.04351851851851852
1 0.3229166666666667 0.6356481481481482 0.004166666666666667 0.030555555555555555
3 0.3067708333333333 0.6388888888888888 0.009375 0.012962962962962963
