3 0.25833333333333336 0.6467592592592593 0.06145833333333333 0.06759259259259259
2 0.98203125 0.6717592592592593 0.0359375 0.1287037037037037
4 0.95625 0.612037037037037 0.08541666666666667 0.1037037037037037
3 0.7783854166666667 0.6518518518518519 0.0515625 0.05
3 0.74375 0.6513888888888889 0.042708333333333334 0.03796296296296296
3 0.7028645833333333 0.6453703703703704 0.0390625 0.03333333333333333
3 0.5177083333333333 0.6310185185185185 0.011458333333333333 0.023148148148148147
3 0.45651041666666664 0.6347222222222222 0.015104166666666667 0.023148148148148147
3 0.46901041666666665 0.6236111111111111 0.009895833333333333 0.021296296296296296
4 0.4903645833333333 0.6171296296296296 0.024479166666666666 0.05462962962962963
