1 0.04401041666666667 0.7069444444444445 0.0640625 0.23796296296296296
3 0.015104166666666667 0.637962962962963 0.030208333333333334 0.04814814814814815
2 0.08723958333333333 0.6425925925925926 0.028645833333333332 0.053703703703703705
2 0.12473958333333333 0.6467592592592593 0.033854166666666664 0.05092592592592592
3 0.3463541666666667 0.6773148148148148 0.17291666666666666 0.225
3 0.5401041666666667 0.6736111111111112 0.12708333333333333 0.13240740740740742
6 0.6221354166666667 0.675 0.0453125 0.08518518518518518
4 0.6833333333333333 0.6671296296296296 0.05 0.05462962962962963
1 0.7731770833333333 0.7083333333333334 0.0484375 0.17777777777777778
3 0.8489583333333334 0.6643518518518519 0.10208333333333333 0.08611111111111111
