2 0.665625 0.7347222222222223 0.10416666666666667 0.225
3 0.6252604166666667 0.7037037037037037 0.2557291666666667 0.15925925925925927
3 0.6986979166666667 0.649537037037037 0.1609375 0.11574074074074074
3 0.04296875 0.7824074074074074 0.08489583333333334 0.17037037037037037
3 0.038802083333333334 0.6865740740740741 0.07760416666666667 0.10833333333333334
4 0.084375 0.6143518518518518 0.14375 0.18981481481481483
4 0.1625 0.6180555555555556 0.08020833333333334 0.10277777777777777
3 0.20729166666666668 0.6023148148148149 0.027083333333333334 0.019444444444444445
3 0.23072916666666668 0.6 0.022916666666666665 0.020370370370370372
3 0.32369791666666664 0.600462962962963 0.019270833333333334 0.025
3 0.35989583333333336 0.6 0.01875 0.025925925925925925
4 0.25885416666666666 0.5879629629629629 0.01875 0.03888888888888889
4 0.28932291666666665 0.5851851851851851 0.0140625 0.02962962962962963
3 0.27395833333333336 0.5944444444444444 0.0125 0.016666666666666666
