3 0.03307291666666667 0.6476851851851851 0.06614583333333333 0.03981481481481482
4 0.21171875 0.6236111111111111 0.07760416666666667 0.10092592592592593
4 0.23776041666666667 0.6282407407407408 0.0609375 0.10092592592592593
4 0.2986979166666667 0.6287037037037037 0.044270833333333336 0.07962962962962963
2 0.30442708333333335 0.6893518518518519 0.10052083333333334 0.13796296296296295
3 0.33984375 0.6560185185185186 0.028645833333333332 0.041666666666666664
3 0.490625 0.725 0.12395833333333334 0.1814814814814815
3 0.5341145833333333 0.6722222222222223 0.050520833333333334 0.05925925925925926
3 0.5505208333333333 0.6615740740740741 0.026041666666666668 0.03981481481481482
3 0.65546875 0.6606481481481481 0.13802083333333334 0.25092592592592594
4 0.7440104166666667 0.6800925925925926 0.11927083333333334 0.15092592592592594
4 0.925 0.6157407407407407 0.14895833333333333 0.48518518518518516
