4 0.09791666666666667 0.2953703703703704 0.084375 0.07407407407407407
3 0.8690104166666667 0.8013888888888889 0.2630208333333333 0.3175925925925926
2 0.6716145833333333 0.7217592592592592 0.011979166666666667 0.04537037037037037
2 0.6484375 0.725 0.017708333333333333 0.03518518518518519
2 0.6229166666666667 0.7222222222222222 0.011458333333333333 0.046296296296296294
2 0.6033854166666667 0.7268518518518519 0.009895833333333333 0.03518518518518519
2 0.59453125 0.7245370370370371 0.0078125 0.032407407407407406
3 0.57265625 0.7319444444444444 0.043229166666666666 0.0712962962962963
3 0.49921875 0.7898148148148149 0.17447916666666666 0.2574074074074074
4 0.4002604166666667 0.6939814814814815 0.06510416666666667 0.14907407407407408
3 0.37786458333333334 0.7458333333333333 0.09010416666666667 0.10833333333333334
4 0.30416666666666664 0.6944444444444444 0.09583333333333334 0.16111111111111112
3 0.18411458333333333 0.7800925925925926 0.2421875 0.2490740740740741
3 0.04609375 0.7337962962962963 0.0921875 0.1398148148148148
