3 0.029947916666666668 0.6837962962962963 0.059895833333333336 0.19722222222222222
3 0.11223958333333334 0.6958333333333333 0.11927083333333334 0.125
3 0.19505208333333332 0.6907407407407408 0.07552083333333333 0.09259259259259259
3 0.23697916666666666 0.6851851851851852 0.059375 0.07962962962962963
3 0.27682291666666664 0.6763888888888889 0.04739583333333333 0.06759259259259259
3 0.3 0.6787037037037037 0.036458333333333336 0.05555555555555555
3 0.35234375 0.6666666666666666 0.05364583333333333 0.03518518518518519
3 0.4515625 0.6787037037037037 0.040625 0.053703703703703705
3 0.39036458333333335 0.6625 0.016145833333333335 0.021296296296296296
1 0.9221354166666667 0.6689814814814815 0.0296875 0.14166666666666666
3 0.7145833333333333 0.7384259259259259 0.359375 0.48055555555555557
