2 0.7122395833333334 0.6662037037037037 0.0234375 0.0824074074074074
3 0.64140625 0.6657407407407407 0.11614583333333334 0.18703703703703703
3 0.5028645833333333 0.7324074074074074 0.19114583333333332 0.29074074074074074
4 0.34375 0.5578703703703703 0.17083333333333334 0.35833333333333334
2 0.24661458333333333 0.6439814814814815 0.011979166666666667 0.049074074074074076
1 0.2125 0.6407407407407407 0.00625 0.037037037037037035
1 0.20104166666666667 0.6407407407407407 0.00625 0.037037037037037035
1 0.19583333333333333 0.6430555555555556 0.005208333333333333 0.032407407407407406
1 0.1765625 0.6476851851851851 0.00625 0.041666666666666664
1 0.13723958333333333 0.6481481481481481 0.008854166666666666 0.053703703703703705
1 0.12604166666666666 0.6458333333333334 0.011458333333333333 0.05462962962962963
2 0.1078125 0.6606481481481481 0.03125 0.062037037037037036
2 0.09635416666666667 0.65 0.014583333333333334 0.06111111111111111
1 0.05130208333333333 0.6555555555555556 0.0171875 0.08148148148148149
