1 0.02421875 0.6393518518518518 0.034895833333333334 0.10833333333333334
3 0.21276041666666667 0.6763888888888889 0.21614583333333334 0.25092592592592594
2 0.328125 0.6532407407407408 0.05625 0.11944444444444445
5 0.33541666666666664 0.6134259259259259 0.04895833333333333 0.05648148148148148
3 0.35546875 0.625 0.0234375 0.027777777777777776
3 0.37109375 0.6273148148148148 0.019270833333333334 0.021296296296296296
3 0.37994791666666666 0.625 0.016145833333333335 0.024074074074074074
5 0.5018229166666667 0.6217592592592592 0.0140625 0.030555555555555555
2 0.6197916666666666 0.6652777777777777 0.025 0.09351851851851851
1 0.68125 0.6449074074074074 0.008333333333333333 0.03981481481481482
1 0.7002604166666667 0.6481481481481481 0.0078125 0.024074074074074074
1 0.7072916666666667 0.6449074074074074 0.008333333333333333 0.03981481481481482
2 0.7434895833333334 0.6712962962962963 0.022395833333333334 0.08148148148148149
