3 0.44609375 0.6898148148148148 0.0921875 0.1648148148148148
3 0.49505208333333334 0.6754629629629629 0.04114583333333333 0.0787037037037037
1 0.10989583333333333 0.6736111111111112 0.010416666666666666 0.041666666666666664
3 0.13828125 0.6884259259259259 0.10052083333333334 0.08055555555555556
2 0.28489583333333335 0.6689814814814815 0.0125 0.03425925925925926
3 0.32526041666666666 0.674537037037037 0.04635416666666667 0.04722222222222222
3 0.39765625 0.6699074074074074 0.021354166666666667 0.03425925925925926
3 0.5677083333333334 0.6680555555555555 0.04895833333333333 0.06018518518518518
2 0.6153645833333333 0.6875 0.0171875 0.06018518518518518
3 0.7575520833333333 0.6620370370370371 0.044270833333333336 0.037037037037037035
