1 0.0203125 0.6921296296296297 0.010416666666666666 0.058333333333333334
1 0.06067708333333333 0.6842592592592592 0.0078125 0.025925925925925925
1 0.10416666666666667 0.6865740740740741 0.015625 0.049074074074074076
1 0.12552083333333333 0.6814814814814815 0.00625 0.02962962962962963
3 0.16614583333333333 0.6824074074074075 0.016666666666666666 0.022222222222222223
5 0.17213541666666668 0.6736111111111112 0.021354166666666667 0.03981481481481482
3 0.19895833333333332 0.6805555555555556 0.016666666666666666 0.025925925925925925
4 0.20807291666666666 0.675 0.015104166666666667 0.037037037037037035
3 0.22760416666666666 0.6805555555555556 0.017708333333333333 0.024074074074074074
3 0.2708333333333333 0.7 0.06979166666666667 0.10185185185185185
4 0.29739583333333336 0.6402777777777777 0.07604166666666666 0.18611111111111112
3 0.3484375 0.6777777777777778 0.0375 0.027777777777777776
3 0.3880208333333333 0.6884259259259259 0.06145833333333333 0.08981481481481482
3 0.48203125 0.6699074074074074 0.0515625 0.03611111111111111
1 0.5848958333333333 0.6736111111111112 0.010416666666666666 0.04351851851851852
1 0.6755208333333333 0.6782407407407407 0.007291666666666667 0.04537037037037037
1 0.6552083333333333 0.6722222222222223 0.0125 0.044444444444444446
1 0.7 0.6763888888888889 0.0125 0.049074074074074076
1 0.7138020833333333 0.6759259259259259 0.0140625 0.06296296296296296
1 0.7388020833333333 0.6787037037037037 0.013020833333333334 0.06851851851851852
