3 0.17447916666666666 0.7134259259259259 0.278125 0.2712962962962963
2 0.9674479166666666 0.7180555555555556 0.0453125 0.1527777777777778
2 0.9270833333333334 0.7148148148148148 0.034375 0.12222222222222222
2 0.74375 0.6837962962962963 0.025 0.08796296296296297
2 0.7010416666666667 0.6643518518518519 0.014583333333333334 0.06388888888888888
3 0.5606770833333333 0.6527777777777778 0.0421875 0.05925925925925926
3 0.528125 0.6356481481481482 0.017708333333333333 0.028703703703703703
3 0.5046875 0.6037037037037037 0.03229166666666667 0.06481481481481481
4 0.5072916666666667 0.6337962962962963 0.042708333333333334 0.06944444444444445
3 0.47994791666666664 0.6356481481481482 0.008854166666666666 0.012037037037037037
