2 0.8177083333333334 0.6828703703703703 0.06875 0.11388888888888889
3 0.8302083333333333 0.6625 0.06666666666666667 0.08981481481481482
3 0.7049479166666667 0.6601851851851852 0.04114583333333333 0.037037037037037035
1 0.6703125 0.6620370370370371 0.007291666666666667 0.03333333333333333
3 0.58828125 0.6722222222222223 0.0640625 0.1
3 0.5661458333333333 0.6643518518518519 0.026041666666666668 0.03981481481481482
3 0.509375 0.6606481481481481 0.020833333333333332 0.041666666666666664
3 0.4828125 0.6652777777777777 0.008333333333333333 0.012037037037037037
3 0.29739583333333336 0.6671296296296296 0.030208333333333334 0.04537037037037037
2 0.38958333333333334 0.6717592592592593 0.00625 0.023148148148148147
