3 0.15182291666666667 0.7435185185185185 0.3046875 0.30925925925925923
3 0.42682291666666666 0.6782407407407407 0.11302083333333333 0.14351851851851852
3 0.96640625 0.7162037037037037 0.0671875 0.24166666666666667
3 0.8966145833333333 0.7023148148148148 0.13072916666666667 0.1398148148148148
3 0.8388020833333333 0.6773148148148148 0.0828125 0.13055555555555556
3 0.78359375 0.6754629629629629 0.04010416666666667 0.06388888888888888
3 0.77421875 0.6666666666666666 0.034895833333333334 0.05555555555555555
3 0.7455729166666667 0.6541666666666667 0.0171875 0.019444444444444445
2 0.5315104166666667 0.6550925925925926 0.0171875 0.05462962962962963
1 0.5450520833333333 0.6527777777777778 0.0078125 0.03148148148148148
