2 0.04739583333333333 0.6402777777777777 0.016666666666666666 0.04722222222222222
2 0.11614583333333334 0.6402777777777777 0.0125 0.04537037037037037
2 0.09661458333333334 0.6425925925925926 0.011979166666666667 0.037037037037037035
2 0.17473958333333334 0.6509259259259259 0.018229166666666668 0.05740740740740741
3 0.3515625 0.674074074074074 0.08958333333333333 0.12037037037037036
3 0.41015625 0.6643518518518519 0.049479166666666664 0.07314814814814814
3 0.4309895833333333 0.6601851851851852 0.0296875 0.05
4 0.4505208333333333 0.6305555555555555 0.029166666666666667 0.07592592592592592
4 0.47734375 0.6375 0.0203125 0.05277777777777778
3 0.4984375 0.6685185185185185 0.05416666666666667 0.08888888888888889
2 0.5997395833333333 0.674074074074074 0.019270833333333334 0.05925925925925926
2 0.58359375 0.6694444444444444 0.016145833333333335 0.05555555555555555
3 0.6075520833333333 0.6666666666666666 0.04635416666666667 0.044444444444444446
2 0.7020833333333333 0.6907407407407408 0.01875 0.07407407407407407
2 0.7255208333333333 0.6976851851851852 0.03333333333333333 0.10092592592592593
2 0.8369791666666667 0.7101851851851851 0.04375 0.15
