3 0.9 0.6712962962962963 0.11458333333333333 0.09074074074074075
3 0.9854166666666667 0.6527777777777778 0.029166666666666667 0.07222222222222222
2 0.7630208333333334 0.6768518518518518 0.026041666666666668 0.08703703703703704
3 0.6408854166666667 0.674074074074074 0.09947916666666666 0.07037037037037037
5 0.19088541666666667 0.5800925925925926 0.20677083333333332 0.25833333333333336
4 0.1015625 0.6194444444444445 0.16354166666666667 0.1925925925925926
3 0.3223958333333333 0.6546296296296297 0.0375 0.04259259259259259
3 0.37786458333333334 0.6657407407407407 0.0671875 0.09814814814814815
3 0.4453125 0.6587962962962963 0.03958333333333333 0.05462962962962963
3 0.4708333333333333 0.6532407407407408 0.017708333333333333 0.023148148148148147
4 0.5026041666666666 0.6476851851851851 0.028125 0.04722222222222222
5 0.5046875 0.6319444444444444 0.023958333333333335 0.05648148148148148
3 0.5177083333333333 0.6509259259259259 0.010416666666666666 0.016666666666666666
