3 0.4669270833333333 0.762962962962963 0.28802083333333334 0.40370370370370373
3 0.2794270833333333 0.6300925925925925 0.04010416666666667 0.03796296296296296
3 0.22734375 0.6430555555555556 0.06614583333333333 0.03611111111111111
3 0.17239583333333333 0.6421296296296296 0.05416666666666667 0.03425925925925926
6 0.18984375 0.6449074074074074 0.0234375 0.062037037037037036
3 0.11979166666666667 0.6439814814814815 0.041666666666666664 0.03981481481481482
3 0.09661458333333334 0.6449074074074074 0.0640625 0.04537037037037037
3 0.0640625 0.6481481481481481 0.05520833333333333 0.046296296296296294
2 0.05234375 0.6680555555555555 0.034895833333333334 0.09351851851851851
3 0.025260416666666667 0.6513888888888889 0.050520833333333334 0.04351851851851852
3 0.6677083333333333 0.6300925925925925 0.036458333333333336 0.028703703703703703
3 0.63671875 0.6268518518518519 0.028645833333333332 0.020370370370370372
2 0.6369791666666667 0.6287037037037037 0.009375 0.03333333333333333
3 0.73828125 0.675 0.1484375 0.16666666666666666
2 0.8807291666666667 0.6486111111111111 0.03229166666666667 0.10092592592592593
2 0.22369791666666666 0.6476851851851851 0.021354166666666667 0.062037037037037036
