4 0.07604166666666666 0.6231481481481481 0.15208333333333332 0.24259259259259258
3 0.2677083333333333 0.663425925925926 0.030208333333333334 0.032407407407407406
1 0.30182291666666666 0.6638888888888889 0.008854166666666666 0.05
3 0.22473958333333333 0.6597222222222222 0.03177083333333333 0.03425925925925926
3 0.34661458333333334 0.6587962962962963 0.03177083333333333 0.023148148148148147
3 0.34453125 0.6513888888888889 0.0359375 0.03425925925925926
3 0.39765625 0.6569444444444444 0.0234375 0.017592592592592594
3 0.4348958333333333 0.6620370370370371 0.029166666666666667 0.03888888888888889
3 0.47630208333333335 0.6625 0.022395833333333334 0.028703703703703703
3 0.5166666666666667 0.6680555555555555 0.03333333333333333 0.05462962962962963
3 0.53359375 0.6652777777777777 0.0171875 0.023148148148148147
3 0.5635416666666667 0.6888888888888889 0.058333333333333334 0.08888888888888889
3 0.6419270833333334 0.663425925925926 0.0546875 0.09907407407407408
5 0.7796875 0.6148148148148148 0.28958333333333336 0.3851851851851852
1 0.9322916666666666 0.7087962962962963 0.021875 0.06944444444444445
1 0.9471354166666667 0.6990740740740741 0.024479166666666666 0.11481481481481481
