5 0.8395833333333333 0.6722222222222223 0.32083333333333336 0.4148148148148148
3 0.03854166666666667 0.7402777777777778 0.07604166666666666 0.15462962962962962
3 0.18515625 0.7300925925925926 0.0609375 0.07685185185185185
3 0.21067708333333332 0.7375 0.08385416666666666 0.08425925925925926
3 0.25859375 0.7300925925925926 0.0421875 0.05277777777777778
5 0.30130208333333336 0.7148148148148148 0.03802083333333333 0.053703703703703705
3 0.3109375 0.7282407407407407 0.021875 0.032407407407407406
3 0.3229166666666667 0.725925925925926 0.01875 0.03148148148148148
3 0.3416666666666667 0.7310185185185185 0.026041666666666668 0.03611111111111111
3 0.36953125 0.7430555555555556 0.058854166666666666 0.0787037037037037
3 0.40234375 0.7273148148148149 0.0140625 0.021296296296296296
5 0.40078125 0.7152777777777778 0.0171875 0.03611111111111111
3 0.4203125 0.7277777777777777 0.0125 0.014814814814814815
3 0.45078125 0.7268518518518519 0.009895833333333333 0.016666666666666666
5 0.44895833333333335 0.7203703703703703 0.011458333333333333 0.020370370370370372
5 0.46848958333333335 0.7208333333333333 0.016145833333333335 0.03425925925925926
