3 0.16927083333333334 0.7527777777777778 0.3385416666666667 0.39444444444444443
5 0.16015625 0.5375 0.31927083333333334 0.4898148148148148
3 0.30182291666666666 0.6638888888888889 0.0609375 0.06851851851851852
3 0.4203125 0.6615740740740741 0.075 0.06759259259259259
3 0.503125 0.674537037037037 0.10625 0.1398148148148148
5 0.5559895833333334 0.6361111111111111 0.0328125 0.06666666666666667
3 0.5833333333333334 0.6680555555555555 0.053125 0.07314814814814814
3 0.6114583333333333 0.6638888888888889 0.028125 0.05
3 0.6411458333333333 0.6787037037037037 0.06041666666666667 0.08518518518518518
4 0.6364583333333333 0.6282407407407408 0.036458333333333336 0.08611111111111111
3 0.66796875 0.6708333333333333 0.0296875 0.05092592592592592
4 0.68125 0.6412037037037037 0.019791666666666666 0.05092592592592592
