3 0.054947916666666666 0.6796296296296296 0.10885416666666667 0.13518518518518519
2 0.1859375 0.6722222222222223 0.04375 0.13148148148148148
3 0.15104166666666666 0.663425925925926 0.10208333333333333 0.11018518518518519
3 0.22994791666666667 0.6523148148148148 0.06927083333333334 0.08981481481481482
3 0.27786458333333336 0.6555555555555556 0.05677083333333333 0.06666666666666667
3 0.30755208333333334 0.6537037037037037 0.0390625 0.053703703703703705
2 0.33671875 0.6555555555555556 0.021354166666666667 0.07962962962962963
3 0.34817708333333336 0.6504629629629629 0.0328125 0.04351851851851852
2 0.4088541666666667 0.6416666666666667 0.010416666666666666 0.044444444444444446
2 0.425 0.6439814814814815 0.009375 0.03796296296296296
3 0.45078125 0.6481481481481481 0.033854166666666664 0.04259259259259259
3 0.40729166666666666 0.6435185185185185 0.023958333333333335 0.02962962962962963
3 0.49557291666666664 0.6402777777777777 0.009895833333333333 0.012037037037037037
4 0.5515625 0.6305555555555555 0.028125 0.06481481481481481
3 0.5791666666666667 0.6541666666666667 0.06979166666666667 0.041666666666666664
