3 0.48072916666666665 0.7625 0.096875 0.14722222222222223
3 0.42291666666666666 0.7226851851851852 0.017708333333333333 0.028703703703703703
3 0.41380208333333335 0.7245370370370371 0.016145833333333335 0.03425925925925926
3 0.4041666666666667 0.725925925925926 0.019791666666666666 0.037037037037037035
3 0.3815104166666667 0.7240740740740741 0.03802083333333333 0.05185185185185185
3 0.34348958333333335 0.7268518518518519 0.05364583333333333 0.07222222222222222
3 0.30703125 0.7388888888888889 0.0515625 0.07407407407407407
3 0.27239583333333334 0.7402777777777778 0.07916666666666666 0.10092592592592593
3 0.16901041666666666 0.7356481481481482 0.12447916666666667 0.17314814814814813
3 0.07734375 0.7648148148148148 0.15260416666666668 0.1962962962962963
