1 0.053125 0.6583333333333333 0.013541666666666667 0.07037037037037037
1 0.0953125 0.6759259259259259 0.01875 0.09444444444444444
1 0.24036458333333333 0.6787037037037037 0.011979166666666667 0.08518518518518518
3 0.29921875 0.687037037037037 0.0703125 0.07222222222222222
3 0.38177083333333334 0.6939814814814815 0.10104166666666667 0.125
2 0.43984375 0.6833333333333333 0.018229166666666668 0.06111111111111111
3 0.46848958333333335 0.6708333333333333 0.0140625 0.028703703703703703
3 0.5213541666666667 0.6768518518518518 0.015625 0.022222222222222223
3 0.5328125 0.6810185185185185 0.022916666666666665 0.032407407407407406
3 0.5510416666666667 0.6842592592592592 0.03125 0.04259259259259259
2 0.5877604166666667 0.6907407407407408 0.0203125 0.06851851851851852
3 0.89140625 0.7902777777777777 0.21510416666666668 0.41759259259259257
3 0.353125 0.6833333333333333 0.05625 0.07407407407407407
