1 0.8822916666666667 0.7430555555555556 0.034375 0.10462962962962963
1 0.8533854166666667 0.7087962962962963 0.034895833333333334 0.18055555555555555
1 0.8044270833333333 0.6902777777777778 0.0265625 0.12314814814814815
3 0.665625 0.7078703703703704 0.13229166666666667 0.175
3 0.5453125 0.6680555555555555 0.028125 0.041666666666666664
1 0.5046875 0.6643518518518519 0.007291666666666667 0.04722222222222222
5 0.4578125 0.637962962962963 0.10208333333333333 0.053703703703703705
1 0.4505208333333333 0.6541666666666667 0.00625 0.03425925925925926
3 0.4203125 0.6666666666666666 0.04583333333333333 0.06111111111111111
5 0.22317708333333333 0.6300925925925925 0.2796875 0.38425925925925924
