3 0.9356770833333333 0.6597222222222222 0.08697916666666666 0.06944444444444445
3 0.684375 0.6884259259259259 0.15416666666666667 0.1824074074074074
2 0.16588541666666667 0.6481481481481481 0.028645833333333332 0.06851851851851852
2 0.19088541666666667 0.6375 0.0234375 0.049074074074074076
1 0.25078125 0.6342592592592593 0.0078125 0.04259259259259259
5 0.296875 0.6055555555555555 0.078125 0.1425925925925926
3 0.4283854166666667 0.7324074074074074 0.2921875 0.47962962962962963
3 0.59140625 0.6527777777777778 0.05260416666666667 0.08333333333333333
3 0.9484375 0.8087962962962963 0.103125 0.38055555555555554
3 0.61796875 0.6407407407407407 0.0390625 0.05925925925925926
