4 0.17734375 0.500462962962963 0.3536458333333333 0.9990740740740741
4 0.47421875 0.5212962962962963 0.1671875 0.4351851851851852
2 0.6080729166666666 0.6324074074074074 0.0578125 0.1111111111111111
2 0.64140625 0.6050925925925926 0.021354166666666667 0.06388888888888888
2 0.6880208333333333 0.6129629629629629 0.03333333333333333 0.08703703703703704
2 0.7236979166666667 0.5814814814814815 0.03177083333333333 0.06481481481481481
1 0.7520833333333333 0.5879629629629629 0.011458333333333333 0.07222222222222222
1 0.7674479166666667 0.587037037037037 0.0140625 0.07592592592592592
2 0.80703125 0.6291666666666667 0.0484375 0.10833333333333334
1 0.86015625 0.638425925925926 0.021354166666666667 0.11018518518518519
2 0.8606770833333334 0.6393518518518518 0.0515625 0.125
1 0.79609375 0.5805555555555556 0.016145833333333335 0.08148148148148149
2 0.6708333333333333 0.6064814814814815 0.026041666666666668 0.07592592592592592
3 0.8171875 0.5833333333333334 0.08958333333333333 0.06666666666666667
