3 0.2721354166666667 0.6791666666666667 0.044270833333333336 0.04722222222222222
3 0.2984375 0.675 0.027083333333333334 0.03888888888888889
3 0.32760416666666664 0.6685185185185185 0.040625 0.06111111111111111
3 0.36354166666666665 0.6708333333333333 0.03125 0.041666666666666664
3 0.37786458333333334 0.6666666666666666 0.025520833333333333 0.037037037037037035
3 0.41510416666666666 0.6662037037037037 0.019791666666666666 0.021296296296296296
4 0.47682291666666665 0.6518518518518519 0.0109375 0.016666666666666666
3 0.4669270833333333 0.6601851851851852 0.0078125 0.012962962962962963
2 0.6216145833333333 0.6722222222222223 0.013020833333333334 0.044444444444444446
3 0.7354166666666667 0.6569444444444444 0.06041666666666667 0.04722222222222222
3 0.778125 0.6569444444444444 0.071875 0.05648148148148148
3 0.8328125 0.6527777777777778 0.08958333333333333 0.06481481481481481
3 0.9018229166666667 0.6472222222222223 0.08802083333333334 0.05740740740740741
3 0.9419270833333333 0.6412037037037037 0.0765625 0.05092592592592592
