2 0.6947916666666667 0.6643518518518519 0.016666666666666666 0.049074074074074076
3 0.5197916666666667 0.6518518518518519 0.027083333333333334 0.04814814814814815
3 0.48932291666666666 0.6319444444444444 0.008854166666666666 0.012037037037037037
3 0.47265625 0.6291666666666667 0.0078125 0.012037037037037037
3 0.46953125 0.6324074074074074 0.008854166666666666 0.012962962962962963
3 0.4596354166666667 0.6393518518518518 0.015104166666666667 0.021296296296296296
3 0.4432291666666667 0.6416666666666667 0.015625 0.024074074074074074
3 0.36354166666666665 0.6430555555555556 0.019791666666666666 0.03611111111111111
3 0.33697916666666666 0.6583333333333333 0.04375 0.05
2 0.25625 0.6513888888888889 0.0125 0.03981481481481482
3 0.10338541666666666 0.65 0.07447916666666667 0.05555555555555555
3 0.078125 0.6416666666666667 0.06458333333333334 0.04814814814814815
1 0.034375 0.6606481481481481 0.01875 0.10462962962962963
