1 0.02109375 0.7083333333333334 0.0453125 0.31296296296296294
5 0.047135416666666666 0.638425925925926 0.09322916666666667 0.14907407407407408
3 0.03697916666666667 0.6763888888888889 0.075 0.09907407407407408
3 0.37135416666666665 0.6699074074074074 0.19895833333333332 0.1287037037037037
3 0.48828125 0.6601851851851852 0.027604166666666666 0.03148148148148148
3 0.6768229166666667 0.6638888888888889 0.15885416666666666 0.11666666666666667
3 0.6177083333333333 0.6712962962962963 0.12083333333333333 0.08148148148148149
1 0.7692708333333333 0.675 0.0125 0.06111111111111111
2 0.8143229166666667 0.6847222222222222 0.03802083333333333 0.05277777777777778
2 0.9661458333333334 0.6912037037037037 0.06770833333333333 0.1527777777777778
