2 0.17734375 0.6398148148148148 0.024479166666666666 0.06851851851851852
3 0.196875 0.6037037037037037 0.06041666666666667 0.046296296296296294
3 0.2643229166666667 0.6523148148148148 0.08385416666666666 0.10833333333333334
3 0.32786458333333335 0.600462962962963 0.044270833333333336 0.028703703703703703
3 0.4140625 0.5962962962962963 0.026041666666666668 0.022222222222222223
3 0.4328125 0.5888888888888889 0.0125 0.020370370370370372
3 0.4471354166666667 0.600462962962963 0.0203125 0.030555555555555555
3 0.45859375 0.5879629629629629 0.011979166666666667 0.020370370370370372
4 0.4661458333333333 0.5763888888888888 0.010416666666666666 0.023148148148148147
4 0.4856770833333333 0.5777777777777777 0.009895833333333333 0.020370370370370372
1 0.82265625 0.6513888888888889 0.0171875 0.08055555555555556
