3 0.9182291666666667 0.6564814814814814 0.051041666666666666 0.03888888888888889
1 0.8877604166666667 0.662962962962963 0.011979166666666667 0.05185185185185185
3 0.8158854166666667 0.6569444444444444 0.0390625 0.03611111111111111
2 0.8309895833333333 0.6611111111111111 0.015104166666666667 0.03888888888888889
2 0.6255208333333333 0.6699074074074074 0.019791666666666666 0.05462962962962963
2 0.61015625 0.6689814814814815 0.0109375 0.05277777777777778
2 0.5908854166666667 0.6689814814814815 0.013020833333333334 0.04537037037037037
2 0.5765625 0.6666666666666666 0.0125 0.04814814814814815
3 0.5216145833333333 0.6569444444444444 0.034895833333333334 0.03796296296296296
3 0.48125 0.6453703703703704 0.07604166666666666 0.17037037037037037
5 0.4359375 0.6453703703703704 0.030208333333333334 0.05185185185185185
3 0.3919270833333333 0.6759259259259259 0.0515625 0.08148148148148149
3 0.3575520833333333 0.6856481481481481 0.08072916666666667 0.10833333333333334
3 0.31223958333333335 0.7046296296296296 0.11302083333333333 0.1574074074074074
3 0.15078125 0.6884259259259259 0.3026041666666667 0.4583333333333333
4 0.4114583333333333 0.6416666666666667 0.022916666666666665 0.05740740740740741
