3 0.028125 0.6097222222222223 0.05625 0.05648148148148148
2 0.14375 0.6087962962962963 0.022916666666666665 0.05277777777777778
2 0.19088541666666667 0.6083333333333333 0.0203125 0.046296296296296294
2 0.24817708333333333 0.6078703703703704 0.024479166666666666 0.05092592592592592
2 0.22005208333333334 0.6064814814814815 0.022395833333333334 0.04814814814814815
1 0.2755208333333333 0.5995370370370371 0.015625 0.09166666666666666
3 0.3421875 0.6069444444444444 0.051041666666666666 0.04351851851851852
3 0.39088541666666665 0.6078703703703704 0.04739583333333333 0.041666666666666664
4 0.4395833333333333 0.5851851851851851 0.06041666666666667 0.09259259259259259
3 0.48463541666666665 0.6060185185185185 0.034895833333333334 0.041666666666666664
3 0.5078125 0.6041666666666666 0.025 0.032407407407407406
3 0.5203125 0.5995370370370371 0.019791666666666666 0.026851851851851852
3 0.5377604166666666 0.5981481481481481 0.025520833333333333 0.02962962962962963
2 0.48854166666666665 0.6106481481481482 0.042708333333333334 0.062037037037037036
3 0.55234375 0.5990740740740741 0.0171875 0.022222222222222223
3 0.56875 0.6050925925925926 0.028125 0.032407407407407406
3 0.61953125 0.6027777777777777 0.013020833333333334 0.020370370370370372
2 0.7518229166666667 0.6652777777777777 0.0703125 0.20833333333333334
2 0.8552083333333333 0.6754629629629629 0.08854166666666667 0.24351851851851852
2 0.9015625 0.6546296296296297 0.06041666666666667 0.24444444444444444
