3 0.5669270833333333 0.7671296296296296 0.1046875 0.13055555555555556
3 0.5197916666666667 0.7388888888888889 0.06041666666666667 0.09444444444444444
3 0.48776041666666664 0.7305555555555555 0.027604166666666666 0.05740740740740741
4 0.47109375 0.7231481481481481 0.021354166666666667 0.044444444444444446
3 0.459375 0.7273148148148149 0.011458333333333333 0.021296296296296296
3 0.4354166666666667 0.7240740740740741 0.017708333333333333 0.03333333333333333
3 0.4205729166666667 0.7273148148148149 0.024479166666666666 0.032407407407407406
3 0.4005208333333333 0.7236111111111111 0.019791666666666666 0.028703703703703703
3 0.3770833333333333 0.7217592592592592 0.029166666666666667 0.04351851851851852
2 0.3424479166666667 0.725 0.0078125 0.027777777777777776
2 0.2734375 0.7263888888888889 0.011458333333333333 0.041666666666666664
