3 0.03671875 0.7296296296296296 0.07447916666666667 0.34629629629629627
2 0.06041666666666667 0.6226851851851852 0.042708333333333334 0.0712962962962963
1 0.11015625 0.6282407407407408 0.0328125 0.10092592592592593
2 0.13567708333333334 0.6310185185185185 0.0203125 0.09351851851851851
2 0.15703125 0.6504629629629629 0.043229166666666666 0.14537037037037037
2 0.18072916666666666 0.6259259259259259 0.04479166666666667 0.08333333333333333
2 0.21510416666666668 0.6064814814814815 0.020833333333333332 0.04814814814814815
2 0.225 0.6129629629629629 0.014583333333333334 0.05555555555555555
2 0.28177083333333336 0.6300925925925925 0.021875 0.08796296296296297
3 0.35208333333333336 0.6199074074074075 0.041666666666666664 0.062037037037037036
2 0.3182291666666667 0.6134259259259259 0.008333333333333333 0.03425925925925926
3 0.43463541666666666 0.6458333333333334 0.09635416666666667 0.15648148148148147
2 0.578125 0.6268518518518519 0.025 0.09444444444444444
2 0.6510416666666666 0.6291666666666667 0.021875 0.075
2 0.5934895833333333 0.612037037037037 0.018229166666666668 0.05740740740740741
3 0.7348958333333333 0.611574074074074 0.08020833333333334 0.049074074074074076
4 0.8153645833333333 0.6046296296296296 0.09010416666666667 0.05925925925925926
2 0.196875 0.6171296296296296 0.014583333333333334 0.05648148148148148
