3 0.7770833333333333 0.8476851851851852 0.3020833333333333 0.2953703703703704
5 0.7197916666666667 0.7226851851851852 0.20729166666666668 0.23425925925925925
3 0.6171875 0.7856481481481481 0.11666666666666667 0.14351851851851852
3 0.5609375 0.7671296296296296 0.07083333333333333 0.09907407407407408
4 0.53671875 0.7361111111111112 0.059895833333333336 0.11296296296296296
3 0.51015625 0.7509259259259259 0.0328125 0.05925925925925926
4 0.5 0.7106481481481481 0.0625 0.11944444444444445
3 0.434375 0.7407407407407407 0.034375 0.05555555555555555
4 0.47630208333333335 0.7194444444444444 0.06822916666666666 0.053703703703703705
1 0.41458333333333336 0.7333333333333333 0.010416666666666666 0.04259259259259259
2 0.39739583333333334 0.7277777777777777 0.015625 0.037037037037037035
1 0.3880208333333333 0.7310185185185185 0.005208333333333333 0.03981481481481482
1 0.37265625 0.7300925925925926 0.008854166666666666 0.041666666666666664
1 0.35963541666666665 0.7287037037037037 0.009895833333333333 0.04259259259259259
1 0.3484375 0.7277777777777777 0.008333333333333333 0.044444444444444446
3 0.32864583333333336 0.7222222222222222 0.042708333333333334 0.03518518518518519
1 0.3015625 0.7245370370370371 0.008333333333333333 0.04537037037037037
4 0.21276041666666667 0.6916666666666667 0.14947916666666666 0.08333333333333333
3 0.15833333333333333 0.7013888888888888 0.03854166666666667 0.032407407407407406
3 0.09895833333333333 0.6958333333333333 0.04479166666666667 0.03796296296296296
