3 0.059375 0.7143518518518519 0.08854166666666667 0.06574074074074074
1 0.17213541666666668 0.7291666666666666 0.0109375 0.06388888888888888
1 0.1859375 0.7023148148148148 0.009375 0.05277777777777778
2 0.2513020833333333 0.7138888888888889 0.0171875 0.06666666666666667
3 0.353125 0.7106481481481481 0.034375 0.058333333333333334
4 0.4278645833333333 0.6462962962962963 0.16822916666666668 0.43148148148148147
3 0.5044270833333333 0.7171296296296297 0.06510416666666667 0.04537037037037037
1 0.5755208333333334 0.7069444444444445 0.011458333333333333 0.058333333333333334
2 0.5875 0.725925925925926 0.021875 0.1037037037037037
3 0.71796875 0.7166666666666667 0.09739583333333333 0.07407407407407407
3 0.8046875 0.7101851851851851 0.08645833333333333 0.06296296296296296
2 0.32473958333333336 0.7083333333333334 0.008854166666666666 0.044444444444444446
