3 0.020833333333333332 0.6125 0.041666666666666664 0.030555555555555555
3 0.05260416666666667 0.6097222222222223 0.036458333333333336 0.026851851851851852
5 0.1328125 0.6018518518518519 0.11041666666666666 0.06666666666666667
3 0.2390625 0.6199074074074075 0.035416666666666666 0.03425925925925926
2 0.18932291666666667 0.6217592592592592 0.016145833333333335 0.025
3 0.27265625 0.6365740740740741 0.0734375 0.0787037037037037
3 0.31223958333333335 0.625462962962963 0.050520833333333334 0.07314814814814814
3 0.353125 0.6263888888888889 0.011458333333333333 0.019444444444444445
3 0.3763020833333333 0.6263888888888889 0.0453125 0.028703703703703703
3 0.4705729166666667 0.6333333333333333 0.0484375 0.027777777777777776
3 0.540625 0.6365740740740741 0.04479166666666667 0.028703703703703703
3 0.83125 0.6773148148148148 0.18333333333333332 0.10648148148148148
1 0.7276041666666667 0.6472222222222223 0.008333333333333333 0.040740740740740744
1 0.73515625 0.6398148148148148 0.0067708333333333336 0.046296296296296294
4 0.87265625 0.6259259259259259 0.17760416666666667 0.14629629629629629
