3 0.07161458333333333 0.7967592592592593 0.14322916666666666 0.3194444444444444
2 0.15208333333333332 0.7379629629629629 0.03125 0.09814814814814815
3 0.22994791666666667 0.7462962962962963 0.11302083333333333 0.12222222222222222
2 0.27786458333333336 0.725925925925926 0.018229166666666668 0.05740740740740741
3 0.3059895833333333 0.7203703703703703 0.011979166666666667 0.04259259259259259
3 0.32786458333333335 0.7356481481481482 0.043229166666666666 0.06759259259259259
4 0.41328125 0.6546296296296297 0.19114583333333332 0.47962962962962963
1 0.6075520833333333 0.7152777777777778 0.015104166666666667 0.06574074074074074
1 0.6322916666666667 0.7194444444444444 0.015625 0.07592592592592592
1 0.6544270833333333 0.7203703703703703 0.016145833333333335 0.08148148148148149
