3 0.16744791666666667 0.6893518518518519 0.12239583333333333 0.11388888888888889
3 0.25286458333333334 0.675 0.07552083333333333 0.08333333333333333
2 0.49505208333333334 0.6523148148148148 0.0140625 0.05092592592592592
2 0.46536458333333336 0.6458333333333334 0.0067708333333333336 0.028703703703703703
3 0.5291666666666667 0.6421296296296296 0.015625 0.021296296296296296
3 0.96953125 0.6162037037037037 0.0609375 0.20277777777777778
3 0.9166666666666666 0.6208333333333333 0.165625 0.1712962962962963
3 0.73203125 0.6268518518518519 0.11302083333333333 0.07037037037037037
1 0.61171875 0.6388888888888888 0.0109375 0.05185185185185185
2 0.353125 0.6578703703703703 0.010416666666666666 0.04537037037037037
3 0.5158854166666667 0.6291666666666667 0.008854166666666666 0.013888888888888888
2 0.5065104166666666 0.6449074074074074 0.0067708333333333336 0.028703703703703703
3 0.4479166666666667 0.6439814814814815 0.014583333333333334 0.019444444444444445
