2 0.959375 0.6305555555555555 0.06979166666666667 0.18888888888888888
1 0.7973958333333333 0.6291666666666667 0.020833333333333332 0.10462962962962963
2 0.7229166666666667 0.6328703703703704 0.040625 0.09907407407407408
3 0.5364583333333334 0.6189814814814815 0.036458333333333336 0.06018518518518518
2 0.5223958333333333 0.6259259259259259 0.014583333333333334 0.06851851851851852
2 0.50390625 0.6212962962962963 0.015104166666666667 0.06111111111111111
3 0.4432291666666667 0.6462962962962963 0.10208333333333333 0.16111111111111112
3 0.39036458333333335 0.6208333333333333 0.034895833333333334 0.05277777777777778
3 0.3377604166666667 0.6212962962962963 0.06927083333333334 0.09259259259259259
5 0.13984375 0.44166666666666665 0.27447916666666666 0.8759259259259259
