3 0.1 0.6912037037037037 0.19583333333333333 0.1787037037037037
3 0.29713541666666665 0.6504629629629629 0.07760416666666667 0.08425925925925926
3 0.35208333333333336 0.6310185185185185 0.053125 0.058333333333333334
3 0.4044270833333333 0.6203703703703703 0.019270833333333334 0.025925925925925925
3 0.4200520833333333 0.6152777777777778 0.018229166666666668 0.025
4 0.44140625 0.6111111111111112 0.018229166666666668 0.037037037037037035
3 0.45651041666666664 0.6087962962962963 0.013020833333333334 0.017592592592592594
3 0.5380208333333333 0.6458333333333334 0.06770833333333333 0.11203703703703703
3 0.59140625 0.6324074074074074 0.049479166666666664 0.07962962962962963
3 0.50390625 0.6060185185185185 0.0109375 0.017592592592592594
3 0.33098958333333334 0.6055555555555555 0.018229166666666668 0.020370370370370372
2 0.6372395833333333 0.6324074074074074 0.011979166666666667 0.040740740740740744
