3 0.022135416666666668 0.6805555555555556 0.04635416666666667 0.09444444444444444
1 0.08776041666666666 0.6620370370370371 0.008854166666666666 0.053703703703703705
1 0.09348958333333333 0.6652777777777777 0.013020833333333334 0.06018518518518518
1 0.18645833333333334 0.6703703703703704 0.011458333333333333 0.046296296296296294
3 0.21822916666666667 0.674074074074074 0.08229166666666667 0.07407407407407407
1 0.30026041666666664 0.6592592592592592 0.0067708333333333336 0.03518518518518519
3 0.35130208333333335 0.6620370370370371 0.028645833333333332 0.044444444444444446
3 0.375 0.6523148148148148 0.021875 0.032407407407407406
3 0.39557291666666666 0.6583333333333333 0.0171875 0.020370370370370372
3 0.4080729166666667 0.6560185185185186 0.015104166666666667 0.019444444444444445
4 0.4140625 0.6486111111111111 0.0125 0.028703703703703703
3 0.4354166666666667 0.6569444444444444 0.008333333333333333 0.013888888888888888
3 0.44635416666666666 0.6583333333333333 0.020833333333333332 0.020370370370370372
4 0.47942708333333334 0.6421296296296296 0.0359375 0.08796296296296297
3 0.5020833333333333 0.6606481481481481 0.017708333333333333 0.026851851851851852
5 0.52578125 0.649074074074074 0.030729166666666665 0.05185185185185185
3 0.5463541666666667 0.6638888888888889 0.03854166666666667 0.07407407407407407
3 0.5875 0.6833333333333333 0.07916666666666666 0.11296296296296296
2 0.63671875 0.6689814814814815 0.015104166666666667 0.05462962962962963
1 0.7291666666666666 0.6731481481481482 0.016666666666666666 0.07407407407407407
2 0.7671875 0.6847222222222222 0.030208333333333334 0.08796296296296297
1 0.7880208333333333 0.6824074074074075 0.0125 0.05555555555555555
