3 0.26796875 0.6157407407407407 0.04010416666666667 0.053703703703703705
3 0.33359375 0.575462962962963 0.016145833333333335 0.026851851851851852
3 0.36432291666666666 0.5736111111111111 0.015104166666666667 0.026851851851851852
3 0.371875 0.5694444444444444 0.011458333333333333 0.022222222222222223
3 0.35833333333333334 0.6268518518518519 0.046875 0.07037037037037037
3 0.43072916666666666 0.6444444444444445 0.05416666666666667 0.10740740740740741
2 0.5026041666666666 0.5944444444444444 0.011458333333333333 0.03148148148148148
3 0.6036458333333333 0.6175925925925926 0.022916666666666665 0.02962962962962963
3 0.6479166666666667 0.6361111111111111 0.04895833333333333 0.06666666666666667
3 0.8494791666666667 0.6625 0.103125 0.09907407407407408
3 0.44635416666666666 0.6166666666666667 0.030208333333333334 0.04259259259259259
