3 0.11015625 0.6726851851851852 0.2203125 0.1675925925925926
3 0.08203125 0.6328703703703704 0.16197916666666667 0.1824074074074074
3 0.3684895833333333 0.6898148148148148 0.26927083333333335 0.18518518518518517
3 0.44765625 0.6717592592592593 0.1671875 0.1527777777777778
3 0.47682291666666665 0.6509259259259259 0.19427083333333334 0.1648148148148148
3 0.66953125 0.6759259259259259 0.17239583333333333 0.1425925925925926
2 0.79375 0.6884259259259259 0.030208333333333334 0.062037037037037036
3 0.8815104166666666 0.6935185185185185 0.11614583333333334 0.08148148148148149
3 0.8986979166666667 0.6796296296296296 0.08177083333333333 0.08333333333333333
3 0.9598958333333333 0.7138888888888889 0.07916666666666666 0.1259259259259259
