4 0.9645833333333333 0.6041666666666666 0.06979166666666667 0.1935185185185185
3 0.93203125 0.6296296296296297 0.04635416666666667 0.07037037037037037
3 0.9122395833333333 0.5958333333333333 0.04635416666666667 0.03611111111111111
4 0.6877604166666667 0.5611111111111111 0.3515625 0.2759259259259259
3 0.63125 0.7013888888888888 0.2604166666666667 0.15833333333333333
4 0.08411458333333334 0.6143518518518518 0.1453125 0.19166666666666668
4 0.16380208333333332 0.6125 0.0765625 0.09351851851851851
3 0.21927083333333333 0.5972222222222222 0.029166666666666667 0.025925925925925925
3 0.39036458333333335 0.5944444444444444 0.0203125 0.018518518518518517
3 0.36041666666666666 0.5995370370370371 0.017708333333333333 0.023148148148148147
3 0.32135416666666666 0.600925925925926 0.021875 0.03333333333333333
3 0.33671875 0.5819444444444445 0.0109375 0.019444444444444445
4 0.35052083333333334 0.5643518518518519 0.011458333333333333 0.026851851851851852
3 0.28515625 0.5967592592592592 0.0140625 0.017592592592592594
3 0.27109375 0.5935185185185186 0.013020833333333334 0.018518518518518517
2 0.24557291666666667 0.5893518518518519 0.0078125 0.023148148148148147
4 0.2890625 0.5824074074074074 0.0125 0.025925925925925925
