3 0.09348958333333333 0.7703703703703704 0.18697916666666667 0.45925925925925926
4 0.17421875 0.6472222222222223 0.0734375 0.08148148148148149
3 0.26666666666666666 0.6472222222222223 0.06354166666666666 0.07407407407407407
3 0.33489583333333334 0.6365740740740741 0.036458333333333336 0.05648148148148148
3 0.38359375 0.638425925925926 0.044270833333333336 0.06388888888888888
3 0.40703125 0.6351851851851852 0.028645833333333332 0.040740740740740744
3 0.46458333333333335 0.6541666666666667 0.090625 0.1398148148148148
3 0.49505208333333334 0.6402777777777777 0.044270833333333336 0.08055555555555556
2 0.6005208333333333 0.6333333333333333 0.008333333333333333 0.03888888888888889
2 0.8197916666666667 0.6518518518518519 0.0375 0.09814814814814815
3 0.35260416666666666 0.6347222222222222 0.019791666666666666 0.028703703703703703
