3 0.9505208333333334 0.9115740740740741 0.09791666666666667 0.175
2 0.7203125 0.7777777777777778 0.040625 0.07407407407407407
3 0.5614583333333333 0.7754629629629629 0.06666666666666667 0.08425925925925926
3 0.4973958333333333 0.7546296296296297 0.025 0.03518518518518519
3 0.4578125 0.7638888888888888 0.051041666666666666 0.07777777777777778
4 0.4200520833333333 0.7319444444444444 0.0328125 0.0712962962962963
4 0.371875 0.7268518518518519 0.036458333333333336 0.05925925925925926
3 0.3328125 0.7523148148148148 0.04375 0.05648148148148148
4 0.31276041666666665 0.7217592592592592 0.06510416666666667 0.10833333333333334
4 0.26223958333333336 0.6935185185185185 0.12135416666666667 0.21481481481481482
3 0.11197916666666667 0.7662037037037037 0.12708333333333333 0.14537037037037037
