2 0.37421875 0.6435185185185185 0.011979166666666667 0.03518518518518519
4 0.475 0.6203703703703703 0.04375 0.10185185185185185
4 0.446875 0.6222222222222222 0.0375 0.08518518518518518
4 0.8080729166666667 0.5694444444444444 0.3692708333333333 0.6277777777777778
3 0.5986979166666667 0.6689814814814815 0.0546875 0.07685185185185185
3 0.5783854166666667 0.6601851851851852 0.03697916666666667 0.05555555555555555
4 0.5731770833333333 0.6166666666666667 0.04635416666666667 0.11851851851851852
3 0.5223958333333333 0.6513888888888889 0.026041666666666668 0.03796296296296296
3 0.49505208333333334 0.6444444444444445 0.021354166666666667 0.040740740740740744
3 0.5369791666666667 0.6481481481481481 0.021875 0.03333333333333333
