2 0.72890625 0.6810185185185185 0.016145833333333335 0.05277777777777778
3 0.5364583333333334 0.6615740740740741 0.021875 0.03796296296296296
3 0.5411458333333333 0.6689814814814815 0.027083333333333334 0.03796296296296296
3 0.5270833333333333 0.6611111111111111 0.03333333333333333 0.024074074074074074
3 0.4973958333333333 0.6648148148148149 0.023958333333333335 0.03888888888888889
4 0.47213541666666664 0.6453703703703704 0.0203125 0.04259259259259259
5 0.4640625 0.6444444444444445 0.026041666666666668 0.03148148148148148
2 0.46588541666666666 0.6574074074074074 0.0140625 0.027777777777777776
3 0.45989583333333334 0.6583333333333333 0.0375 0.03148148148148148
3 0.41848958333333336 0.6587962962962963 0.027604166666666666 0.03981481481481482
2 0.01640625 0.674537037037037 0.0328125 0.08611111111111111
