3 0.053385416666666664 0.6592592592592592 0.04635416666666667 0.027777777777777776
4 0.055989583333333336 0.6439814814814815 0.059895833333333336 0.04722222222222222
3 0.08411458333333334 0.6509259259259259 0.04010416666666667 0.024074074074074074
3 0.33958333333333335 0.6365740740740741 0.028125 0.03425925925925926
3 0.4583333333333333 0.6277777777777778 0.030208333333333334 0.03148148148148148
3 0.48984375 0.6486111111111111 0.027604166666666666 0.04351851851851852
3 0.5223958333333333 0.6319444444444444 0.021875 0.032407407407407406
3 0.5375 0.6430555555555556 0.029166666666666667 0.03981481481481482
3 0.5880208333333333 0.6759259259259259 0.06145833333333333 0.07777777777777778
3 0.6885416666666667 0.6671296296296296 0.08125 0.09166666666666666
3 0.8377604166666667 0.7939814814814815 0.2890625 0.3194444444444444
3 0.5578125 0.6222222222222222 0.021875 0.03888888888888889
3 0.6401041666666667 0.6569444444444444 0.05 0.06388888888888888
3 0.9408854166666667 0.6865740740740741 0.1171875 0.14351851851851852
3 0.7859375 0.6620370370370371 0.07916666666666666 0.09074074074074075
3 0.22838541666666667 0.6393518518518518 0.04114583333333333 0.021296296296296296
3 0.39921875 0.6277777777777778 0.015104166666666667 0.018518518518518517
3 0.41015625 0.625462962962963 0.011979166666666667 0.017592592592592594
