4 0.7817708333333333 0.6916666666666667 0.26145833333333335 0.35185185185185186
3 0.540625 0.7421296296296296 0.028125 0.041666666666666664
3 0.5096354166666667 0.7430555555555556 0.0421875 0.062037037037037036
5 0.4903645833333333 0.7111111111111111 0.043229166666666666 0.08333333333333333
3 0.44166666666666665 0.7277777777777777 0.014583333333333334 0.022222222222222223
1 0.3958333333333333 0.7439814814814815 0.03229166666666667 0.14166666666666666
3 0.27838541666666666 0.7592592592592593 0.11302083333333333 0.13333333333333333
3 0.24375 0.7444444444444445 0.06979166666666667 0.08518518518518518
3 0.12838541666666667 0.7356481481481482 0.0515625 0.075
3 0.061197916666666664 0.7282407407407407 0.09947916666666666 0.058333333333333334
