3 0.11979166666666667 0.762962962962963 0.23958333333333334 0.4703703703703704
3 0.33645833333333336 0.6763888888888889 0.14166666666666666 0.18796296296296297
4 0.3190104166666667 0.6226851851851852 0.0765625 0.1287037037037037
3 0.4283854166666667 0.6643518518518519 0.0359375 0.04722222222222222
3 0.41041666666666665 0.6574074074074074 0.015625 0.024074074074074074
3 0.4440104166666667 0.6597222222222222 0.024479166666666666 0.04537037037037037
3 0.4856770833333333 0.663425925925926 0.0421875 0.0712962962962963
2 0.59375 0.6712962962962963 0.011458333333333333 0.03888888888888889
2 0.58046875 0.6671296296296296 0.011979166666666667 0.041666666666666664
1 0.62265625 0.6662037037037037 0.008854166666666666 0.06018518518518518
1 0.7328125 0.6875 0.019791666666666666 0.11388888888888889
