3 0.2713541666666667 0.6421296296296296 0.090625 0.10092592592592593
3 0.3802083333333333 0.6449074074074074 0.08020833333333334 0.11018518518518519
3 0.6705729166666666 0.6944444444444444 0.1296875 0.17407407407407408
1 0.9721354166666667 0.6736111111111112 0.0484375 0.17314814814814813
1 0.98984375 0.6388888888888888 0.0203125 0.17037037037037037
2 0.8151041666666666 0.7347222222222223 0.14270833333333333 0.2212962962962963
3 0.6080729166666666 0.6134259259259259 0.07447916666666667 0.12129629629629629
3 0.42109375 0.5805555555555556 0.025520833333333333 0.03888888888888889
3 0.5098958333333333 0.5675925925925925 0.017708333333333333 0.02962962962962963
1 0.6822916666666666 0.5962962962962963 0.014583333333333334 0.07407407407407407
3 0.5559895833333334 0.5847222222222223 0.03177083333333333 0.05648148148148148
2 0.37604166666666666 0.5986111111111111 0.014583333333333334 0.04722222222222222
3 0.5783854166666667 0.611574074074074 0.0453125 0.06759259259259259
3 0.5671875 0.5995370370370371 0.0375 0.05462962962962963
