3 0.11328125 0.6685185185185185 0.16510416666666666 0.15925925925925927
3 0.38645833333333335 0.6453703703703704 0.022916666666666665 0.03333333333333333
3 0.43072916666666666 0.6421296296296296 0.010416666666666666 0.017592592592592594
3 0.43828125 0.6402777777777777 0.009895833333333333 0.01574074074074074
2 0.4901041666666667 0.6532407407407408 0.009375 0.04351851851851852
3 0.5143229166666666 0.6587962962962963 0.043229166666666666 0.04537037037037037
1 0.5442708333333334 0.6527777777777778 0.008333333333333333 0.05555555555555555
1 0.5513020833333333 0.6527777777777778 0.008854166666666666 0.05555555555555555
1 0.6276041666666666 0.6578703703703703 0.010416666666666666 0.06388888888888888
2 0.56875 0.6564814814814814 0.023958333333333335 0.04814814814814815
3 0.46536458333333336 0.6416666666666667 0.008854166666666666 0.014814814814814815
