3 0.047135416666666666 0.6620370370370371 0.09322916666666667 0.12777777777777777
3 0.08958333333333333 0.6175925925925926 0.07395833333333333 0.07407407407407407
5 0.159375 0.5981481481481481 0.12708333333333333 0.1574074074074074
3 0.24375 0.6171296296296296 0.05625 0.06018518518518518
3 0.2838541666666667 0.6148148148148148 0.041666666666666664 0.05555555555555555
3 0.30494791666666665 0.6134259259259259 0.0296875 0.04537037037037037
5 0.41354166666666664 0.5856481481481481 0.06041666666666667 0.11203703703703703
3 0.4544270833333333 0.6199074074074075 0.009895833333333333 0.012037037037037037
1 0.6231770833333333 0.6032407407407407 0.008854166666666666 0.04722222222222222
2 0.9208333333333333 0.7129629629629629 0.0625 0.19074074074074074
