1 0.09505208333333333 0.7541666666666667 0.008854166666666666 0.049074074074074076
1 0.10442708333333334 0.7560185185185185 0.009895833333333333 0.041666666666666664
1 0.14817708333333332 0.7569444444444444 0.0109375 0.049074074074074076
3 0.27682291666666664 0.7717592592592593 0.06614583333333333 0.0712962962962963
3 0.38229166666666664 0.7759259259259259 0.03333333333333333 0.04814814814814815
5 0.46848958333333335 0.6685185185185185 0.1671875 0.3648148148148148
1 0.67890625 0.7898148148148149 0.009895833333333333 0.044444444444444446
1 0.66640625 0.7898148148148149 0.0078125 0.040740740740740744
2 0.7018229166666666 0.7814814814814814 0.015104166666666667 0.05
2 0.7453125 0.7782407407407408 0.023958333333333335 0.06944444444444445
2 0.88515625 0.7648148148148148 0.0421875 0.13518518518518519
2 0.9580729166666667 0.7773148148148148 0.049479166666666664 0.13240740740740742
1 0.7921875 0.7717592592592593 0.0125 0.07314814814814814
1 0.12604166666666666 0.7550925925925925 0.010416666666666666 0.05462962962962963
