1 0.11302083333333333 0.649074074074074 0.008333333333333333 0.040740740740740744
2 0.14348958333333334 0.6513888888888889 0.016145833333333335 0.04537037037037037
2 0.18828125 0.6481481481481481 0.0140625 0.04259259259259259
2 0.20026041666666666 0.6476851851851851 0.016145833333333335 0.04351851851851852
3 0.36666666666666664 0.6393518518518518 0.027083333333333334 0.03981481481481482
3 0.39895833333333336 0.6421296296296296 0.03229166666666667 0.03425925925925926
3 0.39348958333333334 0.6319444444444444 0.0234375 0.04351851851851852
3 0.41354166666666664 0.6425925925925926 0.020833333333333332 0.02962962962962963
3 0.4234375 0.6388888888888888 0.016666666666666666 0.03148148148148148
5 0.41770833333333335 0.6287037037037037 0.026041666666666668 0.046296296296296294
3 0.4427083333333333 0.6412037037037037 0.023958333333333335 0.028703703703703703
3 0.45234375 0.637962962962963 0.013020833333333334 0.020370370370370372
3 0.5041666666666667 0.637962962962963 0.025 0.03148148148148148
3 0.51328125 0.6347222222222222 0.015104166666666667 0.021296296296296296
1 0.7065104166666667 0.6416666666666667 0.008854166666666666 0.03888888888888889
2 0.8236979166666667 0.6421296296296296 0.025520833333333333 0.03981481481481482
2 0.8674479166666667 0.6416666666666667 0.034895833333333334 0.06666666666666667
4 0.8981770833333333 0.6143518518518518 0.13489583333333333 0.10092592592592593
3 0.91328125 0.6416666666666667 0.09114583333333333 0.046296296296296294
3 0.9596354166666666 0.6407407407407407 0.08177083333333333 0.053703703703703705
2 0.2296875 0.6462962962962963 0.015625 0.037037037037037035
2 0.007291666666666667 0.6564814814814814 0.013541666666666667 0.04814814814814815
2 0.32369791666666664 0.6458333333333334 0.008854166666666666 0.021296296296296296
