3 0.022916666666666665 0.6324074074074074 0.04479166666666667 0.037037037037037035
4 0.26015625 0.6222222222222222 0.0859375 0.05740740740740741
2 0.28567708333333336 0.6375 0.015104166666666667 0.032407407407407406
3 0.33567708333333335 0.6412037037037037 0.050520833333333334 0.058333333333333334
3 0.37526041666666665 0.6337962962962963 0.030729166666666665 0.03981481481481482
4 0.42890625 0.6134259259259259 0.04635416666666667 0.09722222222222222
3 0.4703125 0.6319444444444444 0.011458333333333333 0.023148148148148147
3 0.49765625 0.6375 0.018229166666666668 0.025
5 0.49244791666666665 0.625 0.016145833333333335 0.03518518518518519
4 0.53203125 0.6060185185185185 0.04739583333333333 0.11388888888888889
2 0.6234375 0.6504629629629629 0.013541666666666667 0.05277777777777778
