2 0.7104166666666667 0.6625 0.0125 0.06574074074074074
3 0.68515625 0.6601851851851852 0.06927083333333334 0.044444444444444446
4 0.58828125 0.6226851851851852 0.07552083333333333 0.16944444444444445
2 0.5440104166666667 0.6467592592592593 0.0171875 0.032407407407407406
2 0.5244791666666667 0.6412037037037037 0.017708333333333333 0.032407407407407406
4 0.46588541666666666 0.6194444444444445 0.016145833333333335 0.037037037037037035
3 0.46067708333333335 0.6314814814814815 0.016145833333333335 0.025925925925925925
2 0.45026041666666666 0.6375 0.0203125 0.026851851851851852
3 0.44375 0.6287037037037037 0.013541666666666667 0.020370370370370372
2 0.4239583333333333 0.638425925925926 0.020833333333333332 0.032407407407407406
3 0.41875 0.6361111111111111 0.017708333333333333 0.025925925925925925
3 0.3888020833333333 0.6361111111111111 0.021354166666666667 0.025925925925925925
3 0.34401041666666665 0.6458333333333334 0.058854166666666666 0.0824074074074074
3 0.27786458333333336 0.6416666666666667 0.0953125 0.12777777777777777
3 0.19947916666666668 0.6685185185185185 0.14270833333333333 0.13333333333333333
2 0.10963541666666667 0.6513888888888889 0.019270833333333334 0.06018518518518518
2 0.09140625 0.65 0.03177083333333333 0.06851851851851852
