3 0.14348958333333334 0.638425925925926 0.0546875 0.041666666666666664
3 0.30755208333333334 0.6421296296296296 0.059895833333333336 0.06944444444444445
4 0.3328125 0.6027777777777777 0.06666666666666667 0.09814814814814815
2 0.38984375 0.6134259259259259 0.008854166666666666 0.028703703703703703
4 0.42239583333333336 0.6125 0.03229166666666667 0.075
3 0.43723958333333335 0.6236111111111111 0.018229166666666668 0.026851851851851852
2 0.5151041666666667 0.6222222222222222 0.008333333333333333 0.03333333333333333
2 0.5315104166666667 0.6222222222222222 0.008854166666666666 0.03518518518518519
2 0.54609375 0.6226851851851852 0.0109375 0.03425925925925926
2 0.5580729166666667 0.6217592592592592 0.011979166666666667 0.03425925925925926
2 0.5875 0.6208333333333333 0.011458333333333333 0.032407407407407406
2 0.5825520833333333 0.6347222222222222 0.013020833333333334 0.04351851851851852
2 0.6119791666666666 0.6425925925925926 0.010416666666666666 0.05925925925925926
2 0.625 0.6412037037037037 0.015625 0.06018518518518518
2 0.6752604166666667 0.6504629629629629 0.0234375 0.0712962962962963
