1 0.8908854166666667 0.6370370370370371 0.0421875 0.1537037037037037
1 0.746875 0.6333333333333333 0.023958333333333335 0.1037037037037037
1 0.6484375 0.6282407407407408 0.015625 0.06574074074074074
1 0.57265625 0.6314814814814815 0.011979166666666667 0.05925925925925926
2 0.06510416666666667 0.6296296296296297 0.025 0.06296296296296296
2 0.09296875 0.6291666666666667 0.0203125 0.05092592592592592
2 0.11302083333333333 0.6240740740740741 0.01875 0.053703703703703705
3 0.35911458333333335 0.6310185185185185 0.044270833333333336 0.05648148148148148
3 0.38203125 0.6222222222222222 0.027604166666666666 0.044444444444444446
3 0.42473958333333334 0.6162037037037037 0.018229166666666668 0.030555555555555555
3 0.4041666666666667 0.6152777777777778 0.014583333333333334 0.021296296296296296
3 0.4075520833333333 0.6129629629629629 0.0140625 0.022222222222222223
3 0.3184895833333333 0.6162037037037037 0.0171875 0.021296296296296296
4 0.30130208333333336 0.6134259259259259 0.0140625 0.019444444444444445
