2 0.8208333333333333 0.6962962962962963 0.03854166666666667 0.12407407407407407
2 0.6549479166666666 0.6555555555555556 0.0109375 0.05185185185185185
1 0.6442708333333333 0.6416666666666667 0.007291666666666667 0.03518518518518519
1 0.6372395833333333 0.6421296296296296 0.0078125 0.03425925925925926
2 0.6166666666666667 0.6458333333333334 0.008333333333333333 0.03611111111111111
3 0.5380208333333333 0.6527777777777778 0.015625 0.024074074074074074
4 0.50859375 0.6263888888888889 0.0265625 0.06574074074074074
3 0.44244791666666666 0.637962962962963 0.028645833333333332 0.05
2 0.40625 0.6476851851851851 0.007291666666666667 0.025
1 0.3489583333333333 0.6393518518518518 0.00625 0.03611111111111111
1 0.2986979166666667 0.6314814814814815 0.009895833333333333 0.04259259259259259
