3 0.048177083333333336 0.7208333333333333 0.0953125 0.1398148148148148
1 0.21901041666666668 0.7212962962962963 0.024479166666666666 0.1425925925925926
3 0.36302083333333335 0.7064814814814815 0.06145833333333333 0.07962962962962963
3 0.41875 0.6851851851851852 0.041666666666666664 0.06296296296296296
4 0.43411458333333336 0.6685185185185185 0.04114583333333333 0.07407407407407407
3 0.46041666666666664 0.6824074074074075 0.025 0.040740740740740744
3 0.4864583333333333 0.6754629629629629 0.015625 0.026851851851851852
3 0.5390625 0.6810185185185185 0.022916666666666665 0.030555555555555555
2 0.49635416666666665 0.6773148148148148 0.007291666666666667 0.032407407407407406
3 0.5716145833333334 0.6768518518518518 0.018229166666666668 0.03333333333333333
2 0.5567708333333333 0.674537037037037 0.007291666666666667 0.028703703703703703
3 0.6825520833333333 0.7689814814814815 0.24635416666666668 0.29907407407407405
1 0.28854166666666664 0.6828703703703703 0.0125 0.06574074074074074
