3 0.07630208333333334 0.6407407407407407 0.15260416666666668 0.08333333333333333
3 0.26197916666666665 0.6509259259259259 0.21770833333333334 0.16111111111111112
3 0.5234375 0.6217592592592592 0.010416666666666666 0.017592592592592594
4 0.49765625 0.6152777777777778 0.008854166666666666 0.025
4 0.465625 0.6055555555555555 0.03125 0.06481481481481481
5 0.4388020833333333 0.6078703703703704 0.043229166666666666 0.08796296296296297
3 0.40703125 0.6282407407407408 0.019270833333333334 0.03796296296296296
3 0.39739583333333334 0.6333333333333333 0.01875 0.03333333333333333
3 0.37942708333333336 0.6273148148148148 0.0296875 0.05092592592592592
4 0.35572916666666665 0.6129629629629629 0.034375 0.05
