2 0.7138020833333333 0.6731481481481482 0.019270833333333334 0.07592592592592592
5 0.53125 0.6416666666666667 0.030208333333333334 0.05740740740740741
3 0.5015625 0.6606481481481481 0.03229166666666667 0.049074074074074076
5 0.4747395833333333 0.6439814814814815 0.015104166666666667 0.028703703703703703
3 0.45208333333333334 0.6541666666666667 0.021875 0.030555555555555555
3 0.39479166666666665 0.6518518518518519 0.03125 0.05
3 0.35963541666666665 0.6583333333333333 0.04635416666666667 0.05740740740740741
3 0.28828125 0.6666666666666666 0.07239583333333334 0.07407407407407407
3 0.27421875 0.6574074074074074 0.05364583333333333 0.07407407407407407
1 0.25104166666666666 0.6513888888888889 0.011458333333333333 0.04537037037037037
1 0.20729166666666668 0.649074074074074 0.010416666666666666 0.046296296296296294
3 0.06302083333333333 0.6666666666666666 0.12291666666666666 0.1425925925925926
1 0.18619791666666666 0.6486111111111111 0.0109375 0.04722222222222222
