3 0.04869791666666667 0.7277777777777777 0.09635416666666667 0.17962962962962964
3 0.14765625 0.6560185185185186 0.1328125 0.1675925925925926
3 0.2359375 0.6601851851851852 0.06354166666666666 0.07962962962962963
3 0.26927083333333335 0.6171296296296296 0.06354166666666666 0.10648148148148148
3 0.3221354166666667 0.6069444444444444 0.04010416666666667 0.06574074074074074
3 0.34609375 0.6027777777777777 0.0109375 0.018518518518518517
3 0.32369791666666664 0.6685185185185185 0.07864583333333333 0.0962962962962963
3 0.37473958333333335 0.5995370370370371 0.030729166666666665 0.021296296296296296
3 0.37864583333333335 0.625462962962963 0.036458333333333336 0.05277777777777778
3 0.4044270833333333 0.6027777777777777 0.0171875 0.025925925925925925
3 0.41510416666666666 0.5967592592592592 0.011458333333333333 0.019444444444444445
3 0.42890625 0.6101851851851852 0.021354166666666667 0.02962962962962963
3 0.4359375 0.6027777777777777 0.016666666666666666 0.025925925925925925
