1 0.27421875 0.624537037037037 0.0078125 0.03611111111111111
1 0.25729166666666664 0.624537037037037 0.007291666666666667 0.03425925925925926
2 0.4005208333333333 0.6199074074074075 0.0125 0.030555555555555555
2 0.3807291666666667 0.6222222222222222 0.008333333333333333 0.027777777777777776
3 0.54765625 0.6129629629629629 0.015104166666666667 0.025925925925925925
3 0.5171875 0.6222222222222222 0.04375 0.08518518518518518
1 0.634375 0.6194444444444445 0.005208333333333333 0.02962962962962963
2 0.6609375 0.6291666666666667 0.016666666666666666 0.03981481481481482
2 0.7950520833333333 0.6412037037037037 0.018229166666666668 0.06388888888888888
3 0.8947916666666667 0.7092592592592593 0.21041666666666667 0.25
2 0.5473958333333333 0.6189814814814815 0.013541666666666667 0.030555555555555555
