2 0.17265625 0.6759259259259259 0.0140625 0.03888888888888889
2 0.19817708333333334 0.674537037037037 0.0140625 0.03611111111111111
2 0.20807291666666666 0.674537037037037 0.011979166666666667 0.03425925925925926
3 0.25364583333333335 0.6726851851851852 0.08854166666666667 0.058333333333333334
3 0.28489583333333335 0.6800925925925926 0.10104166666666667 0.09351851851851851
3 0.3572916666666667 0.6722222222222223 0.025 0.037037037037037035
3 0.3692708333333333 0.6736111111111112 0.017708333333333333 0.030555555555555555
4 0.39609375 0.6564814814814814 0.0328125 0.06481481481481481
3 0.4125 0.6731481481481482 0.04895833333333333 0.04814814814814815
3 0.43203125 0.6726851851851852 0.0234375 0.03981481481481482
2 0.4588541666666667 0.6805555555555556 0.029166666666666667 0.05740740740740741
3 0.46848958333333335 0.6717592592592593 0.0234375 0.04351851851851852
3 0.5083333333333333 0.6694444444444444 0.020833333333333332 0.04814814814814815
3 0.5466145833333333 0.6828703703703703 0.09947916666666666 0.05648148148148148
2 0.6651041666666667 0.6777777777777778 0.009375 0.03888888888888889
3 0.7377604166666667 0.6847222222222222 0.09322916666666667 0.05462962962962963
1 0.7940104166666667 0.6856481481481481 0.008854166666666666 0.04351851851851852
3 0.8997395833333334 0.687962962962963 0.0859375 0.05185185185185185
2 0.9388020833333334 0.6981481481481482 0.030729166666666665 0.07777777777777778
4 0.9296875 0.6569444444444444 0.1375 0.1175925925925926
