1 0.011197916666666667 0.687037037037037 0.022395833333333334 0.11666666666666667
5 0.215625 0.6212962962962963 0.26875 0.2537037037037037
1 0.74921875 0.6662037037037037 0.0078125 0.03796296296296296
2 0.7325520833333333 0.6763888888888889 0.0140625 0.05277777777777778
4 0.6809895833333334 0.6375 0.04114583333333333 0.10648148148148148
3 0.66171875 0.6587962962962963 0.015104166666666667 0.026851851851851852
3 0.65 0.6546296296296297 0.016666666666666666 0.024074074074074074
3 0.6278645833333333 0.6643518518518519 0.025520833333333333 0.03796296296296296
3 0.615625 0.6685185185185185 0.0375 0.05
3 0.5106770833333333 0.6606481481481481 0.03177083333333333 0.03425925925925926
1 0.35234375 0.6689814814814815 0.0067708333333333336 0.049074074074074076
