3 0.7802083333333333 0.6768518518518518 0.12291666666666666 0.1388888888888889
3 0.6734375 0.6550925925925926 0.07916666666666666 0.0824074074074074
4 0.6549479166666666 0.6523148148148148 0.3026041666666667 0.27685185185185185
3 0.4942708333333333 0.6314814814814815 0.034375 0.04259259259259259
3 0.4786458333333333 0.6236111111111111 0.021875 0.03425925925925926
4 0.46145833333333336 0.5935185185185186 0.03125 0.08333333333333333
4 0.43411458333333336 0.6027777777777777 0.019270833333333334 0.03518518518518519
3 0.3919270833333333 0.6138888888888889 0.0109375 0.018518518518518517
3 0.4119791666666667 0.6092592592592593 0.011458333333333333 0.020370370370370372
4 0.3859375 0.6092592592592593 0.009375 0.024074074074074074
4 0.25390625 0.6208333333333333 0.0296875 0.05092592592592592
4 0.28229166666666666 0.6129629629629629 0.04583333333333333 0.04259259259259259
4 0.39739583333333334 0.6037037037037037 0.008333333333333333 0.018518518518518517
