3 0.06666666666666667 0.6472222222222223 0.13125 0.13333333333333333
3 0.16354166666666667 0.6356481481481482 0.09375 0.10277777777777777
3 0.34609375 0.6162037037037037 0.0328125 0.04722222222222222
3 0.3606770833333333 0.6083333333333333 0.030729166666666665 0.053703703703703705
3 0.22447916666666667 0.6097222222222223 0.03333333333333333 0.04722222222222222
3 0.3815104166666667 0.6097222222222223 0.027604166666666666 0.041666666666666664
3 0.40911458333333334 0.611574074074074 0.016145833333333335 0.023148148148148147
3 0.42083333333333334 0.6106481481481482 0.0125 0.019444444444444445
1 0.44296875 0.6157407407407407 0.0067708333333333336 0.04259259259259259
3 0.45338541666666665 0.6064814814814815 0.0078125 0.016666666666666666
3 0.4640625 0.6092592592592593 0.009375 0.014814814814814815
4 0.6255208333333333 0.600925925925926 0.0625 0.05555555555555555
3 0.6890625 0.6106481481481482 0.04791666666666667 0.04351851851851852
3 0.7807291666666667 0.6171296296296296 0.07916666666666666 0.062037037037037036
3 0.8044270833333333 0.611574074074074 0.08072916666666667 0.07685185185185185
3 0.81796875 0.6222222222222222 0.08697916666666666 0.06296296296296296
3 0.9075520833333334 0.6180555555555556 0.1109375 0.09537037037037037
3 0.9450520833333333 0.624537037037037 0.10989583333333333 0.08796296296296297
3 0.9734375 0.6148148148148148 0.053125 0.20555555555555555
