1 0.01171875 0.6638888888888889 0.008854166666666666 0.04259259259259259
2 0.2140625 0.6675925925925926 0.016666666666666666 0.037037037037037035
1 0.23046875 0.6638888888888889 0.008854166666666666 0.046296296296296294
2 0.23984375 0.6643518518518519 0.027604166666666666 0.049074074074074076
1 0.31328125 0.6662037037037037 0.0140625 0.041666666666666664
3 0.34427083333333336 0.6666666666666666 0.026041666666666668 0.037037037037037035
3 0.35625 0.6578703703703703 0.03333333333333333 0.05277777777777778
4 0.3802083333333333 0.6486111111111111 0.03854166666666667 0.06944444444444445
3 0.4861979166666667 0.6680555555555555 0.021354166666666667 0.03425925925925926
3 0.47578125 0.6638888888888889 0.013020833333333334 0.024074074074074074
3 0.49375 0.6671296296296296 0.013541666666666667 0.023148148148148147
5 0.7197916666666667 0.6375 0.378125 0.2064814814814815
3 0.8716145833333333 0.6782407407407407 0.09010416666666667 0.0787037037037037
