3 0.027864583333333335 0.687037037037037 0.0546875 0.14814814814814814
1 0.23072916666666668 0.6583333333333333 0.022916666666666665 0.11481481481481481
3 0.31744791666666666 0.6907407407407408 0.2390625 0.12407407407407407
2 0.31354166666666666 0.6995370370370371 0.090625 0.19537037037037036
1 0.25234375 0.6708333333333333 0.022395833333333334 0.10462962962962963
2 0.475 0.6893518518518519 0.06354166666666666 0.09722222222222222
1 0.43697916666666664 0.6652777777777777 0.019791666666666666 0.09907407407407408
1 0.4578125 0.6703703703703704 0.020833333333333332 0.10555555555555556
2 0.525 0.6865740740740741 0.040625 0.09166666666666666
3 0.6229166666666667 0.6916666666666667 0.14791666666666667 0.10185185185185185
2 0.7213541666666666 0.6814814814814815 0.021875 0.05740740740740741
3 0.7723958333333333 0.687962962962963 0.06875 0.07592592592592592
3 0.809375 0.6921296296296297 0.10104166666666667 0.10092592592592593
5 0.8432291666666667 0.6425925925925926 0.09375 0.13333333333333333
3 0.8731770833333333 0.6805555555555556 0.07135416666666666 0.08888888888888889
3 0.94765625 0.6842592592592592 0.09947916666666666 0.12037037037037036
