3 0.07265625 0.6782407407407407 0.1453125 0.14351851851851852
4 0.06197916666666667 0.6365740740740741 0.12291666666666666 0.1712962962962963
3 0.39010416666666664 0.6657407407407407 0.07083333333333333 0.10185185185185185
4 0.35963541666666665 0.612037037037037 0.0765625 0.13703703703703704
4 0.31979166666666664 0.6300925925925925 0.07083333333333333 0.10092592592592593
3 0.46380208333333334 0.6569444444444444 0.0390625 0.05462962962962963
3 0.6151041666666667 0.6620370370370371 0.06875 0.05185185185185185
2 0.6825520833333333 0.6615740740740741 0.016145833333333335 0.05277777777777778
2 0.8434895833333333 0.6875 0.0171875 0.06574074074074074
3 0.8075520833333333 0.6587962962962963 0.0890625 0.06388888888888888
3 0.8921875 0.6481481481481481 0.06354166666666666 0.044444444444444446
4 0.52109375 0.6425925925925926 0.028645833333333332 0.046296296296296294
3 0.5369791666666667 0.6449074074074074 0.010416666666666666 0.01574074074074074
5 0.5239583333333333 0.625462962962963 0.025 0.05092592592592592
3 0.48776041666666664 0.6509259259259259 0.019270833333333334 0.027777777777777776
