3 0.07161458333333333 0.7046296296296296 0.14322916666666666 0.14629629629629629
3 0.17395833333333333 0.6962962962962963 0.090625 0.1
3 0.2640625 0.6708333333333333 0.07083333333333333 0.09722222222222222
3 0.3065104166666667 0.6777777777777778 0.0359375 0.06296296296296296
3 0.32760416666666664 0.6791666666666667 0.030208333333333334 0.05277777777777778
3 0.34427083333333336 0.6791666666666667 0.026041666666666668 0.04537037037037037
3 0.35651041666666666 0.6777777777777778 0.024479166666666666 0.04259259259259259
3 0.36744791666666665 0.6708333333333333 0.025520833333333333 0.049074074074074076
3 0.47552083333333334 0.6736111111111112 0.017708333333333333 0.025
2 0.5033854166666667 0.6773148148148148 0.0078125 0.030555555555555555
5 0.5057291666666667 0.6648148148148149 0.016666666666666666 0.03518518518518519
3 0.5578125 0.6847222222222222 0.06041666666666667 0.08796296296296297
3 0.6302083333333334 0.6958333333333333 0.078125 0.08796296296296297
1 0.72734375 0.6949074074074074 0.0140625 0.0787037037037037
1 0.7411458333333333 0.6962962962962963 0.014583333333333334 0.08148148148148149
3 0.9145833333333333 0.7162037037037037 0.171875 0.10833333333333334
