4 0.14375 0.6268518518518519 0.0875 0.09814814814814815
3 0.17734375 0.6481481481481481 0.07239583333333334 0.07592592592592592
3 0.2640625 0.6106481481481482 0.03958333333333333 0.041666666666666664
3 0.30026041666666664 0.663425925925926 0.0859375 0.1175925925925926
3 0.31536458333333334 0.5981481481481481 0.025520833333333333 0.03333333333333333
3 0.3697916666666667 0.6111111111111112 0.036458333333333336 0.05740740740740741
5 0.3919270833333333 0.5726851851851852 0.011979166666666667 0.021296296296296296
3 0.43072916666666666 0.6212962962962963 0.036458333333333336 0.07407407407407407
2 0.503125 0.5925925925925926 0.010416666666666666 0.037037037037037035
3 0.4434895833333333 0.5995370370370371 0.022395833333333334 0.03425925925925926
