3 0.96875 0.8564814814814815 0.06354166666666666 0.28703703703703703
3 0.7174479166666666 0.6675925925925926 0.18697916666666667 0.22037037037037038
3 0.6278645833333333 0.6416666666666667 0.0890625 0.15185185185185185
1 0.5802083333333333 0.6444444444444445 0.021875 0.1259259259259259
3 0.4705729166666667 0.6416666666666667 0.09010416666666667 0.14074074074074075
2 0.4 0.6189814814814815 0.009375 0.028703703703703703
2 0.3815104166666667 0.6180555555555556 0.013020833333333334 0.041666666666666664
2 0.35989583333333336 0.6222222222222222 0.013541666666666667 0.04814814814814815
2 0.29739583333333336 0.6319444444444444 0.01875 0.0824074074074074
3 0.33151041666666664 0.6222222222222222 0.0328125 0.04814814814814815
3 0.25104166666666666 0.6291666666666667 0.05416666666666667 0.0824074074074074
3 0.20442708333333334 0.638425925925926 0.07760416666666667 0.08611111111111111
4 0.12734375 0.6314814814814815 0.11822916666666666 0.1425925925925926
