4 0.8971354166666666 0.6736111111111112 0.10572916666666667 0.075
4 0.9528645833333333 0.674074074074074 0.07135416666666666 0.05740740740740741
3 0.8296875 0.6763888888888889 0.0375 0.023148148148148147
3 0.7861979166666667 0.6791666666666667 0.03697916666666667 0.030555555555555555
1 0.7815104166666667 0.6814814814814815 0.0109375 0.05185185185185185
3 0.65859375 0.7361111111111112 0.15572916666666667 0.17407407407407408
3 0.5690104166666666 0.700925925925926 0.0546875 0.08703703703703704
3 0.43072916666666666 0.7912037037037037 0.30104166666666665 0.41574074074074074
3 0.25390625 0.6898148148148148 0.1203125 0.17777777777777778
3 0.12213541666666666 0.7245370370370371 0.24322916666666666 0.31574074074074077
2 0.7151041666666667 0.7 0.022916666666666665 0.08518518518518518
