3 0.5018229166666667 0.712037037037037 0.018229166666666668 0.025925925925925925
3 0.4859375 0.7083333333333334 0.011458333333333333 0.018518518518518517
3 0.4734375 0.7111111111111111 0.019791666666666666 0.02962962962962963
3 0.4453125 0.7212962962962963 0.04479166666666667 0.06111111111111111
3 0.42213541666666665 0.7083333333333334 0.018229166666666668 0.037037037037037035
3 0.40677083333333336 0.7171296296296297 0.029166666666666667 0.041666666666666664
3 0.36875 0.7199074074074074 0.04479166666666667 0.05462962962962963
3 0.3234375 0.7111111111111111 0.06770833333333333 0.10185185185185185
3 0.28020833333333334 0.7305555555555555 0.07708333333333334 0.0962962962962963
1 0.28489583333333335 0.7277777777777777 0.026041666666666668 0.12407407407407407
3 0.20442708333333334 0.7324074074074074 0.13385416666666666 0.14629629629629629
2 0.6604166666666667 0.7592592592592593 0.041666666666666664 0.1814814814814815
