3 0.16744791666666667 0.7199074074074074 0.3338541666666667 0.4638888888888889
3 0.4953125 0.663425925925926 0.06770833333333333 0.05462962962962963
3 0.5080729166666667 0.6722222222222223 0.0609375 0.053703703703703705
3 0.52890625 0.6754629629629629 0.07864583333333333 0.05648148148148148
3 0.5403645833333334 0.6773148148148148 0.07864583333333333 0.05648148148148148
3 0.5776041666666667 0.6703703703703704 0.08229166666666667 0.07037037037037037
3 0.6315104166666666 0.674537037037037 0.12760416666666666 0.11388888888888889
3 0.68515625 0.6837962962962963 0.18802083333333333 0.11574074074074074
3 0.7736979166666667 0.7069444444444445 0.3328125 0.21574074074074073
2 0.7135416666666666 0.7754629629629629 0.128125 0.3768518518518518
1 0.9119791666666667 0.6611111111111111 0.026041666666666668 0.17592592592592593
1 0.8994791666666667 0.6601851851851852 0.041666666666666664 0.1685185185185185
3 0.9119791666666667 0.6546296296296297 0.109375 0.08518518518518518
3 0.9401041666666666 0.6347222222222222 0.071875 0.06944444444444445
3 0.9635416666666666 0.6402777777777777 0.071875 0.06944444444444445
3 0.98046875 0.65 0.03802083333333333 0.09814814814814815
4 0.475 0.6518518518518519 0.053125 0.07222222222222222
