3 0.7677083333333333 0.6342592592592593 0.04791666666666667 0.06111111111111111
4 0.7549479166666667 0.6018518518518519 0.07447916666666667 0.1037037037037037
4 0.7078125 0.6194444444444445 0.041666666666666664 0.06666666666666667
4 0.6546875 0.6162037037037037 0.05416666666666667 0.08425925925925926
3 0.44427083333333334 0.6166666666666667 0.05625 0.11666666666666667
3 0.4161458333333333 0.6574074074074074 0.10104166666666667 0.15
3 0.3484375 0.6356481481481482 0.053125 0.062037037037037036
2 0.2984375 0.6310185185185185 0.0125 0.04537037037037037
3 0.29322916666666665 0.6171296296296296 0.041666666666666664 0.03425925925925926
3 0.08333333333333333 0.7027777777777777 0.1625 0.3277777777777778
5 0.065625 0.5550925925925926 0.128125 0.4064814814814815
