1 0.9859375 0.7296296296296296 0.023958333333333335 0.22962962962962963
1 0.9033854166666667 0.6930555555555555 0.033854166666666664 0.12314814814814815
1 0.6604166666666667 0.6773148148148148 0.015625 0.09351851851851851
3 0.48854166666666665 0.6662037037037037 0.020833333333333332 0.03611111111111111
3 0.43984375 0.6583333333333333 0.0171875 0.020370370370370372
3 0.4239583333333333 0.6657407407407407 0.025 0.03518518518518519
3 0.4015625 0.6615740740740741 0.016666666666666666 0.021296296296296296
2 0.33098958333333334 0.6657407407407407 0.009895833333333333 0.044444444444444446
1 0.2 0.6592592592592592 0.015625 0.06851851851851852
1 0.0953125 0.6560185185185186 0.015625 0.0824074074074074
