4 0.052083333333333336 0.6240740740740741 0.10208333333333333 0.13148148148148148
4 0.25546875 0.6037037037037037 0.06510416666666667 0.07407407407407407
3 0.2903645833333333 0.7240740740740741 0.12239583333333333 0.16296296296296298
3 0.45416666666666666 0.6226851851851852 0.03229166666666667 0.0712962962962963
3 0.8005208333333333 0.8310185185185185 0.39791666666666664 0.33611111111111114
3 0.48046875 0.6074074074074074 0.0109375 0.014814814814814815
4 0.4859375 0.6 0.011458333333333333 0.025925925925925925
4 0.50625 0.5916666666666667 0.016666666666666666 0.04259259259259259
3 0.49557291666666664 0.6143518518518518 0.0203125 0.030555555555555555
4 0.5263020833333333 0.6166666666666667 0.0359375 0.06481481481481481
