3 0.05260416666666667 0.7361111111111112 0.10416666666666667 0.3333333333333333
3 0.203125 0.7263888888888889 0.21145833333333333 0.2712962962962963
3 0.3203125 0.7032407407407407 0.16875 0.19907407407407407
3 0.41328125 0.6893518518518519 0.1484375 0.1638888888888889
3 0.51328125 0.6893518518518519 0.14427083333333332 0.12685185185185185
3 0.57578125 0.6800925925925926 0.14010416666666667 0.10833333333333334
3 0.6533854166666667 0.6782407407407407 0.1421875 0.10462962962962963
3 0.5932291666666667 0.6518518518518519 0.10729166666666666 0.09074074074074075
1 0.6682291666666667 0.6782407407407407 0.027083333333333334 0.13240740740740742
4 0.8684895833333334 0.6055555555555555 0.26197916666666665 0.19814814814814816
3 0.9270833333333334 0.7875 0.14270833333333333 0.27685185185185185
4 0.9486979166666667 0.6925925925925925 0.09947916666666666 0.2574074074074074
