2 0.17630208333333333 0.6282407407407408 0.0171875 0.05092592592592592
1 0.08125 0.6273148148148148 0.010416666666666666 0.05277777777777778
1 0.06953125 0.6240740740740741 0.011979166666666667 0.05740740740740741
1 0.19401041666666666 0.6217592592592592 0.008854166666666666 0.041666666666666664
1 0.25885416666666666 0.6226851851851852 0.008333333333333333 0.03796296296296296
3 0.32578125 0.6231481481481481 0.030729166666666665 0.037037037037037035
3 0.38125 0.624537037037037 0.027083333333333334 0.03981481481481482
3 0.40572916666666664 0.6189814814814815 0.014583333333333334 0.025
5 0.39036458333333335 0.6111111111111112 0.0140625 0.03148148148148148
3 0.43333333333333335 0.6231481481481481 0.021875 0.03888888888888889
2 0.5651041666666666 0.6574074074074074 0.020833333333333332 0.06851851851851852
