4 0.13307291666666668 0.6425925925925926 0.0703125 0.08888888888888889
3 0.28463541666666664 0.6407407407407407 0.0296875 0.037037037037037035
3 0.30755208333333334 0.6356481481481482 0.022395833333333334 0.026851851851851852
4 0.34791666666666665 0.6259259259259259 0.03854166666666667 0.027777777777777776
4 0.40859375 0.6092592592592593 0.018229166666666668 0.03148148148148148
3 0.4309895833333333 0.6240740740740741 0.0234375 0.044444444444444446
3 0.459375 0.6287037037037037 0.030208333333333334 0.06851851851851852
3 0.4796875 0.6263888888888889 0.01875 0.028703703703703703
4 0.4875 0.6175925925925926 0.011458333333333333 0.025925925925925925
4 0.5049479166666667 0.6111111111111112 0.016145833333333335 0.040740740740740744
3 0.5161458333333333 0.6277777777777778 0.016666666666666666 0.020370370370370372
4 0.5518229166666667 0.6231481481481481 0.028645833333333332 0.04814814814814815
3 0.6278645833333333 0.6513888888888889 0.059895833333333336 0.06574074074074074
3 0.8994791666666667 0.7217592592592592 0.19895833333333332 0.20462962962962963
