3 0.03359375 0.6041666666666666 0.0453125 0.041666666666666664
2 0.14453125 0.612037037037037 0.0234375 0.046296296296296294
4 0.3416666666666667 0.6064814814814815 0.026041666666666668 0.044444444444444446
3 0.37447916666666664 0.6143518518518518 0.027083333333333334 0.03611111111111111
3 0.40703125 0.6157407407407407 0.04635416666666667 0.040740740740740744
5 0.38723958333333336 0.5962962962962963 0.03802083333333333 0.07037037037037037
2 0.30859375 0.6134259259259259 0.0109375 0.03611111111111111
3 0.47109375 0.6129629629629629 0.06927083333333334 0.05
2 0.4627604166666667 0.6157407407407407 0.015104166666666667 0.04814814814814815
2 0.475 0.6259259259259259 0.020833333333333332 0.07037037037037037
3 0.5908854166666667 0.6166666666666667 0.0671875 0.04814814814814815
3 0.8135416666666667 0.6092592592592593 0.109375 0.10925925925925926
3 0.8424479166666666 0.6064814814814815 0.11927083333333334 0.1037037037037037
3 0.8921875 0.6106481481481482 0.103125 0.10092592592592593
3 0.97265625 0.5986111111111111 0.0546875 0.15092592592592594
3 0.9364583333333333 0.6106481481481482 0.11875 0.12129629629629629
