3 0.95625 0.6921296296296297 0.0875 0.22685185185185186
1 0.74296875 0.6375 0.025520833333333333 0.09351851851851851
3 0.65078125 0.5814814814814815 0.0140625 0.024074074074074074
3 0.6158854166666666 0.586574074074074 0.033854166666666664 0.025
3 0.5953125 0.5805555555555556 0.014583333333333334 0.014814814814814815
4 0.5752604166666667 0.5800925925925926 0.030729166666666665 0.06574074074074074
5 0.5427083333333333 0.5898148148148148 0.065625 0.13148148148148148
3 0.4940104166666667 0.5888888888888889 0.021354166666666667 0.022222222222222223
4 0.4861979166666667 0.5810185185185185 0.030729166666666665 0.032407407407407406
3 0.43333333333333335 0.5949074074074074 0.03229166666666667 0.030555555555555555
3 0.4041666666666667 0.5884259259259259 0.03125 0.03981481481481482
4 0.3684895833333333 0.5717592592592593 0.07239583333333334 0.09907407407407408
4 0.32083333333333336 0.5708333333333333 0.0125 0.028703703703703703
2 0.303125 0.5805555555555556 0.005208333333333333 0.020370370370370372
2 0.2630208333333333 0.6046296296296296 0.014583333333333334 0.040740740740740744
2 0.21484375 0.6134259259259259 0.0171875 0.05092592592592592
3 0.19583333333333333 0.586574074074074 0.030208333333333334 0.019444444444444445
2 0.16536458333333334 0.6189814814814815 0.024479166666666666 0.06944444444444445
4 0.04791666666666667 0.5712962962962963 0.09583333333333334 0.17777777777777778
