3 0.05703125 0.8379629629629629 0.11302083333333333 0.31851851851851853
2 0.06276041666666667 0.6902777777777778 0.019270833333333334 0.075
2 0.09244791666666667 0.6888888888888889 0.019270833333333334 0.07962962962962963
2 0.11614583333333334 0.6930555555555555 0.022916666666666665 0.06944444444444445
2 0.16197916666666667 0.6907407407407408 0.01875 0.05925925925925926
5 0.26119791666666664 0.6666666666666666 0.0953125 0.12222222222222222
3 0.28489583333333335 0.7032407407407407 0.058333333333333334 0.06759259259259259
3 0.34739583333333335 0.6939814814814815 0.03125 0.04537037037037037
5 0.37265625 0.6763888888888889 0.034895833333333334 0.06759259259259259
3 0.3971354166666667 0.674074074074074 0.0234375 0.053703703703703705
3 0.42083333333333334 0.6939814814814815 0.04479166666666667 0.06574074074074074
4 0.45651041666666664 0.6856481481481481 0.018229166666666668 0.03425925925925926
2 0.7278645833333334 0.7347222222222223 0.044270833333333336 0.15833333333333333
2 0.71875 0.725462962962963 0.03854166666666667 0.11203703703703703
2 0.9598958333333333 0.7611111111111111 0.07708333333333334 0.21851851851851853
