2 0.11484375 0.7050925925925926 0.025520833333333333 0.08611111111111111
3 0.23359375 0.6662037037037037 0.022395833333333334 0.019444444444444445
3 0.2877604166666667 0.6666666666666666 0.0171875 0.018518518518518517
3 0.328125 0.675 0.022916666666666665 0.03518518518518519
3 0.34817708333333336 0.6680555555555555 0.022395833333333334 0.021296296296296296
3 0.3828125 0.6694444444444444 0.016666666666666666 0.020370370370370372
3 0.40520833333333334 0.6689814814814815 0.025 0.028703703703703703
1 0.44166666666666665 0.6722222222222223 0.007291666666666667 0.022222222222222223
3 0.46484375 0.6805555555555556 0.04114583333333333 0.08333333333333333
3 0.4895833333333333 0.6726851851851852 0.023958333333333335 0.05092592592592592
3 0.5111979166666667 0.6814814814814815 0.0328125 0.05925925925925926
3 0.5359375 0.6805555555555556 0.05625 0.07777777777777778
2 0.7661458333333333 0.6925925925925925 0.0375 0.09074074074074075
3 0.8338541666666667 0.6949074074074074 0.10833333333333334 0.08981481481481482
3 0.9260416666666667 0.6953703703703704 0.14583333333333334 0.10925925925925926
