3 0.4078125 0.6208333333333333 0.009375 0.013888888888888888
4 0.41901041666666666 0.6143518518518518 0.016145833333333335 0.03981481481481482
3 0.38645833333333335 0.6212962962962963 0.013541666666666667 0.018518518518518517
3 0.36171875 0.625 0.011979166666666667 0.016666666666666666
3 0.34869791666666666 0.625462962962963 0.016145833333333335 0.028703703703703703
3 0.334375 0.6296296296296297 0.021875 0.03148148148148148
3 0.2994791666666667 0.6291666666666667 0.052083333333333336 0.04537037037037037
3 0.027604166666666666 0.6361111111111111 0.05520833333333333 0.05925925925925926
3 0.1109375 0.6305555555555555 0.04895833333333333 0.03518518518518519
3 0.3768229166666667 0.6222222222222222 0.008854166666666666 0.014814814814814815
3 0.4432291666666667 0.6268518518518519 0.019791666666666666 0.02962962962962963
3 0.4901041666666667 0.6453703703703704 0.05 0.07407407407407407
3 0.696875 0.6666666666666666 0.103125 0.10185185185185185
2 0.6072916666666667 0.6347222222222222 0.014583333333333334 0.04722222222222222
1 0.9911458333333333 0.6648148148148149 0.016666666666666666 0.09259259259259259
