3 0.024479166666666666 0.6731481481481482 0.04791666666666667 0.18703703703703703
3 0.22473958333333333 0.6453703703703704 0.0828125 0.0962962962962963
3 0.3065104166666667 0.6180555555555556 0.0234375 0.025
3 0.31927083333333334 0.6185185185185185 0.03125 0.018518518518518517
3 0.33567708333333335 0.6185185185185185 0.024479166666666666 0.018518518518518517
3 0.36041666666666666 0.6337962962962963 0.03229166666666667 0.03611111111111111
3 0.39010416666666664 0.6296296296296297 0.03125 0.037037037037037035
4 0.415625 0.6217592592592592 0.029166666666666667 0.05277777777777778
3 0.4453125 0.6180555555555556 0.017708333333333333 0.023148148148148147
3 0.53671875 0.6481481481481481 0.0703125 0.11666666666666667
3 0.5981770833333333 0.637962962962963 0.058854166666666666 0.08518518518518518
2 0.6559895833333333 0.6310185185185185 0.0171875 0.062037037037037036
3 0.5046875 0.6106481481481482 0.011458333333333333 0.017592592592592594
