2 0.15416666666666667 0.6208333333333333 0.08333333333333333 0.14166666666666666
1 0.27838541666666666 0.600462962962963 0.0171875 0.09166666666666666
4 0.37395833333333334 0.5541666666666667 0.371875 0.1787037037037037
3 0.5955729166666667 0.600462962962963 0.019270833333333334 0.021296296296296296
3 0.6497395833333334 0.6078703703703704 0.13177083333333334 0.0824074074074074
2 0.7481770833333333 0.6675925925925926 0.07760416666666667 0.21296296296296297
1 0.7786458333333334 0.6152777777777778 0.014583333333333334 0.06574074074074074
2 0.8515625 0.674074074074074 0.08333333333333333 0.24444444444444444
2 0.91796875 0.6615740740740741 0.0609375 0.2712962962962963
3 0.9588541666666667 0.6074074074074074 0.08125 0.08703703703703704
