2 0.6872395833333333 0.7537037037037037 0.0203125 0.07777777777777778
4 0.6197916666666666 0.7351851851851852 0.078125 0.14444444444444443
3 0.5716145833333334 0.7444444444444445 0.049479166666666664 0.06481481481481481
3 0.4778645833333333 0.7532407407407408 0.13802083333333334 0.2953703703703704
3 0.39453125 0.737037037037037 0.0421875 0.06296296296296296
4 0.37734375 0.7037037037037037 0.049479166666666664 0.10555555555555556
3 0.34609375 0.725 0.04114583333333333 0.07037037037037037
3 0.30911458333333336 0.7069444444444445 0.0703125 0.125
3 0.2677083333333333 0.725 0.04479166666666667 0.06296296296296296
3 0.23307291666666666 0.7273148148148149 0.0390625 0.05277777777777778
3 0.19427083333333334 0.7273148148148149 0.06979166666666667 0.0787037037037037
3 0.10520833333333333 0.725925925925926 0.17083333333333334 0.20555555555555555
