2 0.052083333333333336 0.625 0.028125 0.10185185185185185
2 0.22916666666666666 0.625462962962963 0.016666666666666666 0.06018518518518518
3 0.2833333333333333 0.6240740740740741 0.07708333333333334 0.09814814814814815
4 0.35182291666666665 0.5953703703703703 0.059895833333333336 0.12037037037037036
3 0.3731770833333333 0.6212962962962963 0.06614583333333333 0.11481481481481481
3 0.41119791666666666 0.6069444444444444 0.0203125 0.04722222222222222
4 0.4466145833333333 0.5796296296296296 0.04635416666666667 0.10925925925925926
4 0.52265625 0.5837962962962963 0.016145833333333335 0.03425925925925926
4 0.54921875 0.5888888888888889 0.018229166666666668 0.037037037037037035
3 0.5653645833333333 0.6208333333333333 0.0421875 0.058333333333333334
3 0.61953125 0.6365740740740741 0.0796875 0.10092592592592593
2 0.6979166666666666 0.625462962962963 0.013541666666666667 0.05092592592592592
3 0.9059895833333333 0.7069444444444445 0.18697916666666667 0.44166666666666665
