3 0.027083333333333334 0.6300925925925925 0.05416666666666667 0.08055555555555556
3 0.06458333333333334 0.6472222222222223 0.08020833333333334 0.07037037037037037
3 0.17239583333333333 0.6407407407407407 0.08541666666666667 0.06851851851851852
3 0.22942708333333334 0.6398148148148148 0.0671875 0.05740740740740741
3 0.3223958333333333 0.6597222222222222 0.053125 0.06388888888888888
2 0.3455729166666667 0.6625 0.024479166666666666 0.08981481481481482
2 0.3848958333333333 0.6513888888888889 0.014583333333333334 0.04351851851851852
3 0.3924479166666667 0.6370370370370371 0.033854166666666664 0.025925925925925925
3 0.51484375 0.6439814814814815 0.018229166666666668 0.025
3 0.5341145833333333 0.6412037037037037 0.011979166666666667 0.017592592592592594
2 0.5588541666666667 0.649074074074074 0.008333333333333333 0.03518518518518519
2 0.5635416666666667 0.6481481481481481 0.008333333333333333 0.03333333333333333
2 0.5752604166666667 0.6550925925925926 0.011979166666666667 0.04722222222222222
2 0.6028645833333334 0.6550925925925926 0.013020833333333334 0.05092592592592592
2 0.6494791666666667 0.6731481481481482 0.03333333333333333 0.11296296296296296
3 0.49921875 0.6375 0.008854166666666666 0.013888888888888888
