3 0.45 0.5731481481481482 0.017708333333333333 0.024074074074074074
1 0.3302083333333333 0.7 0.05520833333333333 0.23333333333333334
1 0.17083333333333334 0.8046296296296296 0.1125 0.3888888888888889
1 0.5416666666666666 0.8356481481481481 0.134375 0.3287037037037037
4 0.7518229166666667 0.5981481481481481 0.3380208333333333 0.37407407407407406
4 0.76015625 0.6699074074074074 0.4796875 0.33055555555555555
4 0.17916666666666667 0.5 0.35833333333333334 1.0
3 0.5643229166666667 0.6037037037037037 0.0796875 0.06851851851851852
4 0.5703125 0.5847222222222223 0.13229166666666667 0.0824074074074074
4 0.3416666666666667 0.5712962962962963 0.09166666666666666 0.08703703703703704
