3 0.9440104166666666 0.6930555555555555 0.10260416666666666 0.058333333333333334
3 0.8421875 0.6875 0.08958333333333333 0.05462962962962963
2 0.7716145833333333 0.749537037037037 0.0890625 0.25833333333333336
5 0.6153645833333333 0.6518518518518519 0.2557291666666667 0.1425925925925926
2 0.47421875 0.6902777777777778 0.05260416666666667 0.08981481481481482
3 0.4390625 0.6703703703703704 0.019791666666666666 0.03518518518518519
4 0.39609375 0.6578703703703703 0.0296875 0.06574074074074074
3 0.3572916666666667 0.6777777777777778 0.023958333333333335 0.027777777777777776
2 0.28411458333333334 0.6986111111111111 0.044270833333333336 0.18055555555555555
2 0.13671875 0.7273148148148149 0.2234375 0.38055555555555554
3 0.22734375 0.6731481481481482 0.1078125 0.07222222222222222
3 0.19192708333333333 0.6833333333333333 0.13385416666666666 0.06851851851851852
3 0.13255208333333332 0.6726851851851852 0.09635416666666667 0.06759259259259259
5 0.03203125 0.6476851851851851 0.06302083333333333 0.12314814814814815
