3 0.12760416666666666 0.7379629629629629 0.253125 0.2537037037037037
3 0.2950520833333333 0.6944444444444444 0.049479166666666664 0.05555555555555555
3 0.3541666666666667 0.7018518518518518 0.07395833333333333 0.08703703703703704
5 0.34375 0.662962962962963 0.028125 0.040740740740740744
5 0.36770833333333336 0.6662037037037037 0.021875 0.03611111111111111
5 0.3958333333333333 0.6620370370370371 0.014583333333333334 0.027777777777777776
5 0.4041666666666667 0.6638888888888889 0.021875 0.027777777777777776
3 0.4158854166666667 0.6810185185185185 0.022395833333333334 0.030555555555555555
3 0.39739583333333334 0.6925925925925925 0.03229166666666667 0.05
3 0.4744791666666667 0.7458333333333333 0.13645833333333332 0.19907407407407407
2 0.5916666666666667 0.6921296296296297 0.008333333333333333 0.03425925925925926
2 0.5453125 0.6819444444444445 0.005208333333333333 0.023148148148148147
1 0.55390625 0.6837962962962963 0.0046875 0.019444444444444445
