3 0.7520833333333333 0.5625 0.03229166666666667 0.058333333333333334
2 0.49557291666666664 0.6027777777777777 0.011979166666666667 0.03888888888888889
3 0.44192708333333336 0.6032407407407407 0.0390625 0.058333333333333334
4 0.3497395833333333 0.5703703703703704 0.0171875 0.03888888888888889
3 0.3411458333333333 0.5800925925925926 0.017708333333333333 0.030555555555555555
3 0.3307291666666667 0.5773148148148148 0.011458333333333333 0.019444444444444445
3 0.3263020833333333 0.5745370370370371 0.0140625 0.021296296296296296
4 0.32109375 0.5648148148148148 0.022395833333333334 0.037037037037037035
3 0.3104166666666667 0.5745370370370371 0.013541666666666667 0.017592592592592594
3 0.30234375 0.5666666666666667 0.009895833333333333 0.016666666666666666
3 0.29140625 0.5666666666666667 0.011979166666666667 0.020370370370370372
4 0.27057291666666666 0.5569444444444445 0.019270833333333334 0.025
5 0.225 0.5532407407407407 0.0125 0.023148148148148147
3 0.23177083333333334 0.5569444444444445 0.011458333333333333 0.013888888888888888
3 0.2518229166666667 0.5615740740740741 0.008854166666666666 0.012037037037037037
3 0.24713541666666666 0.5601851851851852 0.009895833333333333 0.012962962962962963
1 0.71953125 0.637962962962963 0.021354166666666667 0.09259259259259259
