4 0.11822916666666666 0.6314814814814815 0.17916666666666667 0.16666666666666666
3 0.30520833333333336 0.6486111111111111 0.03125 0.032407407407407406
3 0.3411458333333333 0.6388888888888888 0.019791666666666666 0.025925925925925925
3 0.3578125 0.6351851851851852 0.017708333333333333 0.025925925925925925
3 0.37395833333333334 0.6370370370370371 0.0125 0.025925925925925925
4 0.3958333333333333 0.6273148148148148 0.020833333333333332 0.04537037037037037
4 0.4088541666666667 0.6310185185185185 0.023958333333333335 0.05462962962962963
5 0.4205729166666667 0.6273148148148148 0.028645833333333332 0.05462962962962963
4 0.42552083333333335 0.6199074074074075 0.027083333333333334 0.05648148148148148
4 0.44036458333333334 0.6287037037037037 0.0296875 0.03888888888888889
4 0.46171875 0.625 0.0234375 0.020370370370370372
3 0.48151041666666666 0.6375 0.013020833333333334 0.021296296296296296
