3 0.048177083333333336 0.7337962962962963 0.09635416666666667 0.1527777777777778
4 0.26328125 0.6759259259259259 0.10364583333333334 0.1685185185185185
3 0.34817708333333336 0.7310185185185185 0.0546875 0.0712962962962963
3 0.390625 0.725 0.03229166666666667 0.04259259259259259
3 0.4114583333333333 0.7166666666666667 0.020833333333333332 0.03888888888888889
4 0.409375 0.7023148148148148 0.019791666666666666 0.04537037037037037
3 0.41953125 0.7111111111111111 0.019270833333333334 0.040740740740740744
3 0.45 0.7231481481481481 0.03125 0.053703703703703705
3 0.4783854166666667 0.7175925925925926 0.008854166666666666 0.016666666666666666
3 0.4890625 0.7194444444444444 0.01875 0.03333333333333333
3 0.49635416666666665 0.7300925925925926 0.026041666666666668 0.03981481481481482
3 0.5513020833333333 0.7384259259259259 0.059895833333333336 0.10833333333333334
