2 0.8286458333333333 0.6916666666666667 0.029166666666666667 0.10185185185185185
3 0.7841145833333333 0.7310185185185185 0.1328125 0.17314814814814813
2 0.6895833333333333 0.6833333333333333 0.01875 0.06666666666666667
3 0.5752604166666667 0.6782407407407407 0.05364583333333333 0.075
3 0.4713541666666667 0.7347222222222223 0.13333333333333333 0.20277777777777778
4 0.41484375 0.6703703703703704 0.015104166666666667 0.02962962962962963
3 0.37526041666666665 0.6847222222222222 0.05572916666666667 0.08796296296296297
3 0.3497395833333333 0.6833333333333333 0.03697916666666667 0.05
2 0.32526041666666666 0.6856481481481481 0.0067708333333333336 0.026851851851851852
3 0.26484375 0.7092592592592593 0.1171875 0.13148148148148148
3 0.05911458333333333 0.7578703703703704 0.11614583333333334 0.375
