3 0.07109375 0.5944444444444444 0.11197916666666667 0.07407407407407407
3 0.09947916666666666 0.5958333333333333 0.10625 0.06944444444444445
3 0.12369791666666667 0.5944444444444444 0.09635416666666667 0.06111111111111111
3 0.16328125 0.5958333333333333 0.07760416666666667 0.05277777777777778
3 0.2140625 0.5986111111111111 0.07604166666666666 0.049074074074074076
3 0.23880208333333333 0.5949074074074074 0.0546875 0.04722222222222222
2 0.2869791666666667 0.6125 0.015625 0.05092592592592592
2 0.31223958333333335 0.6125 0.015104166666666667 0.05277777777777778
2 0.3828125 0.6097222222222223 0.009375 0.03425925925925926
3 0.42239583333333336 0.6083333333333333 0.013541666666666667 0.016666666666666666
4 0.4473958333333333 0.5902777777777778 0.036458333333333336 0.08425925925925926
3 0.4546875 0.6138888888888889 0.035416666666666666 0.05185185185185185
3 0.48203125 0.6162037037037037 0.0203125 0.032407407407407406
