3 0.4119791666666667 0.6546296296296297 0.06875 0.07037037037037037
3 0.4544270833333333 0.6425925925925926 0.025520833333333333 0.03888888888888889
1 0.4705729166666667 0.6421296296296296 0.0078125 0.032407407407407406
3 0.48880208333333336 0.6462962962962963 0.033854166666666664 0.037037037037037035
3 0.5041666666666667 0.6347222222222222 0.021875 0.019444444444444445
3 0.5234375 0.6393518518518518 0.017708333333333333 0.023148148148148147
3 0.55546875 0.6435185185185185 0.028645833333333332 0.037037037037037035
3 0.5817708333333333 0.6365740740740741 0.013541666666666667 0.025
1 0.5908854166666667 0.649074074074074 0.011979166666666667 0.05
3 0.59296875 0.6439814814814815 0.0203125 0.030555555555555555
2 0.6143229166666667 0.6560185185185186 0.016145833333333335 0.058333333333333334
2 0.721875 0.6550925925925926 0.019791666666666666 0.06944444444444445
