3 0.9669270833333333 0.6152777777777778 0.06302083333333333 0.09722222222222222
3 0.96640625 0.6 0.06302083333333333 0.1037037037037037
3 0.90078125 0.6152777777777778 0.10885416666666667 0.11018518518518519
1 0.9130208333333333 0.6287037037037037 0.034375 0.18333333333333332
3 0.8221354166666667 0.6166666666666667 0.0828125 0.08703703703703704
3 0.7674479166666667 0.6212962962962963 0.1015625 0.09074074074074075
2 0.6190104166666667 0.6277777777777778 0.022395833333333334 0.09814814814814815
2 0.59609375 0.6236111111111111 0.019270833333333334 0.0787037037037037
3 0.47942708333333334 0.6611111111111111 0.13385416666666666 0.20925925925925926
3 0.39401041666666664 0.6018518518518519 0.021354166666666667 0.03148148148148148
3 0.12473958333333333 0.5990740740740741 0.06614583333333333 0.046296296296296294
4 0.18046875 0.5893518518518519 0.0765625 0.062037037037037036
3 0.07135416666666666 0.6097222222222223 0.1 0.062037037037037036
