3 0.5473958333333333 0.6935185185185185 0.12291666666666666 0.18703703703703703
3 0.22916666666666666 0.7097222222222223 0.23541666666666666 0.23981481481481481
3 0.4049479166666667 0.6504629629629629 0.0765625 0.1398148148148148
1 0.9229166666666667 0.6625 0.03854166666666667 0.11388888888888889
3 0.7940104166666667 0.6537037037037037 0.15052083333333333 0.12962962962962962
3 0.8794270833333333 0.6671296296296296 0.06197916666666667 0.07685185185185185
3 0.6955729166666667 0.6597222222222222 0.0265625 0.049074074074074076
3 0.44296875 0.6532407407407408 0.04114583333333333 0.062037037037037036
1 0.35703125 0.6486111111111111 0.009895833333333333 0.04351851851851852
3 0.4640625 0.6537037037037037 0.023958333333333335 0.053703703703703705
3 0.6401041666666667 0.6449074074074074 0.03958333333333333 0.049074074074074076
