3 0.031510416666666666 0.6324074074074074 0.05677083333333333 0.03888888888888889
3 0.103125 0.6388888888888888 0.078125 0.04814814814814815
3 0.140625 0.624537037037037 0.042708333333333334 0.032407407407407406
3 0.1734375 0.6226851851851852 0.035416666666666666 0.026851851851851852
3 0.22916666666666666 0.6282407407407408 0.059375 0.03796296296296296
2 0.24505208333333334 0.6453703703703704 0.024479166666666666 0.04814814814814815
3 0.25833333333333336 0.6162037037037037 0.042708333333333334 0.030555555555555555
3 0.31328125 0.625 0.05572916666666667 0.040740740740740744
3 0.36953125 0.611574074074074 0.06197916666666667 0.03796296296296296
3 0.3703125 0.6648148148148149 0.04895833333333333 0.08333333333333333
3 0.33880208333333334 0.6935185185185185 0.0890625 0.12777777777777777
3 0.42864583333333334 0.6078703703703704 0.05625 0.03611111111111111
5 0.45234375 0.5819444444444445 0.10364583333333334 0.058333333333333334
2 0.5088541666666667 0.6175925925925926 0.030208333333333334 0.046296296296296294
3 0.46380208333333334 0.6703703703703704 0.058854166666666666 0.08703703703703704
2 0.55546875 0.6166666666666667 0.030729166666666665 0.04814814814814815
3 0.54765625 0.5921296296296297 0.0484375 0.03796296296296296
3 0.5786458333333333 0.5875 0.03958333333333333 0.028703703703703703
3 0.6372395833333333 0.5953703703703703 0.0609375 0.03888888888888889
3 0.7052083333333333 0.5888888888888889 0.065625 0.046296296296296294
2 0.6890625 0.6060185185185185 0.035416666666666666 0.04537037037037037
2 0.74296875 0.5990740740740741 0.021354166666666667 0.044444444444444446
2 0.7635416666666667 0.5981481481481481 0.023958333333333335 0.046296296296296294
3 0.7338541666666667 0.5814814814814815 0.03333333333333333 0.037037037037037035
3 0.8760416666666667 0.5712962962962963 0.052083333333333336 0.046296296296296294
3 0.94921875 0.6291666666666667 0.10052083333333334 0.10648148148148148
3 0.9127604166666666 0.625462962962963 0.10885416666666667 0.08425925925925926
3 0.09895833333333333 0.8865740740740741 0.196875 0.22870370370370371
