3 0.03411458333333333 0.7111111111111111 0.06822916666666666 0.11481481481481481
3 0.2513020833333333 0.6847222222222222 0.10052083333333334 0.125
2 0.3072916666666667 0.6791666666666667 0.010416666666666666 0.03796296296296296
3 0.3421875 0.6805555555555556 0.04791666666666667 0.07407407407407407
3 0.44296875 0.6763888888888889 0.030729166666666665 0.041666666666666664
3 0.18515625 0.7013888888888888 0.1265625 0.08981481481481482
3 0.0609375 0.675 0.121875 0.16666666666666666
3 0.12291666666666666 0.6875 0.051041666666666666 0.08611111111111111
3 0.56328125 0.7699074074074074 0.22864583333333333 0.325
2 0.6518229166666667 0.6768518518518518 0.0109375 0.037037037037037035
2 0.7135416666666666 0.6925925925925925 0.020833333333333332 0.06851851851851852
3 0.8546875 0.6625 0.090625 0.06388888888888888
3 0.9669270833333333 0.6597222222222222 0.06614583333333333 0.06018518518518518
3 0.75625 0.6638888888888889 0.042708333333333334 0.03148148148148148
