5 0.09166666666666666 0.48842592592592593 0.18333333333333332 0.5231481481481481
3 0.203125 0.6462962962962963 0.08958333333333333 0.11296296296296296
3 0.2604166666666667 0.6393518518518518 0.08020833333333334 0.09166666666666666
3 0.29635416666666664 0.6328703703703704 0.04583333333333333 0.06759259259259259
3 0.36380208333333336 0.6324074074074074 0.05260416666666667 0.06481481481481481
3 0.42630208333333336 0.6314814814814815 0.04635416666666667 0.06481481481481481
3 0.4078125 0.624537037037037 0.023958333333333335 0.04722222222222222
3 0.48203125 0.6393518518518518 0.06927083333333334 0.08981481481481482
2 0.5223958333333333 0.6370370370370371 0.026041666666666668 0.12037037037037036
3 0.5924479166666666 0.6532407407407408 0.0953125 0.11574074074074074
3 0.7127604166666667 0.687037037037037 0.19635416666666666 0.2
5 0.9203125 0.5560185185185185 0.12395833333333334 0.12685185185185185
