2 0.22760416666666666 0.6601851851851852 0.021875 0.08888888888888889
1 0.37161458333333336 0.6638888888888889 0.009895833333333333 0.08333333333333333
3 0.5684895833333333 0.6759259259259259 0.034895833333333334 0.044444444444444446
4 0.634375 0.6462962962962963 0.09479166666666666 0.18333333333333332
5 0.71484375 0.6583333333333333 0.0953125 0.07962962962962963
3 0.7140625 0.6796296296296296 0.053125 0.06111111111111111
3 0.7440104166666667 0.6875 0.06197916666666667 0.07314814814814814
3 0.7893229166666667 0.6976851851851852 0.06927083333333334 0.08055555555555556
3 0.86328125 0.6953703703703704 0.12447916666666667 0.13703703703703704
3 0.9669270833333333 0.6671296296296296 0.0671875 0.07685185185185185
3 0.9236979166666667 0.6703703703703704 0.050520833333333334 0.05185185185185185
