3 0.037760416666666664 0.6444444444444445 0.06927083333333334 0.04259259259259259
3 0.10755208333333334 0.6337962962962963 0.05572916666666667 0.04537037037037037
3 0.12942708333333333 0.6370370370370371 0.0578125 0.03518518518518519
3 0.1515625 0.6342592592592593 0.052083333333333336 0.037037037037037035
3 0.19505208333333332 0.6421296296296296 0.05364583333333333 0.03981481481481482
3 0.2453125 0.6398148148148148 0.058333333333333334 0.03518518518518519
3 0.26614583333333336 0.6393518518518518 0.04583333333333333 0.05277777777777778
3 0.33098958333333334 0.6597222222222222 0.12447916666666667 0.1361111111111111
3 0.40859375 0.6393518518518518 0.0546875 0.07685185185185185
3 0.44973958333333336 0.6351851851851852 0.0390625 0.05
3 0.4713541666666667 0.6282407407407408 0.022916666666666665 0.03611111111111111
3 0.50625 0.6324074074074074 0.0375 0.05925925925925926
2 0.6643229166666667 0.6416666666666667 0.034895833333333334 0.09444444444444444
