3 0.7630208333333334 0.6319444444444444 0.096875 0.04351851851851852
3 0.5947916666666667 0.6680555555555555 0.10104166666666667 0.11203703703703703
1 0.5473958333333333 0.6537037037037037 0.03333333333333333 0.12407407407407407
3 0.48046875 0.6277777777777778 0.0203125 0.02962962962962963
3 0.4546875 0.6143518518518518 0.017708333333333333 0.01574074074074074
3 0.44375 0.6199074074074075 0.013541666666666667 0.021296296296296296
3 0.42552083333333335 0.6152777777777778 0.010416666666666666 0.017592592592592594
3 0.40338541666666666 0.612037037037037 0.019270833333333334 0.012962962962962963
3 0.3885416666666667 0.6162037037037037 0.01875 0.028703703703703703
3 0.3497395833333333 0.6226851851851852 0.04010416666666667 0.062037037037037036
1 0.21744791666666666 0.6162037037037037 0.0234375 0.06759259259259259
