1 0.98359375 0.7421296296296296 0.03177083333333333 0.4842592592592593
1 0.9216145833333333 0.7199074074074074 0.06614583333333333 0.41944444444444445
3 0.5536458333333333 0.7180555555555556 0.12708333333333333 0.18425925925925926
3 0.46770833333333334 0.6708333333333333 0.017708333333333333 0.03425925925925926
3 0.453125 0.6722222222222223 0.023958333333333335 0.040740740740740744
3 0.4276041666666667 0.6791666666666667 0.036458333333333336 0.049074074074074076
1 0.3294270833333333 0.6787037037037037 0.021354166666666667 0.06851851851851852
1 0.26145833333333335 0.7319444444444444 0.0125 0.04351851851851852
1 0.23958333333333334 0.7097222222222223 0.046875 0.1638888888888889
3 0.045572916666666664 0.7263888888888889 0.09010416666666667 0.27685185185185185
