4 0.28515625 0.6592592592592592 0.15677083333333333 0.2611111111111111
5 0.3692708333333333 0.5921296296296297 0.053125 0.09537037037037037
3 0.39609375 0.6439814814814815 0.05364583333333333 0.06944444444444445
4 0.44947916666666665 0.587037037037037 0.030208333333333334 0.07222222222222222
3 0.4278645833333333 0.6050925925925926 0.027604166666666666 0.04722222222222222
3 0.47682291666666665 0.6407407407407407 0.05364583333333333 0.06851851851851852
3 0.5244791666666667 0.6305555555555555 0.04479166666666667 0.06296296296296296
3 0.5697916666666667 0.6939814814814815 0.1 0.12314814814814815
3 0.6388020833333333 0.6592592592592592 0.09947916666666666 0.1111111111111111
3 0.84609375 0.8449074074074074 0.3067708333333333 0.3101851851851852
3 0.8783854166666667 0.75 0.24114583333333334 0.21296296296296297
