3 0.13020833333333334 0.7851851851851852 0.259375 0.42777777777777776
3 0.40572916666666664 0.8638888888888889 0.3875 0.2722222222222222
4 0.24635416666666668 0.5689814814814815 0.14375 0.2064814814814815
2 0.3541666666666667 0.6671296296296296 0.06979166666666667 0.10648148148148148
2 0.41067708333333336 0.6796296296296296 0.08489583333333334 0.12037037037037036
4 0.3854166666666667 0.5828703703703704 0.041666666666666664 0.10833333333333334
2 0.6359375 0.6620370370370371 0.036458333333333336 0.10925925925925926
2 0.6536458333333334 0.6574074074074074 0.030208333333333334 0.0962962962962963
2 0.7567708333333333 0.674074074074074 0.035416666666666666 0.11666666666666667
2 0.79296875 0.7763888888888889 0.07552083333333333 0.25092592592592594
2 0.8330729166666667 0.7277777777777777 0.059895833333333336 0.18333333333333332
2 0.8096354166666667 0.6300925925925925 0.0328125 0.05277777777777778
2 0.9239583333333333 0.8037037037037037 0.09375 0.27037037037037037
