2 0.06875 0.6625 0.030208333333333334 0.12685185185185185
2 0.19036458333333334 0.6625 0.024479166666666666 0.10833333333333334
3 0.24583333333333332 0.6273148148148148 0.09270833333333334 0.10833333333333334
3 0.2721354166666667 0.6518518518518519 0.09322916666666667 0.08888888888888889
2 0.3619791666666667 0.6541666666666667 0.016666666666666666 0.06018518518518518
3 0.4359375 0.6574074074074074 0.05520833333333333 0.06851851851851852
3 0.4934895833333333 0.6504629629629629 0.0234375 0.032407407407407406
3 0.51015625 0.6458333333333334 0.0171875 0.026851851851851852
3 0.5375 0.6592592592592592 0.046875 0.07037037037037037
2 0.6158854166666666 0.6537037037037037 0.013020833333333334 0.044444444444444446
2 0.73046875 0.6560185185185186 0.018229166666666668 0.08055555555555556
1 0.7645833333333333 0.6541666666666667 0.017708333333333333 0.06759259259259259
1 0.8984375 0.6828703703703703 0.03229166666666667 0.16574074074074074
