1 0.24401041666666667 0.6814814814814815 0.0109375 0.07037037037037037
2 0.2765625 0.6907407407407408 0.025 0.07962962962962963
2 0.30546875 0.6990740740740741 0.0296875 0.12037037037037036
3 0.35260416666666666 0.7092592592592593 0.10729166666666666 0.1259259259259259
3 0.434375 0.6893518518518519 0.04583333333333333 0.0712962962962963
3 0.48854166666666665 0.7328703703703704 0.13854166666666667 0.21203703703703702
1 0.5559895833333334 0.6814814814814815 0.015104166666666667 0.0962962962962963
3 0.5734375 0.6703703703703704 0.03125 0.04259259259259259
3 0.61015625 0.6768518518518518 0.0421875 0.06481481481481481
5 0.6247395833333333 0.6296296296296297 0.0203125 0.04259259259259259
2 0.6416666666666667 0.6726851851851852 0.016666666666666666 0.05462962962962963
3 0.6674479166666667 0.6731481481481482 0.0296875 0.04814814814814815
1 0.6854166666666667 0.6972222222222222 0.019791666666666666 0.1111111111111111
1 0.70859375 0.6726851851851852 0.0140625 0.07314814814814814
3 0.7731770833333333 0.7032407407407407 0.12447916666666667 0.12685185185185185
3 0.9114583333333334 0.7361111111111112 0.17604166666666668 0.22407407407407406
1 0.9869791666666666 0.6472222222222223 0.022916666666666665 0.12777777777777777
1 0.83125 0.6569444444444444 0.010416666666666666 0.032407407407407406
