3 0.044270833333333336 0.6944444444444444 0.08958333333333333 0.2574074074074074
3 0.13932291666666666 0.6875 0.21927083333333333 0.15092592592592594
3 0.30416666666666664 0.6731481481481482 0.08854166666666667 0.09814814814814815
3 0.3463541666666667 0.6708333333333333 0.05416666666666667 0.07685185185185185
3 0.38645833333333335 0.6592592592592592 0.036458333333333336 0.06666666666666667
3 0.4044270833333333 0.6606481481481481 0.028645833333333332 0.03796296296296296
3 0.4171875 0.6601851851851852 0.019791666666666666 0.03518518518518519
1 0.48671875 0.6606481481481481 0.009895833333333333 0.049074074074074076
2 0.5109375 0.6675925925925926 0.016666666666666666 0.08333333333333333
3 0.4239583333333333 0.6587962962962963 0.016666666666666666 0.028703703703703703
3 0.5190104166666667 0.6592592592592592 0.0609375 0.046296296296296294
1 0.17291666666666666 0.6972222222222222 0.051041666666666666 0.13518518518518519
