3 0.07395833333333333 0.6902777777777778 0.14791666666666667 0.16574074074074074
3 0.24921875 0.6912037037037037 0.13385416666666666 0.14907407407407408
3 0.3658854166666667 0.6157407407407407 0.050520833333333334 0.07407407407407407
3 0.27421875 0.6208333333333333 0.04739583333333333 0.05648148148148148
4 0.7296875 0.6125 0.240625 0.38055555555555554
2 0.8953125 0.6277777777777778 0.03229166666666667 0.1
2 0.9825520833333333 0.6324074074074074 0.034895833333333334 0.11296296296296296
2 0.8557291666666667 0.6134259259259259 0.021875 0.0787037037037037
3 0.53046875 0.5962962962962963 0.0296875 0.044444444444444446
5 0.5216145833333333 0.5680555555555555 0.015104166666666667 0.03981481481481482
3 0.46822916666666664 0.5763888888888888 0.013541666666666667 0.021296296296296296
4 0.49713541666666666 0.5666666666666667 0.015104166666666667 0.040740740740740744
4 0.43411458333333336 0.5601851851851852 0.011979166666666667 0.03518518518518519
