1 0.27838541666666666 0.6083333333333333 0.018229166666666668 0.0962962962962963
3 0.3807291666666667 0.6523148148148148 0.13333333333333333 0.175
3 0.4703125 0.6078703703703704 0.01875 0.019444444444444445
1 0.4822916666666667 0.6138888888888889 0.008333333333333333 0.03333333333333333
3 0.4947916666666667 0.6069444444444444 0.011458333333333333 0.021296296296296296
2 0.5174479166666667 0.6259259259259259 0.013020833333333334 0.053703703703703705
2 0.5078125 0.6175925925925926 0.011458333333333333 0.03888888888888889
3 0.5315104166666667 0.6152777777777778 0.021354166666666667 0.032407407407407406
3 0.5513020833333333 0.6263888888888889 0.0328125 0.04722222222222222
3 0.56875 0.6287037037037037 0.042708333333333334 0.05555555555555555
1 0.6177083333333333 0.7199074074074074 0.11770833333333333 0.5472222222222223
3 0.7057291666666666 0.6907407407407408 0.134375 0.18518518518518517
3 0.8109375 0.7245370370370371 0.3177083333333333 0.2861111111111111
1 0.81328125 0.7379629629629629 0.1109375 0.43148148148148147
1 0.925 0.6699074074074074 0.035416666666666666 0.16574074074074074
3 0.9265625 0.8166666666666667 0.14583333333333334 0.3685185185185185
