3 0.021354166666666667 0.6351851851851852 0.040625 0.027777777777777776
2 0.12682291666666667 0.6541666666666667 0.0203125 0.06018518518518518
3 0.21458333333333332 0.6319444444444444 0.034375 0.023148148148148147
2 0.32734375 0.6370370370370371 0.008854166666666666 0.027777777777777776
2 0.34296875 0.6370370370370371 0.0067708333333333336 0.024074074074074074
2 0.3658854166666667 0.6356481481481482 0.0067708333333333336 0.017592592592592594
6 0.3541666666666667 0.6351851851851852 0.007291666666666667 0.022222222222222223
2 0.7544270833333333 0.6467592592592593 0.021354166666666667 0.062037037037037036
3 0.55703125 0.6467592592592593 0.05364583333333333 0.075
3 0.5221354166666666 0.6398148148148148 0.028645833333333332 0.04814814814814815
4 0.5026041666666666 0.625462962962963 0.015625 0.03425925925925926
3 0.5078125 0.6351851851851852 0.019791666666666666 0.03333333333333333
3 0.4875 0.6342592592592593 0.015625 0.024074074074074074
3 0.47265625 0.6361111111111111 0.018229166666666668 0.02962962962962963
3 0.45234375 0.6305555555555555 0.0109375 0.016666666666666666
4 0.44166666666666665 0.6212962962962963 0.0125 0.027777777777777776
5 0.4283854166666667 0.624537037037037 0.0171875 0.03425925925925926
3 0.40625 0.6342592592592593 0.014583333333333334 0.020370370370370372
1 0.39166666666666666 0.6324074074074074 0.004166666666666667 0.020370370370370372
1 0.3828125 0.6328703703703704 0.005208333333333333 0.017592592592592594
