4 0.48463541666666665 0.6212962962962963 0.028645833333333332 0.06481481481481481
2 0.3971354166666667 0.6393518518518518 0.008854166666666666 0.026851851851851852
2 0.42083333333333334 0.638425925925926 0.010416666666666666 0.023148148148148147
4 0.4640625 0.6217592592592592 0.022916666666666665 0.058333333333333334
3 0.5075520833333333 0.6449074074074074 0.021354166666666667 0.032407407407407406
3 0.8833333333333333 0.7847222222222222 0.23333333333333334 0.42314814814814816
3 0.7528645833333333 0.6921296296296297 0.12239583333333333 0.12129629629629629
4 0.640625 0.6032407407407407 0.16145833333333334 0.3453703703703704
3 0.5533854166666666 0.6578703703703703 0.0359375 0.05648148148148148
4 0.5510416666666667 0.6138888888888889 0.05 0.10555555555555556
