3 0.09401041666666667 0.6643518518518519 0.15364583333333334 0.1287037037037037
3 0.08515625 0.7037037037037037 0.11510416666666666 0.1
1 0.09817708333333333 0.6907407407407408 0.027604166666666666 0.11851851851851852
1 0.11510416666666666 0.6902777777777778 0.019791666666666666 0.1175925925925926
1 0.12916666666666668 0.6888888888888889 0.023958333333333335 0.11851851851851852
1 0.14583333333333334 0.6851851851851852 0.017708333333333333 0.11296296296296296
3 0.21588541666666666 0.6865740740740741 0.09010416666666667 0.075
3 0.25 0.6805555555555556 0.04583333333333333 0.04814814814814815
3 0.33567708333333335 0.6694444444444444 0.04739583333333333 0.03148148148148148
3 0.37890625 0.6689814814814815 0.0578125 0.03425925925925926
3 0.41067708333333336 0.6662037037037037 0.04010416666666667 0.030555555555555555
3 0.45390625 0.7064814814814815 0.0921875 0.1537037037037037
3 0.56171875 0.7754629629629629 0.25677083333333334 0.3638888888888889
3 0.8721354166666667 0.6523148148148148 0.07239583333333334 0.05092592592592592
3 0.7713541666666667 0.6550925925925926 0.07291666666666667 0.05092592592592592
