3 0.253125 0.6925925925925925 0.08645833333333333 0.09074074074074075
1 0.14609375 0.6814814814814815 0.011979166666666667 0.05555555555555555
1 0.16458333333333333 0.6810185185185185 0.00625 0.05092592592592592
1 0.21197916666666666 0.6796296296296296 0.007291666666666667 0.03888888888888889
3 0.3182291666666667 0.6773148148148148 0.04791666666666667 0.032407407407407406
3 0.3424479166666667 0.6810185185185185 0.0515625 0.06388888888888888
3 0.3763020833333333 0.6625 0.03802083333333333 0.05092592592592592
3 0.39505208333333336 0.6685185185185185 0.0203125 0.02962962962962963
4 0.4296875 0.6277777777777778 0.06145833333333333 0.14814814814814814
3 0.48828125 0.6648148148148149 0.0265625 0.02962962962962963
3 0.5046875 0.6601851851851852 0.011458333333333333 0.016666666666666666
1 0.52109375 0.6662037037037037 0.024479166666666666 0.03611111111111111
1 0.51953125 0.6648148148148149 0.0078125 0.044444444444444446
2 0.5479166666666667 0.6662037037037037 0.020833333333333332 0.04351851851851852
2 0.5359375 0.6648148148148149 0.008333333333333333 0.04259259259259259
2 0.58125 0.6611111111111111 0.009375 0.03333333333333333
2 0.59765625 0.6601851851851852 0.009895833333333333 0.03518518518518519
2 0.6044270833333333 0.6564814814814814 0.0067708333333333336 0.03518518518518519
2 0.6260416666666667 0.6583333333333333 0.011458333333333333 0.03888888888888889
3 0.65 0.6523148148148148 0.035416666666666666 0.032407407407407406
3 0.6643229166666667 0.6564814814814814 0.04739583333333333 0.03888888888888889
3 0.68046875 0.6587962962962963 0.0578125 0.04351851851851852
3 0.72890625 0.6560185185185186 0.0640625 0.07314814814814814
1 0.7408854166666666 0.6652777777777777 0.018229166666666668 0.08055555555555556
1 0.7682291666666666 0.663425925925926 0.014583333333333334 0.08425925925925926
2 0.8260416666666667 0.6513888888888889 0.01875 0.03981481481481482
1 0.7825520833333334 0.6699074074074074 0.013020833333333334 0.0712962962962963
