3 0.79921875 0.7861111111111111 0.40260416666666665 0.42407407407407405
3 0.4934895833333333 0.6310185185185185 0.0140625 0.021296296296296296
3 0.4984375 0.6337962962962963 0.01875 0.026851851851851852
3 0.4856770833333333 0.6291666666666667 0.009895833333333333 0.01574074074074074
3 0.46848958333333335 0.6319444444444444 0.016145833333333335 0.025
3 0.4440104166666667 0.6287037037037037 0.009895833333333333 0.012962962962962963
3 0.4140625 0.6319444444444444 0.015625 0.021296296296296296
3 0.40338541666666666 0.6347222222222222 0.0203125 0.03425925925925926
3 0.38723958333333336 0.6412037037037037 0.028645833333333332 0.03796296296296296
3 0.21822916666666667 0.6388888888888888 0.030208333333333334 0.03333333333333333
3 0.1671875 0.6435185185185185 0.04375 0.037037037037037035
3 0.13020833333333334 0.649537037037037 0.04791666666666667 0.04537037037037037
2 0.11432291666666666 0.6527777777777778 0.021354166666666667 0.05925925925925926
3 0.0953125 0.6449074074074074 0.06354166666666666 0.06944444444444445
