2 0.15026041666666667 0.7444444444444445 0.059895833333333336 0.1925925925925926
3 0.16354166666666667 0.7486111111111111 0.13958333333333334 0.13055555555555556
3 0.29713541666666665 0.7449074074074075 0.15364583333333334 0.19907407407407407
3 0.40651041666666665 0.7245370370370371 0.044270833333333336 0.0712962962962963
3 0.42734375 0.7166666666666667 0.022395833333333334 0.03148148148148148
3 0.4471354166666667 0.7138888888888889 0.0171875 0.024074074074074074
3 0.4791666666666667 0.7180555555555556 0.016666666666666666 0.026851851851851852
3 0.5098958333333333 0.7208333333333333 0.028125 0.03796296296296296
3 0.5364583333333334 0.7314814814814815 0.040625 0.05740740740740741
3 0.59921875 0.7513888888888889 0.10364583333333334 0.14907407407407408
2 0.70078125 0.7462962962962963 0.021354166666666667 0.10925925925925926
3 0.75859375 0.7231481481481481 0.059895833333333336 0.05
1 0.9046875 0.7472222222222222 0.027083333333333334 0.1425925925925926
5 0.6041666666666666 0.7069444444444445 0.12083333333333333 0.08425925925925926
