2 0.050520833333333334 0.6671296296296296 0.016666666666666666 0.05462962962962963
3 0.05182291666666667 0.6574074074074074 0.0453125 0.04814814814814815
4 0.2721354166666667 0.6486111111111111 0.1234375 0.08611111111111111
1 0.24557291666666667 0.6657407407407407 0.0140625 0.05185185185185185
3 0.29140625 0.7097222222222223 0.10885416666666667 0.1287037037037037
1 0.44609375 0.6736111111111112 0.013020833333333334 0.04351851851851852
3 0.5760416666666667 0.6800925925925926 0.03229166666666667 0.05648148148148148
2 0.6114583333333333 0.6828703703703703 0.010416666666666666 0.04537037037037037
1 0.7692708333333333 0.7083333333333334 0.021875 0.10555555555555556
2 0.815625 0.725925925925926 0.07604166666666666 0.14629629629629629
1 0.8911458333333333 0.6972222222222222 0.028125 0.11851851851851852
1 0.8158854166666667 0.6888888888888889 0.018229166666666668 0.0962962962962963
3 0.9604166666666667 0.7842592592592592 0.078125 0.2037037037037037
