3 0.075 0.6583333333333333 0.084375 0.10925925925925926
3 0.2791666666666667 0.6504629629629629 0.036458333333333336 0.041666666666666664
3 0.3033854166666667 0.6435185185185185 0.03177083333333333 0.05
3 0.33671875 0.6513888888888889 0.0390625 0.04351851851851852
3 0.35625 0.6453703703703704 0.025 0.04259259259259259
3 0.40572916666666664 0.6504629629629629 0.04895833333333333 0.06388888888888888
4 0.39348958333333334 0.6217592592592592 0.034895833333333334 0.06759259259259259
3 0.5260416666666666 0.6578703703703703 0.06145833333333333 0.058333333333333334
2 0.6859375 0.6666666666666666 0.017708333333333333 0.05740740740740741
1 0.8161458333333333 0.6722222222222223 0.019791666666666666 0.06851851851851852
