4 0.44947916666666665 0.4888888888888889 0.34791666666666665 0.7351851851851852
3 0.029947916666666668 0.6972222222222222 0.0609375 0.15
3 0.12890625 0.6439814814814815 0.04739583333333333 0.041666666666666664
3 0.2786458333333333 0.6736111111111112 0.1125 0.14351851851851852
3 0.22526041666666666 0.6527777777777778 0.06822916666666666 0.1037037037037037
4 0.24609375 0.6064814814814815 0.09010416666666667 0.08888888888888889
1 0.6260416666666667 0.6314814814814815 0.017708333333333333 0.08518518518518518
1 0.6703125 0.6277777777777778 0.013541666666666667 0.06666666666666667
2 0.65703125 0.6328703703703704 0.018229166666666668 0.0787037037037037
1 0.7075520833333333 0.6189814814814815 0.0140625 0.049074074074074076
