3 0.3997395833333333 0.6333333333333333 0.025520833333333333 0.022222222222222223
3 0.5065104166666666 0.6805555555555556 0.11927083333333334 0.17407407407407408
3 0.6518229166666667 0.6569444444444444 0.06927083333333334 0.09722222222222222
3 0.6223958333333334 0.6319444444444444 0.042708333333333334 0.07314814814814814
4 0.59921875 0.6273148148148148 0.033854166666666664 0.0712962962962963
3 0.9666666666666667 0.8490740740740741 0.06666666666666667 0.3
5 0.58671875 0.6134259259259259 0.0265625 0.06388888888888888
3 0.24010416666666667 0.6564814814814814 0.057291666666666664 0.06851851851851852
3 0.21197916666666666 0.6412037037037037 0.016666666666666666 0.021296296296296296
1 0.7924479166666667 0.6337962962962963 0.013020833333333334 0.04722222222222222
