3 0.23203125 0.6439814814814815 0.07552083333333333 0.04351851851851852
2 0.309375 0.6416666666666667 0.014583333333333334 0.053703703703703705
2 0.3375 0.6375 0.010416666666666666 0.04537037037037037
3 0.44140625 0.6236111111111111 0.011979166666666667 0.017592592592592594
4 0.3919270833333333 0.6074074074074074 0.06927083333333334 0.11666666666666667
3 0.4825520833333333 0.6226851851851852 0.016145833333333335 0.028703703703703703
3 0.5463541666666667 0.6199074074074075 0.011458333333333333 0.021296296296296296
3 0.596875 0.6328703703703704 0.04375 0.06574074074074074
3 0.8885416666666667 0.600925925925926 0.040625 0.03148148148148148
3 0.4981770833333333 0.6203703703703703 0.0078125 0.012962962962962963
3 0.53828125 0.6208333333333333 0.008854166666666666 0.010185185185185186
3 0.5255208333333333 0.6185185185185185 0.008333333333333333 0.012962962962962963
