3 0.9442708333333333 0.7583333333333333 0.11041666666666666 0.32407407407407407
3 0.7328125 0.7111111111111111 0.140625 0.15555555555555556
3 0.6033854166666667 0.6875 0.044270833333333336 0.06388888888888888
2 0.5432291666666667 0.6791666666666667 0.014583333333333334 0.06018518518518518
2 0.4080729166666667 0.6657407407407407 0.011979166666666667 0.04259259259259259
3 0.35208333333333336 0.6652777777777777 0.03229166666666667 0.041666666666666664
3 0.32369791666666664 0.6689814814814815 0.0359375 0.049074074074074076
3 0.28671875 0.6703703703703704 0.058854166666666666 0.06111111111111111
3 0.12005208333333334 0.7685185185185185 0.24010416666666667 0.35185185185185186
3 0.5111979166666667 0.6680555555555555 0.011979166666666667 0.017592592592592594
3 0.4375 0.6578703703703703 0.009375 0.017592592592592594
