1 0.6018229166666667 0.6023148148148149 0.011979166666666667 0.06388888888888888
1 0.5916666666666667 0.6032407407407407 0.009375 0.058333333333333334
2 0.54375 0.6138888888888889 0.014583333333333334 0.046296296296296294
2 0.53984375 0.6162037037037037 0.015104166666666667 0.058333333333333334
2 0.51015625 0.6148148148148148 0.0078125 0.02962962962962963
5 0.4796875 0.6023148148148149 0.020833333333333332 0.04351851851851852
3 0.44583333333333336 0.6097222222222223 0.014583333333333334 0.023148148148148147
3 0.43020833333333336 0.6078703703703704 0.008333333333333333 0.013888888888888888
3 0.4197916666666667 0.6083333333333333 0.014583333333333334 0.022222222222222223
3 0.40625 0.6064814814814815 0.008333333333333333 0.016666666666666666
3 0.39739583333333334 0.6101851851851852 0.009375 0.014814814814814815
3 0.38984375 0.6083333333333333 0.008854166666666666 0.016666666666666666
4 0.3736979166666667 0.6069444444444444 0.019270833333333334 0.03425925925925926
5 0.26328125 0.5708333333333333 0.13177083333333334 0.23796296296296296
3 0.1890625 0.6402777777777777 0.16354166666666667 0.19537037037037036
3 0.09270833333333334 0.6305555555555555 0.08541666666666667 0.053703703703703705
1 0.05078125 0.6189814814814815 0.008854166666666666 0.03981481481481482
