3 0.07421875 0.7449074074074075 0.14739583333333334 0.49537037037037035
3 0.16536458333333334 0.6597222222222222 0.13697916666666668 0.13425925925925927
3 0.3145833333333333 0.6546296296296297 0.04583333333333333 0.04814814814814815
3 0.38515625 0.6620370370370371 0.0734375 0.10925925925925926
3 0.41848958333333336 0.6412037037037037 0.0265625 0.04537037037037037
3 0.44505208333333335 0.6509259259259259 0.027604166666666666 0.03888888888888889
3 0.4895833333333333 0.675 0.07291666666666667 0.10555555555555556
5 0.496875 0.6319444444444444 0.03958333333333333 0.0787037037037037
5 0.5354166666666667 0.6370370370370371 0.029166666666666667 0.07037037037037037
4 0.56328125 0.6333333333333333 0.04739583333333333 0.11296296296296296
3 0.60625 0.6736111111111112 0.07291666666666667 0.11018518518518519
