1 0.24609375 0.6643518518518519 0.028645833333333332 0.14537037037037037
3 0.3419270833333333 0.6509259259259259 0.0421875 0.05
3 0.3815104166666667 0.6435185185185185 0.028645833333333332 0.040740740740740744
3 0.42083333333333334 0.6416666666666667 0.0125 0.018518518518518517
3 0.46171875 0.6472222222222223 0.025520833333333333 0.03888888888888889
6 0.6104166666666667 0.6851851851851852 0.071875 0.19444444444444445
3 0.8609375 0.6652777777777777 0.13958333333333334 0.09537037037037037
3 0.7518229166666667 0.6574074074074074 0.13072916666666667 0.0962962962962963
3 0.7153645833333333 0.649074074074074 0.1390625 0.08888888888888889
3 0.6890625 0.6550925925925926 0.08958333333333333 0.08055555555555556
4 0.6026041666666667 0.6370370370370371 0.11770833333333333 0.08518518518518518
3 0.9169270833333333 0.6777777777777778 0.1640625 0.12037037037037036
