1 0.047135416666666666 0.5856481481481481 0.0203125 0.08055555555555556
1 0.090625 0.5884259259259259 0.017708333333333333 0.07685185185185185
1 0.11119791666666666 0.5995370370370371 0.021354166666666667 0.10648148148148148
2 0.1390625 0.6134259259259259 0.03854166666666667 0.125
1 0.24583333333333332 0.6027777777777777 0.019791666666666666 0.07777777777777778
5 0.3229166666666667 0.5726851851851852 0.06145833333333333 0.11388888888888889
1 0.37942708333333336 0.6143518518518518 0.0171875 0.0787037037037037
3 0.37057291666666664 0.5907407407407408 0.021354166666666667 0.020370370370370372
3 0.39166666666666666 0.5944444444444444 0.014583333333333334 0.022222222222222223
2 0.41770833333333335 0.6435185185185185 0.04479166666666667 0.1648148148148148
3 0.44973958333333336 0.6231481481481481 0.05677083333333333 0.08518518518518518
3 0.5424479166666667 0.6069444444444444 0.15364583333333334 0.24722222222222223
4 0.81484375 0.6726851851851852 0.3692708333333333 0.6342592592592593
1 0.2830729166666667 0.5898148148148148 0.008854166666666666 0.03518518518518519
