3 0.06822916666666666 0.611574074074074 0.13645833333333332 0.13796296296296295
1 0.23098958333333333 0.5837962962962963 0.011979166666666667 0.04351851851851852
3 0.3255208333333333 0.5930555555555556 0.03854166666666667 0.04537037037037037
4 0.4153645833333333 0.586574074074074 0.0203125 0.04351851851851852
3 0.42526041666666664 0.5958333333333333 0.025520833333333333 0.03425925925925926
2 0.45677083333333335 0.5939814814814814 0.008333333333333333 0.030555555555555555
3 0.47578125 0.5916666666666667 0.0390625 0.027777777777777776
1 0.7140625 0.6185185185185185 0.01875 0.10555555555555556
1 0.7393229166666667 0.6296296296296297 0.019270833333333334 0.12407407407407407
1 0.7888020833333333 0.637962962962963 0.0265625 0.1259259259259259
3 0.9119791666666667 0.6287037037037037 0.134375 0.11296296296296296
