3 0.061197916666666664 0.8560185185185185 0.1234375 0.28425925925925927
4 0.18776041666666668 0.6356481481481482 0.049479166666666664 0.049074074074074076
4 0.24348958333333334 0.6240740740740741 0.027604166666666666 0.044444444444444446
3 0.34322916666666664 0.6587962962962963 0.059375 0.0787037037037037
3 0.37526041666666665 0.6333333333333333 0.0234375 0.03333333333333333
3 0.44140625 0.6847222222222222 0.13385416666666666 0.2712962962962963
4 0.5328125 0.6041666666666666 0.053125 0.08796296296296297
3 0.50234375 0.6407407407407407 0.0296875 0.05
4 0.5932291666666667 0.6300925925925925 0.12708333333333333 0.2490740740740741
4 0.8166666666666667 0.6319444444444444 0.21875 0.2935185185185185
4 0.271875 0.6194444444444445 0.03333333333333333 0.03888888888888889
3 0.3145833333333333 0.6300925925925925 0.016666666666666666 0.023148148148148147
