3 0.0546875 0.6754629629629629 0.10833333333333334 0.15462962962962962
3 0.09140625 0.6569444444444444 0.0578125 0.10648148148148148
2 0.23255208333333333 0.675 0.0109375 0.037037037037037035
2 0.21796875 0.6722222222222223 0.011979166666666667 0.04259259259259259
2 0.18828125 0.6722222222222223 0.011979166666666667 0.040740740740740744
1 0.17473958333333334 0.6717592592592593 0.0078125 0.03981481481481482
3 0.2833333333333333 0.6875 0.09583333333333334 0.13425925925925927
3 0.3671875 0.6763888888888889 0.013541666666666667 0.023148148148148147
3 0.35598958333333336 0.6712962962962963 0.0203125 0.040740740740740744
3 0.3458333333333333 0.6722222222222223 0.026041666666666668 0.044444444444444446
3 0.3815104166666667 0.6773148148148148 0.025520833333333333 0.03611111111111111
3 0.40572916666666664 0.6800925925925926 0.035416666666666666 0.049074074074074076
4 0.42083333333333334 0.6675925925925926 0.028125 0.06296296296296296
3 0.4625 0.6828703703703703 0.028125 0.04351851851851852
2 0.6130208333333333 0.6921296296296297 0.026041666666666668 0.09537037037037037
