2 0.59765625 0.6356481481481482 0.015104166666666667 0.05648148148148148
5 0.5153645833333333 0.5953703703703703 0.10260416666666666 0.17407407407407408
4 0.43723958333333335 0.600462962962963 0.0067708333333333336 0.019444444444444445
3 0.4356770833333333 0.6083333333333333 0.008854166666666666 0.014814814814814815
3 0.42994791666666665 0.6069444444444444 0.0078125 0.013888888888888888
4 0.41692708333333334 0.6 0.0109375 0.024074074074074074
4 0.40182291666666664 0.600462962962963 0.009895833333333333 0.019444444444444445
3 0.39401041666666664 0.6046296296296296 0.0078125 0.012962962962962963
3 0.38697916666666665 0.6041666666666666 0.009375 0.017592592592592594
3 0.3770833333333333 0.6050925925925926 0.015625 0.025
3 0.36432291666666666 0.6050925925925926 0.015104166666666667 0.021296296296296296
3 0.33359375 0.6101851851851852 0.043229166666666666 0.046296296296296294
3 0.30104166666666665 0.6074074074074074 0.03333333333333333 0.04814814814814815
3 0.15703125 0.6092592592592593 0.08385416666666666 0.06851851851851852
1 0.08151041666666667 0.5981481481481481 0.0140625 0.05185185185185185
