2 0.909375 0.6194444444444445 0.06458333333333334 0.11296296296296296
3 0.9401041666666666 0.5972222222222222 0.11875 0.11481481481481481
3 0.8395833333333333 0.6046296296296296 0.11666666666666667 0.07777777777777778
3 0.7278645833333334 0.6194444444444445 0.13802083333333334 0.08148148148148149
3 0.6674479166666667 0.611574074074074 0.0921875 0.05648148148148148
2 0.5458333333333333 0.6106481481481482 0.0375 0.058333333333333334
4 0.51875 0.5773148148148148 0.059375 0.11018518518518519
3 0.42734375 0.611574074074074 0.11510416666666666 0.075
1 0.321875 0.6060185185185185 0.008333333333333333 0.049074074074074076
2 0.13229166666666667 0.6319444444444444 0.07395833333333333 0.12314814814814815
3 0.09609375 0.6148148148148148 0.1328125 0.08888888888888889
1 0.18489583333333334 0.611574074074074 0.007291666666666667 0.041666666666666664
1 0.17916666666666667 0.6083333333333333 0.007291666666666667 0.04259259259259259
