1 0.6002604166666666 0.7226851851851852 0.021354166666666667 0.1361111111111111
3 0.48776041666666664 0.6916666666666667 0.021354166666666667 0.03148148148148148
3 0.46119791666666665 0.687037037037037 0.018229166666666668 0.03333333333333333
3 0.43515625 0.6865740740740741 0.013020833333333334 0.023148148148148147
3 0.421875 0.6884259259259259 0.017708333333333333 0.030555555555555555
3 0.40677083333333336 0.6865740740740741 0.027083333333333334 0.03981481481481482
6 0.3703125 0.6893518518518519 0.05 0.11388888888888889
3 0.3575520833333333 0.6865740740740741 0.03802083333333333 0.07685185185185185
2 0.31692708333333336 0.6916666666666667 0.019270833333333334 0.06481481481481481
1 0.26067708333333334 0.725462962962963 0.021354166666666667 0.10092592592592593
1 0.24375 0.7194444444444444 0.020833333333333332 0.12407407407407407
3 0.11119791666666666 0.7148148148148148 0.20364583333333333 0.21851851851851853
