4 0.63515625 0.5972222222222222 0.1390625 0.2537037037037037
3 0.5315104166666667 0.5967592592592592 0.025520833333333333 0.03796296296296296
3 0.2986979166666667 0.6111111111111112 0.03697916666666667 0.04259259259259259
4 0.43125 0.562962962962963 0.015625 0.040740740740740744
3 0.471875 0.5768518518518518 0.0125 0.022222222222222223
4 0.5005208333333333 0.5657407407407408 0.015625 0.03888888888888889
4 0.4708333333333333 0.5569444444444445 0.04375 0.026851851851851852
3 0.06614583333333333 0.8175925925925925 0.13229166666666667 0.362962962962963
5 0.5239583333333333 0.5745370370370371 0.017708333333333333 0.04722222222222222
2 0.8497395833333333 0.6129629629629629 0.024479166666666666 0.07777777777777778
2 0.9505208333333334 0.6365740740740741 0.040625 0.10833333333333334
2 0.7192708333333333 0.5981481481481481 0.019791666666666666 0.053703703703703705
2 0.9208333333333333 0.6212962962962963 0.030208333333333334 0.08703703703703704
