3 0.9028645833333333 0.7819444444444444 0.1953125 0.4361111111111111
2 0.8299479166666667 0.6712962962962963 0.015104166666666667 0.06851851851851852
2 0.8119791666666667 0.65 0.013541666666666667 0.05185185185185185
2 0.80234375 0.6671296296296296 0.021354166666666667 0.0712962962962963
1 0.7872395833333333 0.6476851851851851 0.015104166666666667 0.05462962962962963
1 0.7572916666666667 0.6532407407407408 0.008333333333333333 0.04537037037037037
2 0.7408854166666666 0.6847222222222222 0.049479166666666664 0.1361111111111111
2 0.7234375 0.6439814814814815 0.008333333333333333 0.03796296296296296
2 0.7096354166666666 0.6467592592592593 0.009895833333333333 0.041666666666666664
3 0.6609375 0.6504629629629629 0.06354166666666666 0.09166666666666666
3 0.6265625 0.6574074074074074 0.09166666666666666 0.17037037037037037
3 0.56015625 0.6458333333333334 0.024479166666666666 0.03796296296296296
3 0.48333333333333334 0.6805555555555556 0.09166666666666666 0.14074074074074075
3 0.42916666666666664 0.6370370370370371 0.022916666666666665 0.03518518518518519
3 0.39479166666666665 0.6365740740740741 0.035416666666666666 0.05648148148148148
3 0.259375 0.6583333333333333 0.21145833333333333 0.3055555555555556
3 0.09661458333333334 0.774537037037037 0.19427083333333334 0.45092592592592595
3 0.06276041666666667 0.6291666666666667 0.12760416666666666 0.1824074074074074
