3 0.028385416666666666 0.6578703703703703 0.05677083333333333 0.062037037037037036
3 0.09296875 0.6712962962962963 0.07760416666666667 0.04814814814814815
1 0.20208333333333334 0.6777777777777778 0.011458333333333333 0.05
3 0.2791666666666667 0.6856481481481481 0.06979166666666667 0.05092592592592592
2 0.34427083333333336 0.6893518518518519 0.025 0.049074074074074076
3 0.35833333333333334 0.6902777777777778 0.026041666666666668 0.04722222222222222
5 0.3888020833333333 0.6805555555555556 0.0359375 0.06296296296296296
1 0.3888020833333333 0.6902777777777778 0.0109375 0.062037037037037036
3 0.4239583333333333 0.6972222222222222 0.028125 0.037037037037037035
3 0.43515625 0.6935185185185185 0.0203125 0.03888888888888889
3 0.44375 0.6935185185185185 0.015625 0.02962962962962963
5 0.465625 0.6921296296296297 0.0125 0.023148148148148147
5 0.45 0.687037037037037 0.015625 0.037037037037037035
3 0.5075520833333333 0.6953703703703704 0.013020833333333334 0.018518518518518517
3 0.4979166666666667 0.6912037037037037 0.0125 0.017592592592592594
2 0.584375 0.7027777777777777 0.03125 0.05740740740740741
1 0.9776041666666667 0.7245370370370371 0.013541666666666667 0.05462962962962963
