3 0.26796875 0.6407407407407407 0.0546875 0.027777777777777776
5 0.36302083333333335 0.6287037037037037 0.03958333333333333 0.05555555555555555
3 0.415625 0.6476851851851851 0.051041666666666666 0.03981481481481482
3 0.49661458333333336 0.6856481481481481 0.10572916666666667 0.17685185185185184
3 0.3802083333333333 0.6402777777777777 0.05416666666666667 0.03611111111111111
3 0.40234375 0.6435185185185185 0.0515625 0.03518518518518519
6 0.4796875 0.7398148148148148 0.07708333333333334 0.35
3 0.5606770833333333 0.663425925925926 0.0359375 0.062037037037037036
3 0.5869791666666667 0.6638888888888889 0.06041666666666667 0.08703703703703704
3 0.6893229166666667 0.6611111111111111 0.05677083333333333 0.03518518518518519
3 0.7403645833333333 0.6560185185185186 0.05364583333333333 0.03796296296296296
2 0.03723958333333333 0.6412037037037037 0.0203125 0.05462962962962963
1 0.08020833333333334 0.6361111111111111 0.011458333333333333 0.046296296296296294
2 0.15572916666666667 0.6462962962962963 0.011458333333333333 0.046296296296296294
2 0.18619791666666666 0.6481481481481481 0.0140625 0.046296296296296294
2 0.1671875 0.649537037037037 0.009375 0.04537037037037037
2 0.175 0.649074074074074 0.013541666666666667 0.04814814814814815
2 0.20885416666666667 0.6421296296296296 0.020833333333333332 0.032407407407407406
3 0.5484375 0.65 0.03229166666666667 0.053703703703703705
