5 0.2109375 0.4615740740740741 0.153125 0.08796296296296297
4 0.28359375 0.4439814814814815 0.14114583333333333 0.08611111111111111
3 0.6703125 0.42962962962962964 0.09791666666666667 0.06111111111111111
5 0.72421875 0.41435185185185186 0.1234375 0.0824074074074074
3 0.8911458333333333 0.662962962962963 0.1875 0.09444444444444444
3 0.7294270833333333 0.6319444444444444 0.0484375 0.030555555555555555
3 0.5549479166666667 0.6555555555555556 0.10677083333333333 0.06851851851851852
3 0.42109375 0.6444444444444445 0.0515625 0.06111111111111111
3 0.48984375 0.625 0.008854166666666666 0.011111111111111112
3 0.4825520833333333 0.6185185185185185 0.009895833333333333 0.022222222222222223
3 0.34765625 0.65 0.034895833333333334 0.04814814814814815
3 0.3765625 0.6375 0.019791666666666666 0.030555555555555555
3 0.3875 0.6370370370370371 0.016666666666666666 0.025925925925925925
