4 0.4197916666666667 0.5810185185185185 0.146875 0.35833333333333334
4 0.13515625 0.6620370370370371 0.2703125 0.3537037037037037
3 0.2921875 0.6620370370370371 0.065625 0.10925925925925926
3 0.32317708333333334 0.649537037037037 0.0453125 0.0712962962962963
3 0.30104166666666665 0.5972222222222222 0.04375 0.07222222222222222
3 0.3372395833333333 0.6305555555555555 0.033854166666666664 0.05
4 0.34270833333333334 0.5986111111111111 0.020833333333333332 0.05277777777777778
4 0.3255208333333333 0.6050925925925926 0.028125 0.06018518518518518
3 0.534375 0.6097222222222223 0.046875 0.025
3 0.59375 0.600925925925926 0.03958333333333333 0.025925925925925925
