2 0.12630208333333334 0.6675925925925926 0.0421875 0.11296296296296296
2 0.190625 0.6731481481481482 0.03333333333333333 0.09814814814814815
2 0.24270833333333333 0.6625 0.021875 0.0712962962962963
3 0.37890625 0.6504629629629629 0.0453125 0.028703703703703703
1 0.3921875 0.6509259259259259 0.008333333333333333 0.03148148148148148
3 0.42161458333333335 0.6555555555555556 0.03177083333333333 0.040740740740740744
3 0.44375 0.6481481481481481 0.019791666666666666 0.03148148148148148
3 0.4859375 0.6513888888888889 0.020833333333333332 0.032407407407407406
3 0.51171875 0.6486111111111111 0.015104166666666667 0.026851851851851852
3 0.52265625 0.649537037037037 0.0203125 0.03981481481481482
