2 0.615625 0.700925925925926 0.013541666666666667 0.053703703703703705
3 0.5138020833333333 0.6847222222222222 0.016145833333333335 0.021296296296296296
4 0.478125 0.6625 0.025 0.05277777777777778
3 0.48125 0.6865740740740741 0.01875 0.03425925925925926
3 0.47109375 0.6921296296296297 0.0265625 0.03981481481481482
4 0.46536458333333336 0.6680555555555555 0.019270833333333334 0.04537037037037037
4 0.36796875 0.6606481481481481 0.025520833333333333 0.06944444444444445
3 0.3338541666666667 0.6777777777777778 0.023958333333333335 0.020370370370370372
3 0.26640625 0.6837962962962963 0.030729166666666665 0.04537037037037037
4 0.20234375 0.6398148148148148 0.1390625 0.17777777777777778
3 0.09192708333333334 0.674537037037037 0.0484375 0.03425925925925926
3 0.06614583333333333 0.675 0.04791666666666667 0.03333333333333333
3 0.037760416666666664 0.675 0.04739583333333333 0.03333333333333333
3 0.0171875 0.6768518518518518 0.03333333333333333 0.03888888888888889
