3 0.07473958333333333 0.6962962962962963 0.14947916666666666 0.15
3 0.17552083333333332 0.6805555555555556 0.10520833333333333 0.11481481481481481
3 0.24010416666666667 0.6583333333333333 0.08958333333333333 0.1111111111111111
3 0.34869791666666666 0.6587962962962963 0.0390625 0.04537037037037037
3 0.36692708333333335 0.6523148148148148 0.028645833333333332 0.05092592592592592
3 0.38125 0.6564814814814814 0.020833333333333332 0.037037037037037035
3 0.41458333333333336 0.649074074074074 0.01875 0.03148148148148148
3 0.43828125 0.6481481481481481 0.0140625 0.020370370370370372
3 0.4552083333333333 0.65 0.014583333333333334 0.018518518518518517
2 0.5255208333333333 0.663425925925926 0.015625 0.062037037037037036
3 0.5572916666666666 0.6569444444444444 0.028125 0.03981481481481482
3 0.5994791666666667 0.6726851851851852 0.053125 0.06944444444444445
3 0.6658854166666667 0.6671296296296296 0.0734375 0.1175925925925926
3 0.7041666666666667 0.6981481481481482 0.084375 0.11851851851851852
3 0.7934895833333333 0.7199074074074074 0.14947916666666666 0.1712962962962963
3 0.9200520833333333 0.7564814814814815 0.1609375 0.31296296296296294
