3 0.01953125 0.6300925925925925 0.0390625 0.07685185185185185
3 0.05911458333333333 0.6351851851851852 0.04114583333333333 0.037037037037037035
3 0.10208333333333333 0.6324074074074074 0.04583333333333333 0.037037037037037035
3 0.14036458333333332 0.624537037037037 0.03177083333333333 0.03611111111111111
3 0.2830729166666667 0.7018518518518518 0.14010416666666667 0.21481481481481482
3 0.40859375 0.6439814814814815 0.0421875 0.062037037037037036
3 0.36328125 0.5736111111111111 0.008854166666666666 0.01574074074074074
3 0.37942708333333336 0.5611111111111111 0.0067708333333333336 0.014814814814814815
2 0.4778645833333333 0.6129629629629629 0.0109375 0.03518518518518519
3 0.6739583333333333 0.6527777777777778 0.07083333333333333 0.08888888888888889
3 0.72109375 0.687037037037037 0.10364583333333334 0.13333333333333333
