4 0.8828125 0.575 0.23333333333333334 0.35
1 0.7622395833333333 0.674537037037037 0.03177083333333333 0.1527777777777778
1 0.72890625 0.6615740740740741 0.018229166666666668 0.08796296296296297
4 0.6489583333333333 0.6314814814814815 0.01875 0.044444444444444446
1 0.61875 0.6875 0.026041666666666668 0.08611111111111111
3 0.59375 0.6541666666666667 0.020833333333333332 0.032407407407407406
5 0.5013020833333334 0.637962962962963 0.09010416666666667 0.11851851851851852
1 0.4895833333333333 0.674537037037037 0.0375 0.12685185185185185
1 0.4401041666666667 0.6754629629629629 0.022916666666666665 0.10648148148148148
3 0.30885416666666665 0.7550925925925925 0.26979166666666665 0.45092592592592595
