3 0.08177083333333333 0.7305555555555555 0.1625 0.3814814814814815
2 0.21119791666666668 0.6546296296296297 0.015104166666666667 0.06296296296296296
1 0.20598958333333334 0.6388888888888888 0.013020833333333334 0.05740740740740741
3 0.3541666666666667 0.6393518518518518 0.025 0.028703703703703703
3 0.3875 0.6458333333333334 0.030208333333333334 0.03981481481481482
3 0.42552083333333335 0.6305555555555555 0.022916666666666665 0.016666666666666666
3 0.49635416666666665 0.6398148148148148 0.11041666666666666 0.23333333333333334
3 0.5690104166666666 0.6504629629629629 0.027604166666666666 0.04722222222222222
5 0.6263020833333334 0.6189814814814815 0.1046875 0.1638888888888889
2 0.73671875 0.6675925925925926 0.0203125 0.08703703703703704
3 0.85859375 0.7375 0.28177083333333336 0.26944444444444443
