3 0.07552083333333333 0.6685185185185185 0.14895833333333333 0.09444444444444444
3 0.13645833333333332 0.6675925925925926 0.13854166666666667 0.08148148148148149
1 0.16848958333333333 0.6689814814814815 0.019270833333333334 0.10092592592592593
3 0.17578125 0.6555555555555556 0.09010416666666667 0.05740740740740741
1 0.23567708333333334 0.6611111111111111 0.0203125 0.08148148148148149
1 0.2638020833333333 0.6587962962962963 0.011979166666666667 0.06574074074074074
3 0.275 0.6523148148148148 0.065625 0.03796296296296296
2 0.33359375 0.6652777777777777 0.016145833333333335 0.08425925925925926
3 0.4078125 0.6666666666666666 0.06354166666666666 0.08148148148148149
3 0.484375 0.6481481481481481 0.06041666666666667 0.03333333333333333
3 0.47760416666666666 0.6421296296296296 0.06354166666666666 0.03611111111111111
3 0.5794270833333334 0.6458333333333334 0.0515625 0.03796296296296296
3 0.64296875 0.6449074074074074 0.0640625 0.03796296296296296
