3 0.9763020833333333 0.6550925925925926 0.04739583333333333 0.06574074074074074
3 0.9236979166666667 0.6615740740740741 0.1015625 0.08611111111111111
3 0.8739583333333333 0.6541666666666667 0.07916666666666666 0.07314814814814814
3 0.81015625 0.6328703703703704 0.0921875 0.09537037037037037
3 0.7890625 0.6513888888888889 0.10625 0.10462962962962963
2 0.51484375 0.6458333333333334 0.03177083333333333 0.07685185185185185
2 0.17447916666666666 0.6351851851851852 0.019791666666666666 0.06296296296296296
3 0.08177083333333333 0.6185185185185185 0.014583333333333334 0.022222222222222223
3 0.07213541666666666 0.6212962962962963 0.0234375 0.02962962962962963
3 0.02890625 0.6347222222222222 0.05677083333333333 0.10277777777777777
