3 0.8703125 0.7939814814814815 0.259375 0.3861111111111111
3 0.634375 0.6425925925925926 0.14270833333333333 0.24814814814814815
3 0.58046875 0.6754629629629629 0.07135416666666666 0.09166666666666666
3 0.47734375 0.6861111111111111 0.1328125 0.2074074074074074
3 0.43697916666666664 0.6337962962962963 0.04583333333333333 0.07685185185185185
3 0.41875 0.6416666666666667 0.03125 0.044444444444444446
3 0.3875 0.6342592592592593 0.016666666666666666 0.03518518518518519
3 0.37057291666666664 0.6407407407407407 0.0234375 0.03148148148148148
3 0.3260416666666667 0.6476851851851851 0.057291666666666664 0.10648148148148148
3 0.28984375 0.6273148148148148 0.0109375 0.019444444444444445
3 0.27630208333333334 0.6300925925925925 0.009895833333333333 0.01574074074074074
3 0.13723958333333333 0.6768518518518518 0.2734375 0.3074074074074074
3 0.04114583333333333 0.6032407407407407 0.08333333333333333 0.24166666666666667
