3 0.05078125 0.7018518518518518 0.1015625 0.16296296296296298
3 0.14114583333333333 0.6916666666666667 0.10729166666666666 0.14074074074074075
3 0.21432291666666667 0.7018518518518518 0.2171875 0.22407407407407406
3 0.31875 0.6824074074074075 0.04375 0.07592592592592592
1 0.32734375 0.6828703703703703 0.018229166666666668 0.09722222222222222
3 0.3541666666666667 0.6800925925925926 0.046875 0.06759259259259259
3 0.4015625 0.663425925925926 0.04375 0.0712962962962963
3 0.4752604166666667 0.700462962962963 0.1609375 0.24722222222222223
3 0.5549479166666667 0.6754629629629629 0.0546875 0.10092592592592593
3 0.5802083333333333 0.6606481481481481 0.013541666666666667 0.025
2 0.64375 0.6685185185185185 0.015625 0.06666666666666667
1 0.6763020833333333 0.700462962962963 0.0421875 0.22685185185185186
1 0.7111979166666667 0.6578703703703703 0.008854166666666666 0.03796296296296296
1 0.7348958333333333 0.6546296296296297 0.011458333333333333 0.06111111111111111
1 0.7473958333333334 0.6537037037037037 0.013541666666666667 0.06666666666666667
1 0.7901041666666667 0.6453703703703704 0.008333333333333333 0.05
1 0.8153645833333333 0.6638888888888889 0.024479166666666666 0.10185185185185185
1 0.8596354166666667 0.6555555555555556 0.027604166666666666 0.12222222222222222
3 0.815625 0.624537037037037 0.04583333333333333 0.04351851851851852
