2 0.9755208333333333 0.711574074074074 0.04895833333333333 0.2657407407407407
2 0.80234375 0.6787037037037037 0.06927083333333334 0.19074074074074074
2 0.8708333333333333 0.6763888888888889 0.065625 0.1787037037037037
2 0.6309895833333333 0.6601851851851852 0.033854166666666664 0.08888888888888889
3 0.32447916666666665 0.6638888888888889 0.07395833333333333 0.1037037037037037
3 0.3927083333333333 0.6578703703703703 0.03125 0.041666666666666664
4 0.4479166666666667 0.6296296296296297 0.026041666666666668 0.07962962962962963
5 0.3658854166666667 0.6388888888888888 0.025520833333333333 0.053703703703703705
2 0.5611979166666666 0.6569444444444444 0.016145833333333335 0.03796296296296296
3 0.4278645833333333 0.6458333333333334 0.009895833333333333 0.012037037037037037
