3 0.5 0.6703703703703704 0.06145833333333333 0.09259259259259259
3 0.6940104166666666 0.6611111111111111 0.0203125 0.024074074074074074
3 0.6286458333333333 0.6675925925925926 0.026041666666666668 0.03148148148148148
3 0.7286458333333333 0.6652777777777777 0.021875 0.028703703703703703
3 0.7479166666666667 0.6625 0.01875 0.023148148148148147
2 0.7604166666666666 0.6648148148148149 0.007291666666666667 0.03518518518518519
1 0.8190104166666666 0.6620370370370371 0.0078125 0.037037037037037035
2 0.853125 0.6643518518518519 0.008333333333333333 0.030555555555555555
3 0.82890625 0.6597222222222222 0.016145833333333335 0.026851851851851852
3 0.6091145833333333 0.663425925925926 0.018229166666666668 0.028703703703703703
