3 0.08880208333333334 0.687962962962963 0.17552083333333332 0.17037037037037037
3 0.24296875 0.6555555555555556 0.0890625 0.11851851851851852
3 0.30833333333333335 0.6601851851851852 0.053125 0.06481481481481481
3 0.34322916666666664 0.65 0.035416666666666666 0.053703703703703705
4 0.3609375 0.6185185185185185 0.05520833333333333 0.07592592592592592
3 0.40338541666666666 0.6541666666666667 0.0421875 0.062037037037037036
3 0.49661458333333336 0.6768518518518518 0.10572916666666667 0.18888888888888888
1 0.8192708333333333 0.6777777777777778 0.016666666666666666 0.08888888888888889
1 0.8822916666666667 0.6611111111111111 0.0125 0.05185185185185185
6 0.9223958333333333 0.7050925925925926 0.08541666666666667 0.14907407407407408
1 0.5828125 0.6518518518518519 0.009375 0.040740740740740744
