3 0.11770833333333333 0.7930555555555555 0.13229166666666667 0.14537037037037037
3 0.029427083333333333 0.7532407407407408 0.0546875 0.05092592592592592
3 0.01484375 0.7472222222222222 0.0296875 0.046296296296296294
3 0.17916666666666667 0.7601851851851852 0.022916666666666665 0.03518518518518519
3 0.19895833333333332 0.7611111111111111 0.01875 0.025925925925925925
3 0.21979166666666666 0.7620370370370371 0.015625 0.022222222222222223
4 0.3140625 0.7175925925925926 0.165625 0.38333333333333336
3 0.39921875 0.7962962962962963 0.033854166666666664 0.05740740740740741
2 0.4315104166666667 0.787962962962963 0.0078125 0.03518518518518519
2 0.45338541666666665 0.7944444444444444 0.0109375 0.03888888888888889
2 0.46796875 0.7953703703703704 0.009895833333333333 0.03888888888888889
2 0.478125 0.7962962962962963 0.007291666666666667 0.044444444444444446
2 0.4901041666666667 0.8013888888888889 0.013541666666666667 0.04537037037037037
2 0.5630208333333333 0.8138888888888889 0.017708333333333333 0.06851851851851852
2 0.58828125 0.8069444444444445 0.013020833333333334 0.049074074074074076
2 0.6546875 0.8162037037037037 0.03333333333333333 0.0712962962962963
2 0.7213541666666666 0.8384259259259259 0.046875 0.17685185185185184
2 0.8270833333333333 0.8291666666666667 0.03958333333333333 0.0787037037037037
2 0.9395833333333333 0.8314814814814815 0.04479166666666667 0.08518518518518518
