3 0.08880208333333334 0.825 0.1765625 0.32407407407407407
3 0.14192708333333334 0.7625 0.0703125 0.09722222222222222
3 0.20390625 0.7648148148148148 0.06510416666666667 0.07777777777777778
5 0.22890625 0.7203703703703703 0.04739583333333333 0.08888888888888889
3 0.24192708333333332 0.7578703703703704 0.033854166666666664 0.05648148148148148
3 0.2828125 0.7791666666666667 0.07395833333333333 0.09907407407407408
4 0.4166666666666667 0.6916666666666667 0.20833333333333334 0.48518518518518516
1 0.53125 0.7703703703703704 0.0125 0.07037037037037037
2 0.6572916666666667 0.8180555555555555 0.05520833333333333 0.21944444444444444
2 0.784375 0.8430555555555556 0.06458333333333334 0.20092592592592592
1 0.7192708333333333 0.7513888888888889 0.009375 0.04351851851851852
3 0.2677083333333333 0.7351851851851852 0.03333333333333333 0.06111111111111111
