2 0.103125 0.6597222222222222 0.03125 0.062037037037037036
1 0.11979166666666667 0.6541666666666667 0.020833333333333332 0.0712962962962963
3 0.13046875 0.6356481481481482 0.0390625 0.025
3 0.16953125 0.6300925925925925 0.0390625 0.030555555555555555
1 0.1828125 0.6472222222222223 0.011458333333333333 0.07962962962962963
4 0.2359375 0.6148148148148148 0.0375 0.02962962962962963
3 0.30625 0.6444444444444445 0.046875 0.05185185185185185
5 0.34140625 0.6129629629629629 0.07447916666666667 0.09444444444444444
1 0.35885416666666664 0.6370370370370371 0.01875 0.07037037037037037
3 0.38177083333333334 0.6375 0.042708333333333334 0.05277777777777778
2 0.41380208333333335 0.638425925925926 0.05572916666666667 0.09722222222222222
3 0.4283854166666667 0.6222222222222222 0.025520833333333333 0.044444444444444446
3 0.45390625 0.6175925925925926 0.018229166666666668 0.03333333333333333
4 0.47760416666666666 0.6074074074074074 0.019791666666666666 0.03518518518518519
3 0.49583333333333335 0.6143518518518518 0.013541666666666667 0.017592592592592594
2 0.6229166666666667 0.6337962962962963 0.057291666666666664 0.08425925925925926
