3 0.0265625 0.7148148148148148 0.053125 0.17222222222222222
3 0.10598958333333333 0.7050925925925926 0.13802083333333334 0.14537037037037037
1 0.23151041666666666 0.6699074074074074 0.008854166666666666 0.04722222222222222
1 0.253125 0.6671296296296296 0.010416666666666666 0.05277777777777778
1 0.27838541666666666 0.6717592592592593 0.009895833333333333 0.05462962962962963
1 0.3489583333333333 0.6675925925925926 0.008333333333333333 0.03518518518518519
3 0.37604166666666666 0.6828703703703703 0.04895833333333333 0.06388888888888888
3 0.40130208333333334 0.6662037037037037 0.016145833333333335 0.028703703703703703
2 0.4234375 0.6689814814814815 0.00625 0.026851851851851852
3 0.4549479166666667 0.674537037037037 0.028645833333333332 0.04537037037037037
3 0.46875 0.6703703703703704 0.017708333333333333 0.02962962962962963
1 0.8088541666666667 0.6787037037037037 0.030208333333333334 0.14444444444444443
1 0.1953125 0.6666666666666666 0.010416666666666666 0.06111111111111111
