3 0.038802083333333334 0.6805555555555556 0.0765625 0.2462962962962963
3 0.12942708333333333 0.675 0.19947916666666668 0.14629629629629629
3 0.28072916666666664 0.663425925925926 0.08541666666666667 0.09351851851851851
3 0.31953125 0.6587962962962963 0.05677083333333333 0.07685185185185185
3 0.35989583333333336 0.649074074074074 0.03958333333333333 0.06666666666666667
3 0.37942708333333336 0.6504629629629629 0.0296875 0.03796296296296296
2 0.47760416666666666 0.6555555555555556 0.013541666666666667 0.07962962962962963
1 0.4609375 0.6481481481481481 0.011458333333333333 0.05185185185185185
3 0.3893229166666667 0.649074074074074 0.024479166666666666 0.037037037037037035
3 0.40729166666666666 0.6462962962962963 0.015625 0.024074074074074074
1 0.15364583333333334 0.6888888888888889 0.042708333333333334 0.12962962962962962
