1 0.07526041666666666 0.6180555555555556 0.015104166666666667 0.08055555555555556
1 0.08359375 0.6194444444444445 0.0109375 0.07407407407407407
1 0.09895833333333333 0.6162037037037037 0.007291666666666667 0.06944444444444445
1 0.10546875 0.6162037037037037 0.0078125 0.06574074074074074
1 0.13046875 0.6217592592592592 0.011979166666666667 0.075
1 0.12083333333333333 0.6328703703703704 0.01875 0.08425925925925926
3 0.21302083333333333 0.6560185185185186 0.17291666666666666 0.20833333333333334
3 0.4109375 0.7282407407407407 0.259375 0.3787037037037037
2 0.534375 0.625 0.016666666666666666 0.06296296296296296
1 0.553125 0.6277777777777778 0.014583333333333334 0.05740740740740741
2 0.58359375 0.6342592592592593 0.019270833333333334 0.08333333333333333
3 0.5927083333333333 0.6273148148148148 0.071875 0.058333333333333334
1 0.68828125 0.5967592592592592 0.0078125 0.04722222222222222
2 0.7171875 0.6587962962962963 0.042708333333333334 0.175
1 0.7953125 0.6097222222222223 0.020833333333333332 0.09722222222222222
