2 0.016927083333333332 0.7486111111111111 0.0328125 0.14537037037037037
1 0.038802083333333334 0.7180555555555556 0.015104166666666667 0.07685185185185185
1 0.05416666666666667 0.7180555555555556 0.020833333333333332 0.06759259259259259
1 0.07526041666666666 0.7226851851851852 0.016145833333333335 0.06388888888888888
3 0.26510416666666664 0.7342592592592593 0.10104166666666667 0.13333333333333333
4 0.40651041666666665 0.6388888888888888 0.20885416666666667 0.524074074074074
3 0.5364583333333334 0.7263888888888889 0.09791666666666667 0.07685185185185185
2 0.6380208333333334 0.737037037037037 0.03333333333333333 0.14814814814814814
1 0.6270833333333333 0.7125 0.016666666666666666 0.0824074074074074
2 0.66171875 0.7291666666666666 0.025520833333333333 0.11388888888888889
3 0.9544270833333334 0.7092592592592593 0.09114583333333333 0.09814814814814815
3 0.9494791666666667 0.7069444444444445 0.09895833333333333 0.09166666666666666
3 0.9036458333333334 0.4425925925925926 0.057291666666666664 0.09444444444444444
