3 0.027083333333333334 0.6638888888888889 0.05416666666666667 0.11851851851851852
4 0.1109375 0.5986111111111111 0.14791666666666667 0.20462962962962963
4 0.19817708333333334 0.5967592592592592 0.11302083333333333 0.18055555555555555
4 0.26953125 0.6148148148148148 0.08385416666666666 0.13333333333333333
3 0.2578125 0.6768518518518518 0.15 0.17037037037037037
3 0.32838541666666665 0.6351851851851852 0.015104166666666667 0.022222222222222223
3 0.340625 0.6361111111111111 0.0125 0.018518518518518517
3 0.35182291666666665 0.6337962962962963 0.011979166666666667 0.023148148148148147
3 0.36822916666666666 0.6305555555555555 0.03333333333333333 0.03518518518518519
4 0.3921875 0.6175925925925926 0.03125 0.05185185185185185
4 0.41380208333333335 0.6263888888888889 0.0171875 0.026851851851851852
5 0.4322916666666667 0.6231481481481481 0.016666666666666666 0.020370370370370372
3 0.4328125 0.6319444444444444 0.013541666666666667 0.019444444444444445
2 0.5450520833333333 0.6300925925925925 0.0078125 0.019444444444444445
3 0.5276041666666667 0.6291666666666667 0.008333333333333333 0.012037037037037037
3 0.5182291666666666 0.6300925925925925 0.010416666666666666 0.01574074074074074
3 0.51015625 0.6296296296296297 0.009895833333333333 0.012962962962962963
3 0.50078125 0.6296296296296297 0.009895833333333333 0.014814814814814815
3 0.4890625 0.6291666666666667 0.011458333333333333 0.01574074074074074
3 0.4796875 0.6314814814814815 0.013541666666666667 0.020370370370370372
2 0.596875 0.6277777777777778 0.010416666666666666 0.020370370370370372
2 0.60546875 0.6287037037037037 0.0109375 0.020370370370370372
3 0.78828125 0.6296296296296297 0.06510416666666667 0.046296296296296294
