1 0.12213541666666666 0.6796296296296296 0.009895833333333333 0.05925925925925926
1 0.16328125 0.6810185185185185 0.009895833333333333 0.05277777777777778
1 0.20026041666666666 0.6824074074074075 0.0078125 0.046296296296296294
4 0.28463541666666664 0.6703703703703704 0.08072916666666667 0.1037037037037037
3 0.40182291666666664 0.6828703703703703 0.04635416666666667 0.032407407407407406
3 0.4622395833333333 0.6949074074074074 0.03177083333333333 0.04722222222222222
3 0.47265625 0.6773148148148148 0.0234375 0.05277777777777778
5 0.49583333333333335 0.675 0.016666666666666666 0.037037037037037035
6 0.6151041666666667 0.6990740740740741 0.03125 0.07037037037037037
1 0.56015625 0.6967592592592593 0.0078125 0.041666666666666664
1 0.5684895833333333 0.6962962962962963 0.0067708333333333336 0.044444444444444446
3 0.7947916666666667 0.7064814814814815 0.08541666666666667 0.06296296296296296
