3 0.94609375 0.6092592592592593 0.1078125 0.07592592592592592
5 0.9091145833333333 0.5703703703703704 0.18072916666666666 0.13148148148148148
1 0.7854166666666667 0.6018518518518519 0.010416666666666666 0.07037037037037037
1 0.7104166666666667 0.6046296296296296 0.009375 0.05555555555555555
1 0.6908854166666667 0.6532407407407408 0.059895833333333336 0.2824074074074074
1 0.51953125 0.6782407407407407 0.13489583333333333 0.41944444444444445
2 0.5630208333333333 0.6509259259259259 0.14166666666666666 0.2518518518518518
2 0.5880208333333333 0.6300925925925925 0.09270833333333334 0.1361111111111111
3 0.45859375 0.6125 0.0515625 0.05092592592592592
2 0.4044270833333333 0.6328703703703704 0.0671875 0.11388888888888889
2 0.3658854166666667 0.6319444444444444 0.0765625 0.1361111111111111
3 0.41067708333333336 0.6208333333333333 0.14947916666666666 0.08796296296296297
3 0.31223958333333335 0.6231481481481481 0.09010416666666667 0.06851851851851852
3 0.24765625 0.6291666666666667 0.1609375 0.09166666666666666
2 0.11302083333333333 0.7078703703703704 0.22604166666666667 0.47685185185185186
3 0.030208333333333334 0.625462962962963 0.06041666666666667 0.13425925925925927
