2 0.08854166666666667 0.6777777777777778 0.021875 0.08518518518518518
3 0.24557291666666667 0.700462962962963 0.0828125 0.06574074074074074
3 0.31484375 0.6925925925925925 0.1265625 0.18333333333333332
3 0.48385416666666664 0.7055555555555556 0.035416666666666666 0.05740740740740741
3 0.45286458333333335 0.6981481481481482 0.018229166666666668 0.025925925925925925
3 0.54375 0.7041666666666667 0.030208333333333334 0.049074074074074076
5 0.5645833333333333 0.6875 0.04479166666666667 0.07314814814814814
2 0.7059895833333333 0.7240740740740741 0.0171875 0.05925925925925926
2 0.73828125 0.7305555555555555 0.019270833333333334 0.06851851851851852
2 0.82890625 0.7412037037037037 0.0234375 0.05648148148148148
1 0.8559895833333333 0.7342592592592593 0.0140625 0.08333333333333333
