2 0.010416666666666666 0.6430555555555556 0.013541666666666667 0.04351851851851852
3 0.10260416666666666 0.6467592592592593 0.06458333333333334 0.03796296296296296
4 0.27734375 0.6324074074074074 0.0546875 0.08888888888888889
4 0.3059895833333333 0.6263888888888889 0.0453125 0.0712962962962963
3 0.3302083333333333 0.6476851851851851 0.021875 0.03981481481481482
3 0.34427083333333336 0.6532407407407408 0.027083333333333334 0.03981481481481482
2 0.30442708333333335 0.6861111111111111 0.09947916666666666 0.13333333333333333
3 0.43307291666666664 0.6546296296296297 0.0359375 0.03888888888888889
3 0.4901041666666667 0.750462962962963 0.16458333333333333 0.24722222222222223
3 0.5552083333333333 0.6814814814814815 0.04479166666666667 0.06666666666666667
3 0.7411458333333333 0.6597222222222222 0.22916666666666666 0.3861111111111111
