3 0.10807291666666667 0.7435185185185185 0.21614583333333334 0.31851851851851853
5 0.19869791666666667 0.6587962962962963 0.09947916666666666 0.125
1 0.25729166666666664 0.6865740740740741 0.00625 0.03425925925925926
3 0.33515625 0.7083333333333334 0.09010416666666667 0.10555555555555556
3 0.3963541666666667 0.6981481481481482 0.040625 0.05925925925925926
3 0.45364583333333336 0.7333333333333333 0.1125 0.1574074074074074
5 0.47994791666666664 0.6694444444444444 0.034895833333333334 0.053703703703703705
2 0.5947916666666667 0.700462962962963 0.008333333333333333 0.030555555555555555
2 0.6041666666666666 0.6986111111111111 0.009375 0.030555555555555555
1 0.6177083333333333 0.6958333333333333 0.007291666666666667 0.032407407407407406
2 0.5526041666666667 0.6949074074074074 0.008333333333333333 0.032407407407407406
