4 0.11354166666666667 0.49953703703703706 0.22604166666666667 0.9935185185185185
4 0.25833333333333336 0.6166666666666667 0.08645833333333333 0.12962962962962962
3 0.34375 0.6453703703703704 0.040625 0.06481481481481481
4 0.34921875 0.6259259259259259 0.04114583333333333 0.06666666666666667
3 0.37890625 0.6578703703703703 0.03697916666666667 0.04722222222222222
5 0.3997395833333333 0.6342592592592593 0.05364583333333333 0.08518518518518518
5 0.4244791666666667 0.6375 0.027083333333333334 0.06018518518518518
3 0.4583333333333333 0.6555555555555556 0.023958333333333335 0.03518518518518519
3 0.48359375 0.6638888888888889 0.0453125 0.07407407407407407
2 0.53984375 0.6587962962962963 0.011979166666666667 0.028703703703703703
