2 0.10494791666666667 0.6092592592592593 0.016145833333333335 0.06666666666666667
3 0.22213541666666667 0.5907407407407408 0.018229166666666668 0.02962962962962963
3 0.24505208333333334 0.5967592592592592 0.018229166666666668 0.028703703703703703
3 0.29140625 0.5986111111111111 0.009895833333333333 0.01574074074074074
4 0.32447916666666665 0.600925925925926 0.0125 0.022222222222222223
4 0.3653645833333333 0.5990740740740741 0.011979166666666667 0.022222222222222223
3 0.39765625 0.6055555555555555 0.015104166666666667 0.024074074074074074
3 0.44869791666666664 0.6101851851851852 0.0234375 0.037037037037037035
2 0.52265625 0.6092592592592593 0.0078125 0.03518518518518519
2 0.54453125 0.6143518518518518 0.011979166666666667 0.030555555555555555
