3 0.28098958333333335 0.6157407407407407 0.0921875 0.14814814814814814
3 0.3484375 0.6240740740740741 0.029166666666666667 0.03518518518518519
5 0.42734375 0.5962962962962963 0.0140625 0.027777777777777776
3 0.43697916666666664 0.6037037037037037 0.011458333333333333 0.014814814814814815
3 0.44609375 0.6 0.0078125 0.011111111111111112
4 0.45677083333333335 0.5935185185185186 0.020833333333333332 0.044444444444444446
3 0.47369791666666666 0.6134259259259259 0.016145833333333335 0.026851851851851852
1 0.5072916666666667 0.6129629629629629 0.005208333333333333 0.025925925925925925
1 0.6380208333333334 0.6555555555555556 0.026041666666666668 0.13148148148148148
3 0.8296875 0.2449074074074074 0.042708333333333334 0.075
