3 0.20104166666666667 0.6944444444444444 0.12083333333333333 0.15185185185185185
3 0.2916666666666667 0.7180555555555556 0.16354166666666667 0.19907407407407407
3 0.3958333333333333 0.6916666666666667 0.071875 0.10185185185185185
3 0.36640625 0.6592592592592592 0.0328125 0.04814814814814815
3 0.41484375 0.6791666666666667 0.04635416666666667 0.08611111111111111
3 0.44140625 0.6652777777777777 0.033854166666666664 0.058333333333333334
4 0.46119791666666665 0.6486111111111111 0.022395833333333334 0.04722222222222222
3 0.4942708333333333 0.6944444444444444 0.08854166666666667 0.1537037037037037
3 0.7283854166666667 0.6574074074074074 0.0984375 0.05555555555555555
1 0.9369791666666667 0.7342592592592593 0.053125 0.15555555555555556
