3 0.8364583333333333 0.7430555555555556 0.3229166666666667 0.2916666666666667
1 0.67109375 0.6458333333333334 0.008854166666666666 0.04722222222222222
3 0.5192708333333333 0.6421296296296296 0.014583333333333334 0.021296296296296296
3 0.5109375 0.6375 0.0125 0.01574074074074074
3 0.49296875 0.6393518518518518 0.013020833333333334 0.021296296296296296
3 0.48359375 0.6375 0.0203125 0.013888888888888888
3 0.45 0.6393518518518518 0.0125 0.017592592592592594
3 0.24270833333333333 0.649537037037037 0.052083333333333336 0.03796296296296296
3 0.18463541666666666 0.6472222222222223 0.06302083333333333 0.046296296296296294
3 0.140625 0.6564814814814814 0.08645833333333333 0.05185185185185185
3 0.054427083333333334 0.6592592592592592 0.0828125 0.06111111111111111
3 0.040364583333333336 0.6537037037037037 0.0796875 0.07777777777777778
3 0.023177083333333334 0.6611111111111111 0.04635416666666667 0.06481481481481481
