4 0.8229166666666666 0.7828703703703703 0.35 0.425
3 0.6143229166666667 0.7851851851851852 0.12864583333333332 0.14074074074074075
4 0.55625 0.687962962962963 0.13229166666666667 0.22962962962962963
3 0.42916666666666664 0.7569444444444444 0.07083333333333333 0.11018518518518519
2 0.37994791666666666 0.7314814814814815 0.028645833333333332 0.05
4 0.36692708333333335 0.7032407407407407 0.013020833333333334 0.028703703703703703
1 0.35182291666666665 0.7324074074074074 0.015104166666666667 0.05740740740740741
1 0.34661458333333334 0.7282407407407407 0.0109375 0.06388888888888888
3 0.28515625 0.7208333333333333 0.06197916666666667 0.04722222222222222
1 0.27005208333333336 0.7240740740740741 0.0109375 0.07222222222222222
1 0.24973958333333332 0.7236111111111111 0.0140625 0.075
4 0.19401041666666666 0.6949074074074074 0.07760416666666667 0.075
1 0.21796875 0.725 0.0140625 0.06851851851851852
1 0.19114583333333332 0.7203703703703703 0.016666666666666666 0.06666666666666667
3 0.140625 0.7324074074074074 0.09791666666666667 0.10555555555555556
4 0.14114583333333333 0.6875 0.08541666666666667 0.07685185185185185
3 0.03984375 0.6949074074074074 0.0671875 0.05277777777777778
