3 0.07578125 0.6166666666666667 0.0859375 0.07592592592592592
2 0.12942708333333333 0.6305555555555555 0.03802083333333333 0.08888888888888889
2 0.24453125 0.6305555555555555 0.024479166666666666 0.08333333333333333
3 0.23463541666666668 0.6222222222222222 0.10885416666666667 0.06111111111111111
2 0.31484375 0.6189814814814815 0.009895833333333333 0.04722222222222222
2 0.3299479166666667 0.6217592592592592 0.009895833333333333 0.03981481481481482
3 0.35625 0.6291666666666667 0.04375 0.05648148148148148
3 0.43333333333333335 0.6347222222222222 0.04583333333333333 0.06018518518518518
3 0.44895833333333335 0.6222222222222222 0.03958333333333333 0.02962962962962963
2 0.47734375 0.6259259259259259 0.0067708333333333336 0.03333333333333333
2 0.48489583333333336 0.6236111111111111 0.00625 0.026851851851851852
3 0.553125 0.6333333333333333 0.07604166666666666 0.05185185185185185
2 0.6049479166666667 0.6587962962962963 0.028645833333333332 0.10462962962962963
3 0.6989583333333333 0.6439814814814815 0.09791666666666667 0.06018518518518518
3 0.6544270833333333 0.6273148148148148 0.07447916666666667 0.06018518518518518
3 0.6302083333333334 0.6263888888888889 0.07916666666666666 0.058333333333333334
3 0.521875 0.6208333333333333 0.036458333333333336 0.026851851851851852
