3 0.24765625 0.700462962962963 0.1203125 0.1398148148148148
3 0.334375 0.6509259259259259 0.06041666666666667 0.08703703703703704
4 0.3611979166666667 0.6263888888888889 0.050520833333333334 0.0824074074074074
4 0.3875 0.6203703703703703 0.027083333333333334 0.06111111111111111
3 0.44192708333333336 0.7046296296296296 0.10364583333333334 0.1648148148148148
3 0.5208333333333334 0.65 0.03854166666666667 0.053703703703703705
3 0.5044270833333333 0.6421296296296296 0.030729166666666665 0.04537037037037037
3 0.56796875 0.649537037037037 0.03802083333333333 0.05277777777777778
4 0.57421875 0.6171296296296296 0.0484375 0.04722222222222222
3 0.5309895833333333 0.6356481481481482 0.025520833333333333 0.04351851851851852
3 0.828125 0.7560185185185185 0.19479166666666667 0.18055555555555555
3 0.6263020833333334 0.6337962962962963 0.030729166666666665 0.023148148148148147
