5 0.05911458333333333 0.6351851851851852 0.1171875 0.10555555555555556
5 0.36380208333333336 0.6263888888888889 0.033854166666666664 0.05277777777777778
3 0.39895833333333336 0.637962962962963 0.04479166666666667 0.037037037037037035
3 0.4270833333333333 0.6421296296296296 0.03958333333333333 0.032407407407407406
3 0.49713541666666666 0.6865740740740741 0.10572916666666667 0.1787037037037037
2 0.48463541666666665 0.7351851851851852 0.07864583333333333 0.35
3 0.5763020833333333 0.6597222222222222 0.05572916666666667 0.08611111111111111
3 0.61953125 0.649537037037037 0.044270833333333336 0.032407407407407406
3 0.6927083333333334 0.6523148148148148 0.06041666666666667 0.03796296296296296
2 0.057291666666666664 0.6388888888888888 0.020833333333333332 0.05185185185185185
1 0.090625 0.6361111111111111 0.009375 0.046296296296296294
2 0.14296875 0.6467592592592593 0.015104166666666667 0.049074074074074076
2 0.15572916666666667 0.6476851851851851 0.011458333333333333 0.04537037037037037
1 0.18776041666666668 0.6462962962962963 0.009895833333333333 0.044444444444444446
3 0.30703125 0.6435185185185185 0.04739583333333333 0.037037037037037035
3 0.55546875 0.6592592592592592 0.0359375 0.05555555555555555
