3 0.26145833333333335 0.6277777777777778 0.042708333333333334 0.05555555555555555
4 0.34661458333333334 0.6282407407407408 0.019270833333333334 0.030555555555555555
3 0.42161458333333335 0.6259259259259259 0.0265625 0.05
3 0.446875 0.6273148148148148 0.010416666666666666 0.023148148148148147
3 0.4622395833333333 0.6287037037037037 0.0296875 0.06851851851851852
3 0.4744791666666667 0.6291666666666667 0.017708333333333333 0.030555555555555555
4 0.484375 0.6231481481481481 0.010416666666666666 0.022222222222222223
4 0.503125 0.6166666666666667 0.014583333333333334 0.03518518518518519
3 0.5005208333333333 0.6342592592592593 0.019791666666666666 0.024074074074074074
3 0.5270833333333333 0.6287037037037037 0.011458333333333333 0.014814814814814815
4 0.5440104166666667 0.625462962962963 0.0265625 0.04537037037037037
3 0.6119791666666666 0.6481481481481481 0.05416666666666667 0.05740740740740741
3 0.83984375 0.7046296296296296 0.17552083333333332 0.1685185185185185
