5 0.04609375 0.6037037037037037 0.0921875 0.2462962962962963
3 0.05546875 0.6912037037037037 0.10989583333333333 0.175
3 0.22317708333333333 0.662962962962963 0.10885416666666667 0.1037037037037037
3 0.28125 0.6407407407407407 0.05625 0.06851851851851852
3 0.31536458333333334 0.6439814814814815 0.0703125 0.09166666666666666
3 0.35078125 0.6439814814814815 0.044270833333333336 0.05092592592592592
3 0.38984375 0.6388888888888888 0.0359375 0.04259259259259259
3 0.41484375 0.6324074074074074 0.028645833333333332 0.044444444444444446
3 0.42942708333333335 0.6273148148148148 0.016145833333333335 0.023148148148148147
3 0.5140625 0.6319444444444444 0.022916666666666665 0.03425925925925926
3 0.5651041666666666 0.6356481481481482 0.035416666666666666 0.04537037037037037
4 0.80625 0.5416666666666666 0.321875 0.5203703703703704
4 0.38385416666666666 0.6263888888888889 0.03958333333333333 0.04722222222222222
3 0.5520833333333334 0.625462962962963 0.016666666666666666 0.021296296296296296
