3 0.9276041666666667 0.8101851851851852 0.14583333333333334 0.32222222222222224
2 0.7213541666666666 0.6597222222222222 0.020833333333333332 0.062037037037037036
4 0.6434895833333333 0.6310185185185185 0.0484375 0.0787037037037037
3 0.6276041666666666 0.6564814814814814 0.0375 0.05925925925925926
3 0.6171875 0.6268518518518519 0.034375 0.05740740740740741
3 0.59765625 0.6314814814814815 0.019270833333333334 0.027777777777777776
3 0.5875 0.6208333333333333 0.016666666666666666 0.023148148148148147
3 0.5794270833333334 0.6171296296296296 0.011979166666666667 0.017592592592592594
3 0.5723958333333333 0.6138888888888889 0.009375 0.014814814814814815
3 0.5567708333333333 0.6259259259259259 0.017708333333333333 0.025925925925925925
5 0.5348958333333333 0.6050925925925926 0.014583333333333334 0.026851851851851852
3 0.39947916666666666 0.600925925925926 0.03958333333333333 0.025925925925925925
3 0.18098958333333334 0.6060185185185185 0.07864583333333333 0.04537037037037037
3 0.15755208333333334 0.6060185185185185 0.0953125 0.05092592592592592
3 0.13776041666666666 0.6083333333333333 0.09010416666666667 0.05740740740740741
3 0.0890625 0.6041666666666666 0.06458333333333334 0.06944444444444445
3 0.07447916666666667 0.5949074074074074 0.065625 0.041666666666666664
3 0.028385416666666666 0.5935185185185186 0.05677083333333333 0.040740740740740744
3 0.178125 0.8111111111111111 0.32395833333333335 0.3314814814814815
