2 0.26145833333333335 0.6425925925925926 0.036458333333333336 0.05740740740740741
3 0.5104166666666666 0.6157407407407407 0.013541666666666667 0.022222222222222223
2 0.7244791666666667 0.638425925925926 0.027083333333333334 0.05462962962962963
3 0.7388020833333333 0.6185185185185185 0.03697916666666667 0.037037037037037035
3 0.6528645833333333 0.6587962962962963 0.09114583333333333 0.11018518518518519
3 0.8486979166666667 0.5824074074074074 0.034895833333333334 0.03148148148148148
3 0.4708333333333333 0.6074074074074074 0.007291666666666667 0.014814814814814815
3 0.4830729166666667 0.6111111111111112 0.009895833333333333 0.011111111111111112
3 0.5033854166666667 0.6050925925925926 0.0078125 0.013888888888888888
3 0.49765625 0.6050925925925926 0.0078125 0.012037037037037037
