3 0.04895833333333333 0.5958333333333333 0.09791666666666667 0.13240740740740742
3 0.08619791666666667 0.600925925925926 0.1578125 0.15185185185185185
3 0.1953125 0.6125 0.14270833333333333 0.13796296296296295
1 0.2421875 0.5643518518518519 0.016666666666666666 0.09907407407407408
3 0.31015625 0.6166666666666667 0.1109375 0.1648148148148148
1 0.4401041666666667 0.6296296296296297 0.06458333333333334 0.2833333333333333
1 0.47161458333333334 0.6138888888888889 0.0421875 0.2611111111111111
1 0.5036458333333333 0.6375 0.053125 0.25092592592592594
3 0.48854166666666665 0.6138888888888889 0.16041666666666668 0.20925925925925926
3 0.70703125 0.6365740740740741 0.21614583333333334 0.2175925925925926
1 0.6950520833333333 0.5592592592592592 0.018229166666666668 0.12962962962962962
3 0.9005208333333333 0.6319444444444444 0.19791666666666666 0.26944444444444443
