3 0.22317708333333333 0.6856481481481481 0.1171875 0.13796296296296295
3 0.315625 0.6763888888888889 0.06875 0.07685185185185185
2 0.39505208333333336 0.6657407407407407 0.015104166666666667 0.053703703703703705
3 0.3885416666666667 0.6587962962962963 0.034375 0.049074074074074076
3 0.4109375 0.6592592592592592 0.01875 0.02962962962962963
2 0.4317708333333333 0.6611111111111111 0.010416666666666666 0.03518518518518519
2 0.4973958333333333 0.6574074074074074 0.010416666666666666 0.03888888888888889
1 0.9135416666666667 0.6824074074074075 0.035416666666666666 0.2388888888888889
1 0.7481770833333333 0.6689814814814815 0.025520833333333333 0.10277777777777777
1 0.5296875 0.6476851851851851 0.00625 0.030555555555555555
1 0.5169270833333334 0.6486111111111111 0.005729166666666666 0.030555555555555555
1 0.5216145833333333 0.6537037037037037 0.0046875 0.03148148148148148
3 0.4869791666666667 0.6523148148148148 0.0125 0.019444444444444445
2 0.4518229166666667 0.6541666666666667 0.005729166666666666 0.021296296296296296
3 0.42213541666666665 0.6555555555555556 0.015104166666666667 0.025925925925925925
