3 0.865625 0.763425925925926 0.26875 0.475
2 0.7635416666666667 0.6689814814814815 0.01875 0.06944444444444445
2 0.6825520833333333 0.6597222222222222 0.016145833333333335 0.062037037037037036
3 0.590625 0.6638888888888889 0.07395833333333333 0.1037037037037037
5 0.55703125 0.6222222222222222 0.0578125 0.1037037037037037
3 0.5171875 0.6333333333333333 0.009375 0.016666666666666666
4 0.4953125 0.625462962962963 0.041666666666666664 0.09166666666666666
3 0.4934895833333333 0.6097222222222223 0.033854166666666664 0.058333333333333334
3 0.4713541666666667 0.6342592592592593 0.009375 0.014814814814814815
3 0.4627604166666667 0.6324074074074074 0.009895833333333333 0.014814814814814815
3 0.4421875 0.6402777777777777 0.017708333333333333 0.025
3 0.4203125 0.6407407407407407 0.025 0.03888888888888889
3 0.3575520833333333 0.6546296296296297 0.06197916666666667 0.08703703703703704
