3 0.45703125 0.6333333333333333 0.05677083333333333 0.09074074074074075
3 0.6059895833333333 0.6236111111111111 0.021354166666666667 0.030555555555555555
5 0.6372395833333333 0.600462962962963 0.06510416666666667 0.13796296296296295
3 0.8015625 0.6277777777777778 0.057291666666666664 0.03888888888888889
3 0.82578125 0.624537037037037 0.03802083333333333 0.058333333333333334
3 0.8747395833333333 0.6143518518518518 0.0640625 0.09907407407407408
3 0.91875 0.6314814814814815 0.05416666666666667 0.05740740740740741
3 0.9703125 0.6324074074074074 0.058333333333333334 0.06296296296296296
2 0.9627604166666667 0.6402777777777777 0.025520833333333333 0.08055555555555556
5 0.5783854166666667 0.6157407407407407 0.013020833333333334 0.027777777777777776
