1 0.0890625 0.649537037037037 0.025 0.07685185185185185
1 0.3375 0.637962962962963 0.009375 0.05740740740740741
2 0.38333333333333336 0.6486111111111111 0.022916666666666665 0.06759259259259259
2 0.50234375 0.6467592592592593 0.013020833333333334 0.05648148148148148
2 0.5278645833333333 0.6453703703703704 0.019270833333333334 0.06111111111111111
2 0.5455729166666666 0.6467592592592593 0.018229166666666668 0.062037037037037036
1 0.6411458333333333 0.6467592592592593 0.015625 0.0787037037037037
3 0.7856770833333333 0.6472222222222223 0.1921875 0.11296296296296296
1 0.8171875 0.6824074074074075 0.08125 0.2851851851851852
1 0.9122395833333333 0.675 0.05364583333333333 0.2851851851851852
1 0.125 0.6449074074074074 0.013541666666666667 0.06018518518518518
