2 0.6411458333333333 0.6333333333333333 0.026041666666666668 0.05
4 0.6330729166666667 0.6097222222222223 0.06510416666666667 0.06388888888888888
2 0.5747395833333333 0.6287037037037037 0.0234375 0.04259259259259259
3 0.5518229166666667 0.624537037037037 0.034895833333333334 0.032407407407407406
2 0.5177083333333333 0.6231481481481481 0.008333333333333333 0.02962962962962963
3 0.4903645833333333 0.6212962962962963 0.021354166666666667 0.025925925925925925
2 0.47369791666666666 0.6231481481481481 0.0109375 0.025925925925925925
2 0.46041666666666664 0.6222222222222222 0.007291666666666667 0.025925925925925925
2 0.2557291666666667 0.625462962962963 0.019791666666666666 0.049074074074074076
3 0.32317708333333334 0.6351851851851852 0.058854166666666666 0.07407407407407407
3 0.3927083333333333 0.6203703703703703 0.019791666666666666 0.02962962962962963
5 0.3958333333333333 0.6092592592592593 0.023958333333333335 0.05
3 0.42734375 0.6236111111111111 0.019270833333333334 0.025
