3 0.3463541666666667 0.637962962962963 0.06145833333333333 0.07407407407407407
3 0.39114583333333336 0.6240740740740741 0.028125 0.03148148148148148
3 0.43645833333333334 0.6217592592592592 0.025 0.030555555555555555
3 0.42239583333333336 0.6212962962962963 0.017708333333333333 0.025925925925925925
3 0.45755208333333336 0.6143518518518518 0.0171875 0.025
3 0.49947916666666664 0.6296296296296297 0.052083333333333336 0.09259259259259259
3 0.5197916666666667 0.625462962962963 0.042708333333333334 0.07314814814814814
3 0.5854166666666667 0.6296296296296297 0.04583333333333333 0.05740740740740741
4 0.5533854166666666 0.5925925925925926 0.043229166666666666 0.10185185185185185
4 0.5067708333333333 0.5763888888888888 0.04895833333333333 0.1175925925925926
