3 0.06770833333333333 0.8625 0.13541666666666666 0.27314814814814814
3 0.027604166666666666 0.6606481481481481 0.05520833333333333 0.08611111111111111
3 0.134375 0.6398148148148148 0.035416666666666666 0.03518518518518519
3 0.165625 0.6430555555555556 0.04895833333333333 0.03796296296296296
3 0.16796875 0.6259259259259259 0.043229166666666666 0.04259259259259259
4 0.21953125 0.6162037037037037 0.0578125 0.0787037037037037
4 0.2765625 0.6078703703703704 0.040625 0.06574074074074074
3 0.31328125 0.6087962962962963 0.0296875 0.03796296296296296
3 0.3533854166666667 0.6648148148148149 0.06197916666666667 0.08703703703703704
3 0.4473958333333333 0.711574074074074 0.10416666666666667 0.175
3 0.4432291666666667 0.6231481481481481 0.03333333333333333 0.08148148148148149
3 0.46484375 0.6125 0.0171875 0.026851851851851852
4 0.47552083333333334 0.5967592592592592 0.010416666666666666 0.028703703703703703
4 0.49296875 0.5907407407407408 0.018229166666666668 0.046296296296296294
4 0.5302083333333333 0.6185185185185185 0.03958333333333333 0.07037037037037037
