3 0.3645833333333333 0.6287037037037037 0.05 0.027777777777777776
3 0.46119791666666665 0.6231481481481481 0.04114583333333333 0.02962962962962963
4 0.5450520833333333 0.6074074074074074 0.018229166666666668 0.046296296296296294
3 0.56953125 0.6347222222222222 0.03177083333333333 0.049074074074074076
3 0.5947916666666667 0.6236111111111111 0.028125 0.025
3 0.6255208333333333 0.6365740740740741 0.029166666666666667 0.041666666666666664
3 0.6432291666666666 0.6416666666666667 0.03854166666666667 0.05740740740740741
3 0.6713541666666667 0.662962962962963 0.05416666666666667 0.07037037037037037
3 0.7130208333333333 0.6847222222222222 0.084375 0.10092592592592593
3 0.7765625 0.7314814814814815 0.11041666666666666 0.15555555555555556
4 0.8841145833333334 0.6055555555555555 0.23177083333333334 0.7907407407407407
3 0.65703125 0.6509259259259259 0.044270833333333336 0.06296296296296296
