5 0.20911458333333333 0.4550925925925926 0.18072916666666666 0.08796296296296297
3 0.25677083333333334 0.4638888888888889 0.08020833333333334 0.053703703703703705
5 0.37578125 0.4486111111111111 0.16927083333333334 0.07685185185185185
3 0.71796875 0.4300925925925926 0.09947916666666666 0.06574074074074074
2 0.8177083333333334 0.6675925925925926 0.051041666666666666 0.12407407407407407
2 0.7015625 0.6467592592592593 0.017708333333333333 0.062037037037037036
2 0.35390625 0.6537037037037037 0.030729166666666665 0.06111111111111111
3 0.3921875 0.6342592592592593 0.015625 0.022222222222222223
3 0.40234375 0.6319444444444444 0.013020833333333334 0.021296296296296296
3 0.42135416666666664 0.6314814814814815 0.015625 0.025925925925925925
3 0.46536458333333336 0.624537037037037 0.0078125 0.012037037037037037
3 0.50078125 0.6282407407407408 0.0109375 0.017592592592592594
2 0.5341145833333333 0.6319444444444444 0.0067708333333333336 0.019444444444444445
5 0.48932291666666666 0.6212962962962963 0.0067708333333333336 0.014814814814814815
