1 0.23385416666666667 0.6148148148148148 0.011458333333333333 0.06666666666666667
1 0.27239583333333334 0.6203703703703703 0.015625 0.06666666666666667
3 0.3033854166666667 0.6078703703703704 0.0546875 0.03611111111111111
1 0.30026041666666664 0.6087962962962963 0.008854166666666666 0.05092592592592592
1 0.3059895833333333 0.6138888888888889 0.0078125 0.05
1 0.3184895833333333 0.6152777777777778 0.0078125 0.04537037037037037
2 0.38359375 0.6041666666666666 0.008854166666666666 0.03981481481481482
3 0.4075520833333333 0.5898148148148148 0.0359375 0.024074074074074074
4 0.44192708333333336 0.5884259259259259 0.022395833333333334 0.049074074074074076
3 0.46953125 0.5935185185185186 0.027604166666666666 0.020370370370370372
3 0.5018229166666667 0.5893518518518519 0.03697916666666667 0.028703703703703703
2 0.5197916666666667 0.6083333333333333 0.009375 0.03148148148148148
