3 0.21770833333333334 0.6685185185185185 0.10416666666666667 0.06851851851851852
3 0.36875 0.6722222222222223 0.08020833333333334 0.05740740740740741
4 0.3958333333333333 0.6592592592592592 0.03333333333333333 0.07037037037037037
3 0.4466145833333333 0.6731481481481482 0.034895833333333334 0.046296296296296294
3 0.4328125 0.6736111111111112 0.026041666666666668 0.03796296296296296
3 0.5203125 0.6689814814814815 0.05416666666666667 0.05462962962962963
3 0.5848958333333333 0.6768518518518518 0.10520833333333333 0.06666666666666667
3 0.7052083333333333 0.6856481481481481 0.103125 0.05092592592592592
3 0.84296875 0.6861111111111111 0.09114583333333333 0.05555555555555555
3 0.9466145833333334 0.6902777777777778 0.0859375 0.05277777777777778
2 0.9427083333333334 0.6986111111111111 0.029166666666666667 0.07685185185185185
4 0.9283854166666666 0.6569444444444444 0.1421875 0.11018518518518519
2 0.6690104166666667 0.6782407407407407 0.0140625 0.04351851851851852
1 0.6635416666666667 0.6782407407407407 0.010416666666666666 0.03981481481481482
