4 0.04895833333333333 0.6597222222222222 0.09791666666666667 0.28425925925925927
3 0.14140625 0.6902777777777778 0.1234375 0.11944444444444445
3 0.21848958333333332 0.6666666666666666 0.08385416666666666 0.08518518518518518
4 0.12994791666666666 0.5787037037037037 0.15677083333333333 0.2222222222222222
4 0.22213541666666667 0.5777777777777777 0.12239583333333333 0.1685185185185185
4 0.27447916666666666 0.6055555555555555 0.11458333333333333 0.15
3 0.32578125 0.6259259259259259 0.0296875 0.05
2 0.3734375 0.6013888888888889 0.016666666666666666 0.026851851851851852
3 0.41302083333333334 0.6032407407407407 0.042708333333333334 0.026851851851851852
3 0.4578125 0.6032407407407407 0.04583333333333333 0.025
3 0.4747395833333333 0.600925925925926 0.034895833333333334 0.024074074074074074
2 0.4895833333333333 0.6189814814814815 0.0125 0.041666666666666664
3 0.5578125 0.5986111111111111 0.04479166666666667 0.032407407407407406
