2 0.25052083333333336 0.7388888888888889 0.019791666666666666 0.07962962962962963
3 0.43463541666666666 0.7217592592592592 0.043229166666666666 0.07685185185185185
4 0.5229166666666667 0.7023148148148148 0.03125 0.0824074074074074
3 0.5526041666666667 0.7180555555555556 0.013541666666666667 0.021296296296296296
6 0.565625 0.725462962962963 0.010416666666666666 0.026851851851851852
2 0.5916666666666667 0.7458333333333333 0.019791666666666666 0.09166666666666666
3 0.6755208333333333 0.712037037037037 0.027083333333333334 0.024074074074074074
3 0.96484375 0.7134259259259259 0.06822916666666666 0.06759259259259259
2 0.953125 0.8037037037037037 0.08854166666666667 0.2740740740740741
2 0.859375 0.8050925925925926 0.12708333333333333 0.39166666666666666
