3 0.9328125 0.6370370370370371 0.109375 0.10555555555555556
3 0.8411458333333334 0.6532407407407408 0.12916666666666668 0.11388888888888889
1 0.7833333333333333 0.6583333333333333 0.05520833333333333 0.2388888888888889
1 0.70625 0.6319444444444444 0.022916666666666665 0.10277777777777777
3 0.5830729166666667 0.6467592592592593 0.1890625 0.12129629629629629
3 0.5018229166666667 0.6296296296296297 0.06927083333333334 0.09074074074074075
3 0.41302083333333334 0.6106481481481482 0.09375 0.11574074074074074
1 0.42135416666666664 0.6319444444444444 0.035416666666666666 0.12129629629629629
1 0.32916666666666666 0.6231481481481481 0.016666666666666666 0.10185185185185185
1 0.31927083333333334 0.625 0.034375 0.11666666666666667
3 0.33125 0.6236111111111111 0.075 0.09166666666666666
3 0.23958333333333334 0.6138888888888889 0.10729166666666666 0.1037037037037037
1 0.19973958333333333 0.625462962962963 0.025520833333333333 0.11018518518518519
3 0.17135416666666667 0.6148148148148148 0.09270833333333334 0.09444444444444444
3 0.06692708333333333 0.611574074074074 0.13177083333333334 0.13055555555555556
