3 0.15703125 0.7393518518518518 0.3151041666666667 0.2916666666666667
3 0.35963541666666665 0.6708333333333333 0.07135416666666666 0.08981481481481482
3 0.4036458333333333 0.6601851851851852 0.042708333333333334 0.06296296296296296
3 0.42578125 0.65 0.03177083333333333 0.053703703703703705
3 0.48515625 0.6648148148148149 0.0546875 0.08888888888888889
3 0.53046875 0.6574074074074074 0.03802083333333333 0.04814814814814815
3 0.5674479166666667 0.6671296296296296 0.06510416666666667 0.10462962962962963
4 0.5453125 0.6300925925925925 0.026041666666666668 0.06018518518518518
3 0.8385416666666666 0.7722222222222223 0.32083333333333336 0.4444444444444444
3 0.4388020833333333 0.649074074074074 0.022395833333333334 0.03333333333333333
6 0.6322916666666667 0.6537037037037037 0.016666666666666666 0.040740740740740744
