3 0.10807291666666667 0.6819444444444445 0.17447916666666666 0.14722222222222223
5 0.25286458333333334 0.6259259259259259 0.10989583333333333 0.12037037037037036
3 0.2989583333333333 0.6449074074074074 0.06666666666666667 0.09166666666666666
5 0.30442708333333335 0.4726851851851852 0.1015625 0.0824074074074074
5 0.2203125 0.48333333333333334 0.09270833333333334 0.06481481481481481
3 0.14973958333333334 0.4935185185185185 0.0453125 0.040740740740740744
3 0.35234375 0.6574074074074074 0.03697916666666667 0.04814814814814815
3 0.37890625 0.6583333333333333 0.0296875 0.04259259259259259
3 0.4075520833333333 0.6546296296296297 0.03177083333333333 0.03148148148148148
3 0.43645833333333334 0.6518518518518519 0.021875 0.025925925925925925
3 0.45807291666666666 0.6527777777777778 0.021354166666666667 0.025925925925925925
5 0.45703125 0.6361111111111111 0.0359375 0.044444444444444446
3 0.48671875 0.6504629629629629 0.016145833333333335 0.021296296296296296
3 0.49583333333333335 0.6453703703703704 0.011458333333333333 0.016666666666666666
3 0.5997395833333333 0.6689814814814815 0.0296875 0.03981481481481482
3 0.5783854166666667 0.6625 0.019270833333333334 0.030555555555555555
3 0.6596354166666667 0.6787037037037037 0.059895833333333336 0.053703703703703705
3 0.6390625 0.6671296296296296 0.030208333333333334 0.03981481481481482
3 0.6203125 0.6523148148148148 0.011458333333333333 0.01574074074074074
3 0.5684895833333333 0.6583333333333333 0.015104166666666667 0.020370370370370372
5 0.9307291666666667 0.44027777777777777 0.13854166666666667 0.11944444444444445
3 0.84296875 0.49212962962962964 0.06197916666666667 0.05462962962962963
4 0.43333333333333335 0.5018518518518519 0.12291666666666666 0.05925925925925926
3 0.5893229166666667 0.5 0.0546875 0.04259259259259259
3 0.023958333333333335 0.6351851851851852 0.04895833333333333 0.044444444444444446
