3 0.51015625 0.711574074074074 0.13489583333333333 0.18611111111111112
4 0.3375 0.6310185185185185 0.196875 0.10833333333333334
3 0.2791666666666667 0.6523148148148148 0.10625 0.062037037037037036
2 0.4484375 0.6611111111111111 0.023958333333333335 0.03518518518518519
5 0.58515625 0.6333333333333333 0.20572916666666666 0.13518518518518519
2 0.6328125 0.6916666666666667 0.03333333333333333 0.1259259259259259
2 0.6559895833333333 0.687962962962963 0.025520833333333333 0.10925925925925926
2 0.6752604166666667 0.6921296296296297 0.0359375 0.17314814814814813
1 0.859375 0.674537037037037 0.0375 0.17685185185185184
3 0.0265625 0.6583333333333333 0.052083333333333336 0.05185185185185185
3 0.011458333333333333 0.6657407407407407 0.022916666666666665 0.03333333333333333
