2 0.8276041666666667 0.7203703703703703 0.05625 0.17407407407407408
3 0.77265625 0.6259259259259259 0.059895833333333336 0.05740740740740741
3 0.73046875 0.6268518518518519 0.049479166666666664 0.06296296296296296
3 0.69609375 0.6157407407407407 0.0421875 0.05
4 0.7471354166666667 0.586574074074074 0.15364583333333334 0.12129629629629629
2 0.6981770833333333 0.6587962962962963 0.0453125 0.08796296296296297
2 0.59296875 0.6162037037037037 0.024479166666666666 0.06388888888888888
1 0.5606770833333333 0.6148148148148148 0.0109375 0.06296296296296296
1 0.5541666666666667 0.6148148148148148 0.011458333333333333 0.06296296296296296
5 0.47604166666666664 0.6037037037037037 0.11770833333333333 0.22777777777777777
3 0.41822916666666665 0.5967592592592592 0.022916666666666665 0.041666666666666664
4 0.35078125 0.5796296296296296 0.03697916666666667 0.05185185185185185
3 0.303125 0.5856481481481481 0.027083333333333334 0.03611111111111111
3 0.34140625 0.6458333333333334 0.07760416666666667 0.09722222222222222
2 0.2864583333333333 0.5828703703703704 0.00625 0.025
2 0.278125 0.5837962962962963 0.007291666666666667 0.028703703703703703
2 0.26015625 0.586574074074074 0.0067708333333333336 0.030555555555555555
4 0.19505208333333332 0.5796296296296296 0.08385416666666666 0.08333333333333333
2 0.13515625 0.5967592592592592 0.011979166666666667 0.04722222222222222
3 0.07213541666666666 0.5986111111111111 0.1046875 0.14907407407407408
3 0.5486979166666667 0.5680555555555555 0.0234375 0.026851851851851852
