3 0.9653645833333333 0.7351851851851852 0.05572916666666667 0.04814814814814815
3 0.9341145833333333 0.749537037037037 0.0671875 0.05092592592592592
3 0.8822916666666667 0.749537037037037 0.059375 0.04537037037037037
3 0.85078125 0.7574074074074074 0.0859375 0.05925925925925926
3 0.8231770833333333 0.7560185185185185 0.07447916666666667 0.05462962962962963
3 0.70859375 0.7574074074074074 0.09114583333333333 0.06111111111111111
2 0.5911458333333334 0.7467592592592592 0.03333333333333333 0.05277777777777778
4 0.35651041666666666 0.7175925925925926 0.0140625 0.03148148148148148
4 0.25885416666666666 0.7018518518518518 0.06145833333333333 0.0962962962962963
2 0.0703125 0.7277777777777777 0.017708333333333333 0.046296296296296294
