2 0.034895833333333334 0.6777777777777778 0.06979166666666667 0.1259259259259259
1 0.012239583333333333 0.6486111111111111 0.016145833333333335 0.08055555555555556
2 0.15885416666666666 0.6824074074074075 0.07708333333333334 0.12962962962962962
1 0.18098958333333334 0.6759259259259259 0.04114583333333333 0.1537037037037037
1 0.24270833333333333 0.6708333333333333 0.06041666666666667 0.21388888888888888
3 0.20703125 0.6587962962962963 0.13177083333333334 0.08796296296296297
3 0.5080729166666667 0.7143518518518519 0.5140625 0.5657407407407408
3 0.93671875 0.7754629629629629 0.1265625 0.44351851851851853
2 0.8182291666666667 0.6717592592592593 0.051041666666666666 0.12314814814814815
2 0.9190104166666667 0.6754629629629629 0.0515625 0.11388888888888889
2 0.9028645833333333 0.6768518518518518 0.05364583333333333 0.10555555555555556
