3 0.0859375 0.6425925925925926 0.17083333333333334 0.32222222222222224
2 0.23619791666666667 0.6046296296296296 0.018229166666666668 0.06666666666666667
5 0.35208333333333336 0.587037037037037 0.05 0.0962962962962963
3 0.3765625 0.6032407407407407 0.021875 0.041666666666666664
3 0.39166666666666666 0.6046296296296296 0.015625 0.02962962962962963
4 0.4317708333333333 0.5879629629629629 0.051041666666666666 0.07777777777777778
2 0.45416666666666666 0.612037037037037 0.015625 0.044444444444444446
4 0.4786458333333333 0.5967592592592592 0.036458333333333336 0.05648148148148148
2 0.47890625 0.611574074074074 0.0140625 0.03981481481481482
3 0.55703125 0.6194444444444445 0.08489583333333334 0.05185185185185185
1 0.81484375 0.6759259259259259 0.05572916666666667 0.2074074074074074
3 0.8005208333333333 0.6393518518518518 0.084375 0.07314814814814814
4 0.9390625 0.6416666666666667 0.121875 0.18518518518518517
