1 0.8546875 0.6736111111111112 0.027083333333333334 0.10648148148148148
3 0.47161458333333334 0.625 0.016145833333333335 0.024074074074074074
2 0.4671875 0.6259259259259259 0.007291666666666667 0.03333333333333333
2 0.4557291666666667 0.6236111111111111 0.008333333333333333 0.028703703703703703
3 0.5645833333333333 0.65 0.06458333333333334 0.08518518518518518
3 0.4270833333333333 0.6180555555555556 0.0125 0.023148148148148147
3 0.4171875 0.6185185185185185 0.015625 0.027777777777777776
3 0.38828125 0.6162037037037037 0.013020833333333334 0.025
2 0.3299479166666667 0.6263888888888889 0.0109375 0.041666666666666664
2 0.26067708333333334 0.6333333333333333 0.011979166666666667 0.05740740740740741
