2 0.8377604166666667 0.7398148148148148 0.07447916666666667 0.2
1 0.5817708333333333 0.6555555555555556 0.019791666666666666 0.08148148148148149
3 0.1171875 0.6527777777777778 0.071875 0.07222222222222222
3 0.21119791666666668 0.6425925925925926 0.06302083333333333 0.09814814814814815
3 0.24453125 0.7263888888888889 0.15885416666666666 0.2064814814814815
4 0.28411458333333334 0.611574074074074 0.05260416666666667 0.07314814814814814
3 0.303125 0.6356481481481482 0.03958333333333333 0.049074074074074076
4 0.3333333333333333 0.6060185185185185 0.040625 0.075
3 0.3580729166666667 0.612037037037037 0.022395833333333334 0.03518518518518519
3 0.38984375 0.625 0.028645833333333332 0.04814814814814815
3 0.40130208333333334 0.6185185185185185 0.021354166666666667 0.03518518518518519
3 0.41848958333333336 0.6101851851851852 0.016145833333333335 0.022222222222222223
3 0.43828125 0.6435185185185185 0.044270833333333336 0.06111111111111111
2 0.484375 0.6087962962962963 0.005208333333333333 0.021296296296296296
2 0.5026041666666666 0.6134259259259259 0.008333333333333333 0.025
3 0.64609375 0.6162037037037037 0.043229166666666666 0.03981481481481482
