1 0.86796875 0.687037037037037 0.025520833333333333 0.10925925925925926
2 0.7432291666666667 0.6810185185185185 0.026041666666666668 0.07314814814814814
1 0.7114583333333333 0.6754629629629629 0.016666666666666666 0.06574074074074074
1 0.6494791666666667 0.6689814814814815 0.008333333333333333 0.041666666666666664
3 0.5591145833333333 0.6902777777777778 0.06197916666666667 0.0824074074074074
3 0.5231770833333333 0.6819444444444445 0.030729166666666665 0.049074074074074076
4 0.5247395833333334 0.6560185185185186 0.021354166666666667 0.05092592592592592
4 0.5059895833333333 0.6592592592592592 0.022395833333333334 0.05555555555555555
3 0.48151041666666666 0.6731481481481482 0.024479166666666666 0.037037037037037035
3 0.44817708333333334 0.6805555555555556 0.05260416666666667 0.08703703703703704
