2 0.15026041666666667 0.6824074074074075 0.024479166666666666 0.07962962962962963
2 0.20625 0.6722222222222223 0.019791666666666666 0.05555555555555555
2 0.2791666666666667 0.6689814814814815 0.015625 0.041666666666666664
4 0.43984375 0.6523148148148148 0.28177083333333336 0.3768518518518518
6 0.7213541666666666 0.7 0.03958333333333333 0.09074074074074075
3 0.7450520833333333 0.6726851851851852 0.0296875 0.028703703703703703
3 0.70546875 0.6662037037037037 0.030729166666666665 0.03611111111111111
3 0.665625 0.6759259259259259 0.04791666666666667 0.02962962962962963
3 0.65 0.6652777777777777 0.03854166666666667 0.032407407407407406
4 0.6830729166666667 0.6476851851851851 0.03697916666666667 0.05277777777777778
