1 0.028125 0.6458333333333334 0.014583333333333334 0.062037037037037036
4 0.19765625 0.5981481481481481 0.0921875 0.15555555555555556
3 0.34817708333333336 0.625 0.0296875 0.05
3 0.3809895833333333 0.6152777777777778 0.06302083333333333 0.12685185185185185
3 0.4510416666666667 0.6231481481481481 0.040625 0.07222222222222222
1 0.47578125 0.6305555555555555 0.016145833333333335 0.06111111111111111
2 0.6 0.6365740740740741 0.016666666666666666 0.05462962962962963
1 0.7890625 0.6439814814814815 0.015625 0.07314814814814814
1 0.8130208333333333 0.6393518518518518 0.01875 0.08981481481481482
1 0.8302083333333333 0.6435185185185185 0.017708333333333333 0.0962962962962963
1 0.8528645833333334 0.6351851851851852 0.022395833333333334 0.09814814814814815
1 0.9393229166666667 0.6509259259259259 0.019270833333333334 0.1111111111111111
1 0.965625 0.6578703703703703 0.016666666666666666 0.09351851851851851
