4 0.8049479166666667 0.736574074074074 0.1296875 0.16574074074074074
3 0.621875 0.7393518518518518 0.090625 0.13240740740740742
3 0.6640625 0.7319444444444444 0.03854166666666667 0.06759259259259259
2 0.68515625 0.7212962962962963 0.0109375 0.025925925925925925
3 0.5270833333333333 0.7157407407407408 0.014583333333333334 0.025925925925925925
3 0.534375 0.7162037037037037 0.010416666666666666 0.019444444444444445
3 0.49505208333333334 0.7129629629629629 0.015104166666666667 0.02962962962962963
4 0.5104166666666666 0.7050925925925926 0.0125 0.026851851851851852
3 0.22890625 0.7282407407407407 0.09010416666666667 0.09722222222222222
3 0.196875 0.7199074074074074 0.07083333333333333 0.08611111111111111
4 0.3690104166666667 0.687962962962963 0.06302083333333333 0.06851851851851852
