5 0.9630208333333333 0.663425925925926 0.07291666666666667 0.1638888888888889
3 0.74375 0.6875 0.17916666666666667 0.14722222222222223
1 0.63671875 0.6601851851851852 0.0078125 0.040740740740740744
2 0.6236979166666666 0.6587962962962963 0.0109375 0.041666666666666664
1 0.6158854166666666 0.6550925925925926 0.0067708333333333336 0.03425925925925926
2 0.45703125 0.6541666666666667 0.013020833333333334 0.04722222222222222
4 0.4203125 0.6296296296296297 0.023958333333333335 0.05740740740740741
3 0.4088541666666667 0.6472222222222223 0.021875 0.037037037037037035
2 0.4046875 0.65 0.011458333333333333 0.04259259259259259
3 0.38567708333333334 0.6532407407407408 0.034895833333333334 0.04537037037037037
3 0.35494791666666664 0.6462962962962963 0.0234375 0.04259259259259259
3 0.33697916666666666 0.6509259259259259 0.036458333333333336 0.04259259259259259
1 0.31223958333333335 0.649537037037037 0.008854166666666666 0.058333333333333334
3 0.3015625 0.6449074074074074 0.029166666666666667 0.04537037037037037
3 0.28072916666666664 0.6532407407407408 0.040625 0.04351851851851852
3 0.22057291666666667 0.6518518518518519 0.04635416666666667 0.044444444444444446
3 0.0671875 0.6828703703703703 0.13333333333333333 0.16944444444444445
