3 0.037760416666666664 0.7199074074074074 0.07447916666666667 0.15833333333333333
3 0.13177083333333334 0.6962962962962963 0.1375 0.1425925925925926
3 0.29973958333333334 0.6893518518518519 0.05572916666666667 0.06759259259259259
3 0.34348958333333335 0.6791666666666667 0.03802083333333333 0.05277777777777778
3 0.3736979166666667 0.6759259259259259 0.0328125 0.046296296296296294
1 0.37213541666666666 0.6759259259259259 0.011979166666666667 0.046296296296296294
2 0.40078125 0.674074074074074 0.008854166666666666 0.03518518518518519
3 0.42552083333333335 0.6703703703703704 0.014583333333333334 0.022222222222222223
1 0.46015625 0.6805555555555556 0.016145833333333335 0.06481481481481481
3 0.4375 0.6699074074074074 0.013541666666666667 0.023148148148148147
3 0.44973958333333336 0.6689814814814815 0.011979166666666667 0.021296296296296296
1 0.596875 0.6805555555555556 0.0125 0.06111111111111111
1 0.5635416666666667 0.6888888888888889 0.009375 0.06296296296296296
1 0.5091145833333334 0.675 0.008854166666666666 0.04814814814814815
3 0.5778645833333333 0.6851851851851852 0.0359375 0.06296296296296296
3 0.8658854166666666 0.7680555555555556 0.25885416666666666 0.3675925925925926
3 0.7372395833333333 0.7361111111111112 0.1359375 0.16111111111111112
3 0.6473958333333333 0.7143518518518519 0.08333333333333333 0.11018518518518519
1 0.54921875 0.6916666666666667 0.0109375 0.04814814814814815
