3 0.9044270833333333 0.6310185185185185 0.06197916666666667 0.03796296296296296
3 0.8669270833333333 0.6268518518518519 0.05260416666666667 0.037037037037037035
3 0.8361979166666667 0.6300925925925925 0.049479166666666664 0.030555555555555555
2 0.6377604166666667 0.6319444444444444 0.018229166666666668 0.04722222222222222
3 0.48046875 0.6462962962962963 0.05364583333333333 0.07962962962962963
3 0.45807291666666666 0.6291666666666667 0.03802083333333333 0.06388888888888888
3 0.4361979166666667 0.6263888888888889 0.025520833333333333 0.04351851851851852
3 0.3927083333333333 0.6231481481481481 0.022916666666666665 0.05
3 0.38515625 0.6291666666666667 0.028645833333333332 0.041666666666666664
3 0.3734375 0.6236111111111111 0.015625 0.026851851851851852
4 0.28541666666666665 0.5652777777777778 0.15625 0.3138888888888889
4 0.15729166666666666 0.48564814814814816 0.3104166666666667 0.9657407407407408
3 0.9580729166666667 0.6240740740740741 0.044270833333333336 0.03518518518518519
