2 0.038802083333333334 0.6569444444444444 0.07760416666666667 0.13425925925925927
2 0.10963541666666667 0.65 0.10677083333333333 0.16666666666666666
3 0.2669270833333333 0.6412037037037037 0.0796875 0.075
3 0.32135416666666666 0.6351851851851852 0.053125 0.05925925925925926
3 0.35234375 0.6305555555555555 0.03802083333333333 0.05
3 0.3854166666666667 0.6217592592592592 0.030208333333333334 0.05277777777777778
3 0.39921875 0.625462962962963 0.027604166666666666 0.041666666666666664
3 0.41692708333333334 0.6171296296296296 0.0265625 0.04537037037037037
3 0.4942708333333333 0.6162037037037037 0.014583333333333334 0.030555555555555555
2 0.5885416666666666 0.6370370370370371 0.011458333333333333 0.04259259259259259
1 0.93359375 0.6518518518518519 0.016145833333333335 0.08333333333333333
3 0.9408854166666667 0.6578703703703703 0.11822916666666666 0.07685185185185185
3 0.5145833333333333 0.6152777777777778 0.008333333333333333 0.012037037037037037
3 0.24895833333333334 0.637962962962963 0.051041666666666666 0.06111111111111111
