3 0.9721354166666667 0.6597222222222222 0.05677083333333333 0.08611111111111111
1 0.8911458333333333 0.6361111111111111 0.017708333333333333 0.08148148148148149
1 0.9268229166666667 0.6273148148148148 0.008854166666666666 0.049074074074074076
1 0.8565104166666667 0.6361111111111111 0.015104166666666667 0.07222222222222222
4 0.7033854166666667 0.6324074074074074 0.08072916666666667 0.19444444444444445
5 0.5981770833333333 0.6097222222222223 0.07447916666666667 0.1287037037037037
2 0.525 0.6393518518518518 0.04791666666666667 0.11018518518518519
3 0.3463541666666667 0.6657407407407407 0.13333333333333333 0.1259259259259259
2 0.2984375 0.6342592592592593 0.023958333333333335 0.07037037037037037
1 0.22239583333333332 0.6421296296296296 0.021875 0.12314814814814815
1 0.12447916666666667 0.6523148148148148 0.025 0.1527777777777778
1 0.06979166666666667 0.6527777777777778 0.028125 0.15185185185185185
