3 0.25546875 0.6310185185185185 0.027604166666666666 0.025
3 0.36432291666666666 0.6347222222222222 0.07135416666666666 0.04537037037037037
3 0.4122395833333333 0.6342592592592593 0.021354166666666667 0.027777777777777776
3 0.4434895833333333 0.6319444444444444 0.0203125 0.028703703703703703
2 0.4942708333333333 0.6337962962962963 0.021875 0.032407407407407406
5 0.44088541666666664 0.6162037037037037 0.027604166666666666 0.04537037037037037
3 0.46536458333333336 0.6231481481481481 0.018229166666666668 0.025925925925925925
3 0.5049479166666667 0.6300925925925925 0.0203125 0.030555555555555555
2 0.6635416666666667 0.6282407407407408 0.017708333333333333 0.06388888888888888
2 0.72109375 0.638425925925926 0.0296875 0.10092592592592593
3 0.87890625 0.6175925925925926 0.08177083333333333 0.06111111111111111
3 0.9419270833333333 0.6412037037037037 0.11510416666666666 0.10648148148148148
3 0.4901041666666667 0.6273148148148148 0.014583333333333334 0.026851851851851852
3 0.47734375 0.6212962962962963 0.0109375 0.014814814814814815
1 0.57578125 0.6273148148148148 0.0067708333333333336 0.041666666666666664
4 0.19791666666666666 0.6319444444444444 0.028125 0.028703703703703703
