3 0.12369791666666667 0.7310185185185185 0.24739583333333334 0.27870370370370373
3 0.2703125 0.6574074074074074 0.08333333333333333 0.06851851851851852
3 0.34661458333333334 0.6759259259259259 0.0640625 0.08888888888888889
3 0.37942708333333336 0.6689814814814815 0.03697916666666667 0.049074074074074076
3 0.40677083333333336 0.6620370370370371 0.022916666666666665 0.03333333333333333
3 0.4153645833333333 0.6523148148148148 0.022395833333333334 0.03981481481481482
3 0.4557291666666667 0.6583333333333333 0.029166666666666667 0.04814814814814815
3 0.4700520833333333 0.6560185185185186 0.0203125 0.03611111111111111
2 0.503125 0.6708333333333333 0.016666666666666666 0.075
3 0.5697916666666667 0.6703703703703704 0.07708333333333334 0.10185185185185185
1 0.6583333333333333 0.6555555555555556 0.016666666666666666 0.08148148148148149
