3 0.10807291666666667 0.7217592592592592 0.2171875 0.5583333333333333
5 0.309375 0.6037037037037037 0.078125 0.08888888888888889
3 0.39505208333333336 0.6402777777777777 0.07135416666666666 0.11018518518518519
3 0.45598958333333334 0.6287037037037037 0.03177083333333333 0.044444444444444446
3 0.46979166666666666 0.6199074074074075 0.019791666666666666 0.030555555555555555
3 0.4796875 0.6166666666666667 0.010416666666666666 0.018518518518518517
3 0.50078125 0.6189814814814815 0.018229166666666668 0.028703703703703703
3 0.5690104166666666 0.6189814814814815 0.021354166666666667 0.030555555555555555
1 0.91953125 0.5990740740740741 0.015104166666666667 0.06481481481481481
1 0.9572916666666667 0.5972222222222222 0.0125 0.08518518518518518
1 0.98515625 0.6458333333333334 0.0296875 0.16203703703703703
2 0.5479166666666667 0.6175925925925926 0.00625 0.020370370370370372
