3 0.26927083333333335 0.7055555555555556 0.11666666666666667 0.13148148148148148
3 0.43203125 0.6759259259259259 0.034895833333333334 0.04814814814814815
3 0.453125 0.6731481481481482 0.020833333333333332 0.03148148148148148
3 0.4942708333333333 0.6662037037037037 0.017708333333333333 0.032407407407407406
3 0.5119791666666667 0.6662037037037037 0.021875 0.041666666666666664
2 0.5463541666666667 0.6722222222222223 0.009375 0.037037037037037035
1 0.6221354166666667 0.6898148148148148 0.0171875 0.10185185185185185
5 0.6421875 0.6888888888888889 0.017708333333333333 0.10185185185185185
1 0.6611979166666667 0.6888888888888889 0.016145833333333335 0.1037037037037037
1 0.69609375 0.7101851851851851 0.034895833333333334 0.17962962962962964
