3 0.8416666666666667 0.774537037037037 0.3145833333333333 0.38981481481481484
5 0.5536458333333333 0.6282407407407408 0.09479166666666666 0.08425925925925926
3 0.5604166666666667 0.6462962962962963 0.0375 0.05925925925925926
3 0.5809895833333333 0.6541666666666667 0.05677083333333333 0.08055555555555556
4 0.50078125 0.6106481481481482 0.08177083333333333 0.1824074074074074
3 0.49609375 0.5828703703703704 0.058854166666666666 0.11944444444444445
5 0.44140625 0.625 0.021354166666666667 0.03888888888888889
3 0.4395833333333333 0.6393518518518518 0.01875 0.023148148148148147
5 0.41901041666666666 0.6222222222222222 0.028645833333333332 0.05555555555555555
5 0.365625 0.6282407407407408 0.034375 0.049074074074074076
