3 0.41901041666666666 0.6560185185185186 0.016145833333333335 0.025
5 0.44869791666666664 0.6453703703703704 0.0203125 0.04259259259259259
2 0.5104166666666666 0.6587962962962963 0.007291666666666667 0.025
3 0.5786458333333333 0.6574074074074074 0.017708333333333333 0.025925925925925925
2 0.6763020833333333 0.6717592592592593 0.022395833333333334 0.06018518518518518
3 0.7388020833333333 0.662962962962963 0.0546875 0.044444444444444446
3 0.7052083333333333 0.6606481481481481 0.05416666666666667 0.03611111111111111
3 0.7645833333333333 0.6689814814814815 0.06458333333333334 0.04351851851851852
2 0.80703125 0.700462962962963 0.0359375 0.12129629629629629
3 0.8580729166666666 0.6777777777777778 0.1015625 0.07777777777777778
