4 0.9494791666666667 0.6726851851851852 0.09895833333333333 0.24351851851851852
1 0.9489583333333333 0.700925925925926 0.06145833333333333 0.21666666666666667
1 0.76796875 0.6921296296296297 0.0265625 0.1361111111111111
4 0.7484375 0.6412037037037037 0.013541666666666667 0.04351851851851852
3 0.6674479166666667 0.6726851851851852 0.03177083333333333 0.04351851851851852
1 0.6130208333333333 0.6930555555555555 0.041666666666666664 0.15833333333333333
5 0.5864583333333333 0.6935185185185185 0.03333333333333333 0.12777777777777777
2 0.5674479166666667 0.6888888888888889 0.0421875 0.10740740740740741
5 0.5268229166666667 0.6458333333333334 0.17135416666666667 0.1638888888888889
3 0.35572916666666665 0.7550925925925925 0.2635416666666667 0.425
