1 0.8807291666666667 0.6717592592592593 0.017708333333333333 0.075
2 0.76328125 0.6824074074074075 0.0203125 0.08333333333333333
2 0.6854166666666667 0.6805555555555556 0.0125 0.06666666666666667
3 0.61953125 0.6912037037037037 0.09427083333333333 0.12314814814814815
3 0.5596354166666667 0.6865740740740741 0.034895833333333334 0.05648148148148148
3 0.5049479166666667 0.7226851851851852 0.12760416666666666 0.1787037037037037
4 0.38828125 0.6699074074074074 0.0390625 0.08055555555555556
3 0.3729166666666667 0.6912037037037037 0.0375 0.05092592592592592
5 0.35260416666666666 0.6615740740740741 0.058333333333333334 0.09537037037037037
3 0.32395833333333335 0.6712962962962963 0.052083333333333336 0.09074074074074075
3 0.278125 0.6976851851851852 0.05416666666666667 0.06944444444444445
5 0.2716145833333333 0.6685185185185185 0.07760416666666667 0.1037037037037037
3 0.18046875 0.7125 0.09114583333333333 0.09907407407407408
5 0.16822916666666668 0.6625 0.140625 0.1398148148148148
4 0.08046875 0.5842592592592593 0.15989583333333332 0.45185185185185184
