3 0.022395833333333334 0.6277777777777778 0.04479166666666667 0.24074074074074073
3 0.22135416666666666 0.674537037037037 0.12708333333333333 0.13425925925925927
4 0.20130208333333333 0.6111111111111112 0.13489583333333333 0.17592592592592593
3 0.29583333333333334 0.6643518518518519 0.075 0.09351851851851851
3 0.34140625 0.6564814814814814 0.05677083333333333 0.07037037037037037
3 0.3697916666666667 0.6523148148148148 0.041666666666666664 0.05648148148148148
4 0.36171875 0.6106481481481482 0.0609375 0.05462962962962963
3 0.41432291666666665 0.6523148148148148 0.0515625 0.08796296296296297
3 0.49244791666666665 0.6791666666666667 0.14635416666666667 0.2361111111111111
1 0.13255208333333332 0.6578703703703703 0.009895833333333333 0.0787037037037037
6 0.5567708333333333 0.6388888888888888 0.03229166666666667 0.05740740740740741
