2 0.9236979166666667 0.6921296296296297 0.0265625 0.0787037037037037
2 0.8153645833333333 0.6833333333333333 0.019270833333333334 0.07592592592592592
3 0.8354166666666667 0.6685185185185185 0.07708333333333334 0.04259259259259259
2 0.6565104166666667 0.6555555555555556 0.0140625 0.027777777777777776
3 0.7348958333333333 0.7050925925925926 0.16145833333333334 0.20833333333333334
3 0.6098958333333333 0.6615740740740741 0.041666666666666664 0.0712962962962963
3 0.5552083333333333 0.6884259259259259 0.11666666666666667 0.20092592592592592
3 0.49322916666666666 0.6453703703703704 0.042708333333333334 0.05740740740740741
3 0.43333333333333335 0.6402777777777777 0.042708333333333334 0.03611111111111111
2 0.3841145833333333 0.6388888888888888 0.016145833333333335 0.037037037037037035
2 0.3611979166666667 0.6476851851851851 0.0203125 0.03611111111111111
3 0.32447916666666665 0.6351851851851852 0.04583333333333333 0.03333333333333333
3 0.2838541666666667 0.625 0.0625 0.04259259259259259
1 0.23333333333333334 0.6453703703703704 0.010416666666666666 0.06111111111111111
