4 0.25677083333333334 0.6194444444444445 0.18645833333333334 0.2111111111111111
3 0.34791666666666665 0.6611111111111111 0.0375 0.06851851851851852
3 0.37395833333333334 0.6569444444444444 0.03958333333333333 0.05462962962962963
4 0.39088541666666665 0.6407407407407407 0.0421875 0.07962962962962963
4 0.41041666666666665 0.6148148148148148 0.04479166666666667 0.10185185185185185
3 0.45703125 0.6541666666666667 0.033854166666666664 0.05092592592592592
3 0.47708333333333336 0.6412037037037037 0.01875 0.032407407407407406
3 0.49947916666666664 0.6240740740740741 0.010416666666666666 0.014814814814814815
3 0.46979166666666666 0.6222222222222222 0.013541666666666667 0.016666666666666666
2 0.5197916666666667 0.6574074074074074 0.010416666666666666 0.044444444444444446
3 0.5481770833333334 0.6421296296296296 0.03177083333333333 0.026851851851851852
