3 0.040364583333333336 0.7185185185185186 0.08177083333333333 0.2074074074074074
5 0.24895833333333334 0.675 0.09166666666666666 0.17592592592592593
5 0.3416666666666667 0.6523148148148148 0.16354166666666667 0.27685185185185185
3 0.440625 0.7083333333333334 0.022916666666666665 0.040740740740740744
3 0.5067708333333333 0.7097222222222223 0.14375 0.2972222222222222
3 0.5856770833333333 0.7324074074074074 0.04114583333333333 0.06481481481481481
3 0.6981770833333333 0.7379629629629629 0.13072916666666667 0.18703703703703703
2 0.7864583333333334 0.7300925925925926 0.025 0.03425925925925926
3 0.92265625 0.7222222222222222 0.06927083333333334 0.06296296296296296
3 0.97734375 0.725 0.0453125 0.05555555555555555
