1 0.02734375 0.6828703703703703 0.008854166666666666 0.04351851851851852
3 0.21276041666666667 0.6953703703703704 0.0671875 0.07962962962962963
3 0.24661458333333333 0.6837962962962963 0.025520833333333333 0.03425925925925926
3 0.3059895833333333 0.7018518518518518 0.0578125 0.09074074074074075
4 0.34869791666666666 0.6731481481481482 0.009895833333333333 0.022222222222222223
1 0.39557291666666666 0.6847222222222222 0.0046875 0.026851851851851852
1 0.45625 0.7023148148148148 0.013541666666666667 0.06018518518518518
1 0.5955729166666667 0.7055555555555556 0.021354166666666667 0.12222222222222222
3 0.7041666666666667 0.7041666666666667 0.09375 0.06944444444444445
3 0.7473958333333334 0.7162037037037037 0.18020833333333333 0.11574074074074074
1 0.8299479166666667 0.7069444444444445 0.024479166666666666 0.16944444444444445
3 0.37604166666666666 0.6754629629629629 0.00625 0.012037037037037037
