3 0.4671875 0.7453703703703703 0.2864583333333333 0.3648148148148148
3 0.73828125 0.6731481481481482 0.1484375 0.1648148148148148
6 0.18697916666666667 0.6430555555555556 0.025 0.06018518518518518
2 0.134375 0.6606481481481481 0.030208333333333334 0.08981481481481482
3 0.34739583333333335 0.6361111111111111 0.07083333333333333 0.06481481481481481
3 0.2794270833333333 0.6300925925925925 0.04114583333333333 0.041666666666666664
3 0.22708333333333333 0.6430555555555556 0.06354166666666666 0.03796296296296296
3 0.16770833333333332 0.6425925925925926 0.04791666666666667 0.03148148148148148
3 0.09453125 0.6453703703703704 0.0765625 0.046296296296296294
3 0.06171875 0.6476851851851851 0.0609375 0.04537037037037037
3 0.027864583333333335 0.6518518518518519 0.05572916666666667 0.04259259259259259
3 0.66640625 0.6296296296296297 0.033854166666666664 0.027777777777777776
3 0.6354166666666666 0.625462962962963 0.026041666666666668 0.017592592592592594
2 0.95703125 0.6398148148148148 0.03177083333333333 0.12407407407407407
