2 0.8661458333333333 0.6689814814814815 0.04583333333333333 0.10833333333333334
3 0.8578125 0.6532407407407408 0.12395833333333334 0.08425925925925926
1 0.7143229166666667 0.625462962962963 0.008854166666666666 0.05462962962962963
3 0.6033854166666667 0.6421296296296296 0.13072916666666667 0.0787037037037037
3 0.5216145833333333 0.6180555555555556 0.025520833333333333 0.03981481481481482
5 0.4747395833333333 0.5962962962962963 0.015104166666666667 0.02962962962962963
3 0.46588541666666666 0.6129629629629629 0.0171875 0.025925925925925925
3 0.43645833333333334 0.6074074074074074 0.011458333333333333 0.016666666666666666
3 0.4205729166666667 0.6050925925925926 0.0109375 0.013888888888888888
3 0.40677083333333336 0.6013888888888889 0.008333333333333333 0.01574074074074074
4 0.39791666666666664 0.5962962962962963 0.013541666666666667 0.02962962962962963
3 0.31953125 0.6375 0.06510416666666667 0.10648148148148148
3 0.27057291666666666 0.6333333333333333 0.04739583333333333 0.06296296296296296
3 0.17552083333333332 0.637962962962963 0.09479166666666666 0.14444444444444443
