3 0.5033854166666667 0.6972222222222222 0.058854166666666666 0.06296296296296296
3 0.4708333333333333 0.6833333333333333 0.040625 0.07037037037037037
3 0.43072916666666666 0.6953703703703704 0.057291666666666664 0.08148148148148149
3 0.39791666666666664 0.6736111111111112 0.022916666666666665 0.03981481481481482
3 0.3658854166666667 0.674074074074074 0.0359375 0.05
3 0.3416666666666667 0.6935185185185185 0.040625 0.07962962962962963
3 0.3263020833333333 0.6935185185185185 0.0421875 0.053703703703703705
2 0.17135416666666667 0.7319444444444444 0.03854166666666667 0.09907407407407408
3 0.23723958333333334 0.6680555555555555 0.034895833333333334 0.032407407407407406
2 0.3020833333333333 0.6666666666666666 0.005208333333333333 0.022222222222222223
4 0.34791666666666665 0.649537037037037 0.017708333333333333 0.030555555555555555
