1 0.18463541666666666 0.6560185185185186 0.008854166666666666 0.05277777777777778
1 0.2838541666666667 0.6541666666666667 0.010416666666666666 0.04537037037037037
2 0.24635416666666668 0.6564814814814814 0.011458333333333333 0.03888888888888889
2 0.26927083333333335 0.6537037037037037 0.009375 0.040740740740740744
2 0.31484375 0.6648148148148149 0.043229166666666666 0.11666666666666667
3 0.34036458333333336 0.6564814814814814 0.034895833333333334 0.05
3 0.39166666666666666 0.6555555555555556 0.03125 0.044444444444444446
3 0.4046875 0.6550925925925926 0.022916666666666665 0.04351851851851852
3 0.4322916666666667 0.6555555555555556 0.03125 0.046296296296296294
3 0.45364583333333336 0.6537037037037037 0.020833333333333332 0.037037037037037035
3 0.4864583333333333 0.6574074074074074 0.04375 0.05925925925925926
3 0.5416666666666666 0.6583333333333333 0.017708333333333333 0.03148148148148148
1 0.9627604166666667 0.6995370370370371 0.018229166666666668 0.08055555555555556
1 0.9348958333333334 0.7 0.014583333333333334 0.07592592592592592
