3 0.16927083333333334 0.6726851851851852 0.14895833333333333 0.15833333333333333
5 0.15572916666666667 0.6319444444444444 0.19375 0.19722222222222222
5 0.3802083333333333 0.6319444444444444 0.03854166666666667 0.058333333333333334
3 0.46041666666666664 0.6518518518518519 0.03125 0.040740740740740744
3 0.5231770833333333 0.6388888888888888 0.07239583333333334 0.14629629629629629
5 0.6510416666666666 0.6240740740740741 0.12395833333333334 0.17222222222222222
3 0.7255208333333333 0.7 0.14895833333333333 0.16111111111111112
2 0.8630208333333333 0.6726851851851852 0.03125 0.10277777777777777
2 0.8291666666666667 0.674074074074074 0.023958333333333335 0.07777777777777778
2 0.9846354166666667 0.6925925925925925 0.030729166666666665 0.10740740740740741
3 0.34296875 0.6504629629629629 0.034895833333333334 0.041666666666666664
3 0.41744791666666664 0.6412037037037037 0.018229166666666668 0.03796296296296296
