1 0.08541666666666667 0.6694444444444444 0.026041666666666668 0.08333333333333333
2 0.36041666666666666 0.6819444444444445 0.035416666666666666 0.09166666666666666
3 0.434375 0.6791666666666667 0.05 0.05462962962962963
2 0.47734375 0.7203703703703703 0.07239583333333334 0.2351851851851852
3 0.5127604166666667 0.6712962962962963 0.03177083333333333 0.04259259259259259
3 0.5380208333333333 0.6694444444444444 0.025 0.03148148148148148
3 0.5671875 0.6717592592592593 0.028125 0.03796296296296296
3 0.59140625 0.6708333333333333 0.0296875 0.04537037037037037
2 0.6328125 0.6782407407407407 0.0125 0.04351851851851852
3 0.7919270833333333 0.7893518518518519 0.39739583333333334 0.4212962962962963
