1 0.9640625 0.6847222222222222 0.058333333333333334 0.35648148148148145
1 0.8828125 0.6782407407407407 0.13229166666666667 0.4583333333333333
1 0.7489583333333333 0.6541666666666667 0.10520833333333333 0.687962962962963
1 0.68359375 0.6333333333333333 0.07760416666666667 0.37592592592592594
1 0.6239583333333333 0.6902777777777778 0.09479166666666666 0.2916666666666667
1 0.5221354166666666 0.6347222222222222 0.07239583333333334 0.3175925925925926
1 0.49635416666666665 0.6689814814814815 0.059375 0.2638888888888889
1 0.3697916666666667 0.6486111111111111 0.065625 0.3398148148148148
1 0.23307291666666666 0.6398148148148148 0.0359375 0.23333333333333334
1 0.19817708333333334 0.6657407407407407 0.034895833333333334 0.1925925925925926
1 0.08229166666666667 0.638425925925926 0.028125 0.1361111111111111
1 0.043229166666666666 0.6333333333333333 0.036458333333333336 0.1925925925925926
1 0.021614583333333333 0.6240740740740741 0.03177083333333333 0.18703703703703703
