3 0.08880208333333334 0.9037037037037037 0.17760416666666667 0.1925925925925926
3 0.024739583333333332 0.649074074074074 0.049479166666666664 0.04259259259259259
3 0.09114583333333333 0.6375 0.053125 0.032407407407407406
3 0.13776041666666666 0.6393518518518518 0.0578125 0.03611111111111111
2 0.17864583333333334 0.6564814814814814 0.03229166666666667 0.046296296296296294
3 0.19869791666666667 0.6356481481481482 0.06197916666666667 0.03425925925925926
3 0.26875 0.6263888888888889 0.05416666666666667 0.041666666666666664
3 0.32369791666666664 0.6189814814814815 0.0546875 0.03425925925925926
3 0.3958333333333333 0.6587962962962963 0.041666666666666664 0.06944444444444445
3 0.3697916666666667 0.6833333333333333 0.075 0.11296296296296296
3 0.4122395833333333 0.6018518518518519 0.05260416666666667 0.03888888888888889
3 0.45 0.5958333333333333 0.034375 0.023148148148148147
5 0.5216145833333333 0.5791666666666667 0.09739583333333333 0.05648148148148148
3 0.4901041666666667 0.6055555555555555 0.051041666666666666 0.03333333333333333
3 0.5440104166666667 0.600925925925926 0.0546875 0.04259259259259259
3 0.4791666666666667 0.6689814814814815 0.05520833333333333 0.08425925925925926
3 0.5911458333333334 0.5875 0.041666666666666664 0.032407407407407406
2 0.57421875 0.6111111111111112 0.028645833333333332 0.044444444444444446
2 0.6213541666666667 0.612037037037037 0.030208333333333334 0.040740740740740744
3 0.6919270833333333 0.5851851851851851 0.05677083333333333 0.05
3 0.66015625 0.5875 0.03802083333333333 0.03425925925925926
3 0.9828125 0.6351851851851852 0.034375 0.08518518518518518
3 0.9614583333333333 0.6291666666666667 0.07708333333333334 0.08055555555555556
3 0.9104166666666667 0.6203703703703703 0.11458333333333333 0.08703703703703704
3 0.9755208333333333 0.5828703703703704 0.04791666666666667 0.03796296296296296
3 0.8630208333333333 0.6231481481481481 0.08125 0.06296296296296296
