3 0.9354166666666667 0.6069444444444444 0.04791666666666667 0.025
3 0.871875 0.6101851851851852 0.04895833333333333 0.03148148148148148
4 0.6997395833333333 0.538425925925926 0.26510416666666664 0.47685185185185186
3 0.5526041666666667 0.638425925925926 0.078125 0.11018518518518519
4 0.49661458333333336 0.5847222222222223 0.07239583333333334 0.19907407407407407
3 0.44192708333333336 0.6648148148148149 0.17552083333333332 0.2851851851851852
4 0.3377604166666667 0.5861111111111111 0.059895833333333336 0.13333333333333333
3 0.29270833333333335 0.6328703703703704 0.08125 0.10648148148148148
3 0.21510416666666668 0.6171296296296296 0.040625 0.028703703703703703
3 0.109375 0.6875 0.21354166666666666 0.30092592592592593
