4 0.15885416666666666 0.6444444444444445 0.315625 0.5425925925925926
3 0.409375 0.6685185185185185 0.18333333333333332 0.20555555555555555
5 0.5466145833333333 0.5930555555555556 0.16822916666666668 0.25092592592592594
3 0.7966145833333333 0.6620370370370371 0.049479166666666664 0.06481481481481481
1 0.8825520833333333 0.6638888888888889 0.009895833333333333 0.07222222222222222
3 0.67109375 0.6430555555555556 0.025520833333333333 0.03796296296296296
3 0.6869791666666667 0.6425925925925926 0.020833333333333332 0.03148148148148148
3 0.7278645833333334 0.6398148148148148 0.015104166666666667 0.025925925925925925
4 0.7041666666666667 0.6282407407407408 0.019791666666666666 0.04351851851851852
3 0.7466145833333333 0.6412037037037037 0.016145833333333335 0.023148148148148147
