5 0.8625 0.5810185185185185 0.2760416666666667 0.7398148148148148
3 0.5427083333333333 0.6736111111111112 0.017708333333333333 0.032407407407407406
4 0.5260416666666666 0.6722222222222223 0.025 0.05
4 0.49114583333333334 0.6694444444444444 0.0375 0.06851851851851852
3 0.4588541666666667 0.6759259259259259 0.0375 0.06481481481481481
3 0.4239583333333333 0.6967592592592593 0.041666666666666664 0.049074074074074076
3 0.39296875 0.6981481481481482 0.0515625 0.05740740740740741
3 0.34869791666666666 0.6912037037037037 0.05677083333333333 0.0787037037037037
3 0.3020833333333333 0.6986111111111111 0.0875 0.08796296296296297
1 0.23671875 0.6939814814814815 0.015104166666666667 0.058333333333333334
3 0.26796875 0.6921296296296297 0.07135416666666666 0.06388888888888888
4 0.13151041666666666 0.5893518518518519 0.2609375 0.4361111111111111
