3 0.0671875 0.6921296296296297 0.12708333333333333 0.15648148148148147
3 0.3109375 0.7148148148148148 0.13229166666666667 0.14444444444444443
2 0.17239583333333333 0.687037037037037 0.03229166666666667 0.07222222222222222
2 0.1984375 0.6898148148148148 0.025 0.07222222222222222
3 0.39895833333333336 0.7083333333333334 0.04791666666666667 0.06851851851851852
3 0.42890625 0.7032407407407407 0.033854166666666664 0.049074074074074076
3 0.44427083333333334 0.6990740740740741 0.022916666666666665 0.040740740740740744
5 0.5388020833333333 0.6902777777777778 0.034895833333333334 0.0712962962962963
3 0.5705729166666667 0.7037037037037037 0.04739583333333333 0.08518518518518518
3 0.6635416666666667 0.7425925925925926 0.11979166666666667 0.14444444444444443
2 0.765625 0.7328703703703704 0.020833333333333332 0.07685185185185185
2 0.7229166666666667 0.7291666666666666 0.015625 0.06944444444444445
3 0.8973958333333333 0.7652777777777777 0.20104166666666667 0.17685185185185184
