5 0.58359375 0.5916666666666667 0.1578125 0.25
4 0.09010416666666667 0.575925925925926 0.18020833333333333 0.2833333333333333
3 0.3450520833333333 0.6717592592592593 0.1953125 0.21388888888888888
3 0.27630208333333334 0.6421296296296296 0.0953125 0.1361111111111111
3 0.4578125 0.637962962962963 0.06458333333333334 0.07592592592592592
3 0.7184895833333333 0.6291666666666667 0.018229166666666668 0.025
3 0.6981770833333333 0.6282407407407408 0.021354166666666667 0.023148148148148147
3 0.6770833333333334 0.6305555555555555 0.034375 0.03518518518518519
2 0.8486979166666667 0.6708333333333333 0.07135416666666666 0.1175925925925926
3 0.9098958333333333 0.6763888888888889 0.18020833333333333 0.14351851851851852
