4 0.12291666666666666 0.6351851851851852 0.059375 0.08518518518518518
4 0.17604166666666668 0.6375 0.03229166666666667 0.03981481481481482
4 0.21848958333333332 0.6171296296296296 0.05677083333333333 0.0787037037037037
3 0.22265625 0.6356481481481482 0.044270833333333336 0.04722222222222222
3 0.325 0.6222222222222222 0.011458333333333333 0.020370370370370372
3 0.3953125 0.6231481481481481 0.010416666666666666 0.018518518518518517
3 0.4046875 0.6185185185185185 0.016666666666666666 0.03148148148148148
3 0.42552083333333335 0.6157407407407407 0.016666666666666666 0.03148148148148148
3 0.42864583333333334 0.6310185185185185 0.025 0.03611111111111111
3 0.45364583333333336 0.6222222222222222 0.019791666666666666 0.024074074074074074
4 0.45651041666666664 0.6037037037037037 0.0265625 0.04814814814814815
4 0.4984375 0.6097222222222223 0.05520833333333333 0.08796296296296297
4 0.5536458333333333 0.6060185185185185 0.041666666666666664 0.08796296296296297
4 0.7893229166666667 0.500462962962963 0.42135416666666664 0.9953703703703703
