3 0.24791666666666667 0.6912037037037037 0.19270833333333334 0.19907407407407407
3 0.33671875 0.6486111111111111 0.05677083333333333 0.09166666666666666
3 0.4388020833333333 0.662962962962963 0.0703125 0.08888888888888889
3 0.40520833333333334 0.6462962962962963 0.046875 0.06666666666666667
1 0.5526041666666667 0.6407407407407407 0.009375 0.053703703703703705
1 0.546875 0.6435185185185185 0.009375 0.05555555555555555
1 0.5880208333333333 0.6444444444444445 0.011458333333333333 0.06296296296296296
2 0.7072916666666667 0.7379629629629629 0.13645833333333332 0.31851851851851853
2 0.7591145833333334 0.7148148148148148 0.08489583333333334 0.2537037037037037
2 0.78203125 0.6726851851851852 0.058854166666666666 0.09722222222222222
2 0.875 0.6736111111111112 0.035416666666666666 0.11574074074074074
2 0.66171875 0.6625 0.0515625 0.10462962962962963
1 0.6421875 0.6472222222222223 0.013541666666666667 0.06481481481481481
3 0.9541666666666667 0.7175925925925926 0.09166666666666666 0.2074074074074074
