4 0.16223958333333333 0.5763888888888888 0.0953125 0.17314814814814813
3 0.23463541666666668 0.611574074074074 0.0390625 0.04722222222222222
3 0.25234375 0.6296296296296297 0.0578125 0.06851851851851852
3 0.2989583333333333 0.6175925925925926 0.04375 0.053703703703703705
4 0.3268229166666667 0.5731481481481482 0.04010416666666667 0.1037037037037037
4 0.45 0.6296296296296297 0.22291666666666668 0.5092592592592593
2 0.59453125 0.6185185185185185 0.008854166666666666 0.03888888888888889
2 0.6015625 0.6212962962962963 0.011458333333333333 0.03888888888888889
2 0.64375 0.625 0.014583333333333334 0.046296296296296294
2 0.73046875 0.6240740740740741 0.0234375 0.03888888888888889
2 0.7265625 0.6222222222222222 0.025 0.040740740740740744
3 0.6828125 0.7305555555555555 0.15833333333333333 0.17777777777777778
5 0.83984375 0.6018518518518519 0.1359375 0.09259259259259259
4 0.9075520833333334 0.5976851851851852 0.16927083333333334 0.11203703703703703
3 0.9557291666666666 0.6425925925925926 0.0875 0.06666666666666667
