3 0.4903645833333333 0.6925925925925925 0.05677083333333333 0.08888888888888889
3 0.40651041666666665 0.7333333333333333 0.15989583333333332 0.21481481481481482
3 0.31692708333333336 0.6675925925925926 0.0671875 0.05925925925925926
3 0.2752604166666667 0.6791666666666667 0.06197916666666667 0.05277777777777778
3 0.24244791666666668 0.6722222222222223 0.07447916666666667 0.07037037037037037
3 0.21953125 0.6810185185185185 0.0890625 0.058333333333333334
1 0.24375 0.6912037037037037 0.023958333333333335 0.11203703703703703
2 0.17682291666666666 0.6791666666666667 0.049479166666666664 0.08981481481481482
3 0.13802083333333334 0.6759259259259259 0.03333333333333333 0.04259259259259259
3 0.06875 0.7226851851851852 0.1375 0.18796296296296297
