3 0.13385416666666666 0.6300925925925925 0.16979166666666667 0.09907407407407408
3 0.34869791666666666 0.6314814814814815 0.0890625 0.05185185185185185
2 0.5263020833333333 0.6277777777777778 0.011979166666666667 0.037037037037037035
1 0.6 0.625 0.008333333333333333 0.03518518518518519
2 0.6190104166666667 0.6569444444444444 0.043229166666666666 0.12685185185185185
2 0.6763020833333333 0.6574074074074074 0.04010416666666667 0.13518518518518519
1 0.7033854166666667 0.6259259259259259 0.008854166666666666 0.040740740740740744
2 0.7205729166666667 0.6675925925925926 0.0515625 0.14074074074074075
2 0.7434895833333334 0.6611111111111111 0.0453125 0.1388888888888889
1 0.74921875 0.6314814814814815 0.0109375 0.05555555555555555
2 0.76171875 0.6509259259259259 0.030729166666666665 0.11296296296296296
2 0.8190104166666666 0.6537037037037037 0.0328125 0.09074074074074075
3 0.8330729166666667 0.6375 0.1296875 0.10648148148148148
1 0.928125 0.6402777777777777 0.027083333333333334 0.09351851851851851
