2 0.19609375 0.6041666666666666 0.0453125 0.06574074074074074
2 0.29739583333333336 0.6101851851851852 0.009375 0.037037037037037035
3 0.309375 0.6018518518518519 0.035416666666666666 0.03518518518518519
3 0.33046875 0.600925925925926 0.021354166666666667 0.02962962962962963
3 0.3419270833333333 0.5930555555555556 0.022395833333333334 0.04351851851851852
2 0.36770833333333336 0.600925925925926 0.00625 0.027777777777777776
3 0.38619791666666664 0.5981481481481481 0.0234375 0.022222222222222223
2 0.43333333333333335 0.5981481481481481 0.017708333333333333 0.03148148148148148
3 0.6979166666666666 0.6819444444444445 0.16145833333333334 0.18055555555555555
3 0.63984375 0.6574074074074074 0.08802083333333334 0.12037037037037036
1 0.6489583333333333 0.6106481481481482 0.011458333333333333 0.0787037037037037
2 0.4953125 0.6027777777777777 0.00625 0.022222222222222223
