2 0.365625 0.6578703703703703 0.028125 0.07685185185185185
1 0.3880208333333333 0.6486111111111111 0.01875 0.06944444444444445
2 0.41901041666666666 0.6462962962962963 0.0171875 0.07222222222222222
3 0.5450520833333333 0.6481481481481481 0.022395833333333334 0.0962962962962963
3 0.56875 0.6347222222222222 0.027083333333333334 0.03981481481481482
3 0.5846354166666666 0.6236111111111111 0.016145833333333335 0.023148148148148147
3 0.725 0.687962962962963 0.13958333333333334 0.19074074074074074
3 0.6427083333333333 0.6282407407407408 0.0375 0.058333333333333334
3 0.61796875 0.6314814814814815 0.016145833333333335 0.02962962962962963
3 0.6473958333333333 0.638425925925926 0.03854166666666667 0.05277777777777778
