3 0.7057291666666666 0.7273148148148149 0.30104166666666665 0.27314814814814814
3 0.4505208333333333 0.6611111111111111 0.07916666666666666 0.11481481481481481
4 0.34869791666666666 0.49027777777777776 0.2046875 0.5805555555555556
3 0.0671875 0.6907407407407408 0.11041666666666666 0.13333333333333333
3 0.1125 0.6592592592592592 0.034375 0.04814814814814815
3 0.17526041666666667 0.6532407407407408 0.0328125 0.03796296296296296
3 0.19453125 0.6439814814814815 0.019270833333333334 0.03425925925925926
4 0.20703125 0.6319444444444444 0.0234375 0.05092592592592592
3 0.22135416666666666 0.6402777777777777 0.010416666666666666 0.021296296296296296
3 0.01640625 0.6388888888888888 0.0328125 0.32037037037037036
2 0.14322916666666666 0.6523148148148148 0.009375 0.028703703703703703
