1 0.01015625 0.6291666666666667 0.0203125 0.08425925925925926
3 0.08359375 0.6694444444444444 0.1671875 0.14074074074074075
3 0.18697916666666667 0.6550925925925926 0.09895833333333333 0.11574074074074074
3 0.25885416666666666 0.6550925925925926 0.075 0.07685185185185185
3 0.29401041666666666 0.6430555555555556 0.050520833333333334 0.0712962962962963
3 0.3421875 0.6620370370370371 0.09166666666666666 0.1037037037037037
3 0.40911458333333334 0.6472222222222223 0.043229166666666666 0.05740740740740741
3 0.5130208333333334 0.662962962962963 0.0625 0.14074074074074075
3 0.48854166666666665 0.6865740740740741 0.11041666666666666 0.1675925925925926
1 0.65078125 0.6546296296296297 0.0109375 0.06111111111111111
1 0.6653645833333334 0.6481481481481481 0.013020833333333334 0.07592592592592592
1 0.7934895833333333 0.663425925925926 0.0203125 0.13055555555555556
1 0.9700520833333334 0.6759259259259259 0.0359375 0.1962962962962963
1 0.9171875 0.7074074074074074 0.065625 0.32037037037037036
