5 0.08828125 0.5611111111111111 0.17552083333333332 0.26666666666666666
2 0.15182291666666667 0.6388888888888888 0.05572916666666667 0.12222222222222222
2 0.19036458333333334 0.6300925925925925 0.024479166666666666 0.09907407407407408
2 0.21796875 0.6351851851851852 0.030729166666666665 0.09444444444444444
3 0.20911458333333333 0.600925925925926 0.0890625 0.12407407407407407
3 0.2669270833333333 0.6194444444444445 0.05677083333333333 0.07222222222222222
3 0.2953125 0.6263888888888889 0.03125 0.04722222222222222
3 0.31354166666666666 0.625462962962963 0.027083333333333334 0.03981481481481482
3 0.3359375 0.6199074074074075 0.029166666666666667 0.041666666666666664
3 0.34791666666666665 0.6157407407407407 0.022916666666666665 0.024074074074074074
3 0.36614583333333334 0.6208333333333333 0.021875 0.028703703703703703
3 0.39479166666666665 0.6166666666666667 0.015625 0.022222222222222223
3 0.40989583333333335 0.6148148148148148 0.011458333333333333 0.014814814814814815
3 0.4375 0.6125 0.010416666666666666 0.01574074074074074
3 0.44635416666666666 0.6152777777777778 0.013541666666666667 0.023148148148148147
2 0.4596354166666667 0.6189814814814815 0.0078125 0.032407407407407406
6 0.48125 0.6314814814814815 0.019791666666666666 0.06481481481481481
3 0.49947916666666664 0.625 0.017708333333333333 0.03148148148148148
3 0.51015625 0.6263888888888889 0.022395833333333334 0.03425925925925926
5 0.5489583333333333 0.5981481481481481 0.071875 0.1388888888888889
5 0.61875 0.5847222222222223 0.121875 0.2601851851851852
5 0.8015625 0.45046296296296295 0.396875 0.8287037037037037
6 0.38255208333333335 0.6069444444444444 0.0203125 0.04537037037037037
