3 0.12161458333333333 0.6722222222222223 0.17239583333333333 0.16296296296296298
3 0.31536458333333334 0.6680555555555555 0.1296875 0.18055555555555555
5 0.253125 0.6194444444444445 0.1125 0.14629629629629629
3 0.40989583333333335 0.6504629629629629 0.04375 0.062037037037037036
3 0.43255208333333334 0.6513888888888889 0.024479166666666666 0.03796296296296296
3 0.446875 0.6513888888888889 0.019791666666666666 0.030555555555555555
3 0.47942708333333334 0.6523148148148148 0.0265625 0.03611111111111111
3 0.54765625 0.6574074074074074 0.06197916666666667 0.05
2 0.590625 0.6666666666666666 0.011458333333333333 0.053703703703703705
2 0.7205729166666667 0.6800925925925926 0.028645833333333332 0.10277777777777777
1 0.68125 0.6592592592592592 0.016666666666666666 0.06296296296296296
3 0.8625 0.7458333333333333 0.26979166666666665 0.3175925925925926
