3 0.16197916666666667 0.7564814814814815 0.321875 0.34629629629629627
3 0.29296875 0.6620370370370371 0.0296875 0.04259259259259259
3 0.278125 0.6550925925925926 0.029166666666666667 0.05462962962962963
3 0.3255208333333333 0.6620370370370371 0.035416666666666666 0.046296296296296294
3 0.36302083333333335 0.6467592592592593 0.036458333333333336 0.03796296296296296
1 0.3734375 0.6680555555555555 0.015625 0.06018518518518518
3 0.38046875 0.6578703703703703 0.028645833333333332 0.025
3 0.4231770833333333 0.6583333333333333 0.016145833333333335 0.025925925925925925
3 0.40677083333333336 0.6560185185185186 0.026041666666666668 0.023148148148148147
3 0.4513020833333333 0.6625 0.018229166666666668 0.025
3 0.4869791666666667 0.6606481481481481 0.025 0.017592592592592594
2 0.5114583333333333 0.6773148148148148 0.019791666666666666 0.09537037037037037
3 0.575 0.65 0.06666666666666667 0.14074074074074075
