3 0.18125 0.7064814814814815 0.23229166666666667 0.24259259259259258
3 0.04791666666666667 0.6652777777777777 0.09583333333333334 0.08796296296296297
3 0.3182291666666667 0.6486111111111111 0.041666666666666664 0.05648148148148148
3 0.39036458333333335 0.6513888888888889 0.030729166666666665 0.03981481481481482
3 0.4625 0.6486111111111111 0.025 0.03796296296296296
3 0.47161458333333334 0.6412037037037037 0.016145833333333335 0.03796296296296296
3 0.49895833333333334 0.6611111111111111 0.04791666666666667 0.06666666666666667
3 0.528125 0.649537037037037 0.03333333333333333 0.06388888888888888
5 0.5356770833333333 0.6375 0.022395833333333334 0.058333333333333334
3 0.9294270833333333 0.787962962962963 0.1421875 0.37222222222222223
3 0.6346354166666667 0.6546296296296297 0.0078125 0.06111111111111111
1 0.6807291666666667 0.6583333333333333 0.010416666666666666 0.07037037037037037
1 0.6697916666666667 0.6592592592592592 0.009375 0.07407407407407407
2 0.8341145833333333 0.6675925925925926 0.0484375 0.07777777777777778
1 0.8645833333333334 0.6597222222222222 0.011458333333333333 0.07685185185185185
2 0.8111979166666666 0.6666666666666666 0.04010416666666667 0.07037037037037037
2 0.7830729166666667 0.6638888888888889 0.021354166666666667 0.06481481481481481
1 0.7684895833333333 0.6541666666666667 0.011979166666666667 0.06574074074074074
1 0.7526041666666666 0.6537037037037037 0.014583333333333334 0.07037037037037037
2 0.73984375 0.6532407407407408 0.019270833333333334 0.058333333333333334
1 0.9731770833333333 0.6259259259259259 0.008854166666666666 0.06111111111111111
