3 0.93203125 0.8143518518518519 0.13697916666666668 0.25462962962962965
3 0.27578125 0.7097222222222223 0.15989583333333332 0.10277777777777777
1 0.315625 0.725925925925926 0.036458333333333336 0.07037037037037037
1 0.3729166666666667 0.7379629629629629 0.030208333333333334 0.08518518518518518
3 0.3578125 0.7143518518518519 0.10729166666666666 0.0787037037037037
3 0.3854166666666667 0.6986111111111111 0.08541666666666667 0.06944444444444445
3 0.46328125 0.7092592592592593 0.03177083333333333 0.040740740740740744
3 0.5091145833333334 0.7027777777777777 0.019270833333333334 0.024074074074074074
3 0.5377604166666666 0.7018518518518518 0.019270833333333334 0.03518518518518519
3 0.6348958333333333 0.7129629629629629 0.07708333333333334 0.053703703703703705
2 0.6265625 0.7157407407407408 0.028125 0.05555555555555555
