3 0.13020833333333334 0.7865740740740741 0.259375 0.42685185185185187
3 0.4041666666666667 0.8680555555555556 0.396875 0.262037037037037
4 0.41848958333333336 0.6398148148148148 0.2296875 0.17037037037037037
4 0.24583333333333332 0.5666666666666667 0.14479166666666668 0.2
2 0.7447916666666666 0.7078703703703704 0.065625 0.1638888888888889
3 0.7708333333333334 0.6564814814814814 0.16458333333333333 0.09259259259259259
2 0.8052083333333333 0.836574074074074 0.10729166666666666 0.3101851851851852
2 0.79375 0.7421296296296296 0.06979166666666667 0.19722222222222222
2 0.8481770833333333 0.7379629629629629 0.05572916666666667 0.1814814814814815
3 0.9515625 0.5037037037037037 0.09583333333333334 0.07777777777777778
4 0.9515625 0.5824074074074074 0.09583333333333334 0.23333333333333334
4 0.38984375 0.5722222222222222 0.05572916666666667 0.08888888888888889
5 0.4088541666666667 0.5856481481481481 0.025 0.05277777777777778
4 0.4440104166666667 0.587037037037037 0.019270833333333334 0.046296296296296294
