3 0.07239583333333334 0.6259259259259259 0.084375 0.07222222222222222
2 0.005208333333333333 0.6166666666666667 0.011458333333333333 0.03518518518518519
3 0.22473958333333333 0.6236111111111111 0.07447916666666667 0.09166666666666666
3 0.25703125 0.6277777777777778 0.0484375 0.06481481481481481
4 0.2752604166666667 0.5791666666666667 0.07239583333333334 0.14166666666666666
3 0.3078125 0.6185185185185185 0.025 0.044444444444444446
4 0.33880208333333334 0.6064814814814815 0.021354166666666667 0.04259259259259259
3 0.3736979166666667 0.6152777777777778 0.013020833333333334 0.021296296296296296
5 0.3888020833333333 0.6078703703703704 0.013020833333333334 0.026851851851851852
4 0.45234375 0.5837962962962963 0.0578125 0.14351851851851852
3 0.4895833333333333 0.6393518518518518 0.059375 0.08425925925925926
3 0.5833333333333334 0.6685185185185185 0.13958333333333334 0.17592592592592593
1 0.6794270833333333 0.6444444444444445 0.013020833333333334 0.06851851851851852
1 0.65703125 0.6462962962962963 0.011979166666666667 0.06296296296296296
2 0.6497395833333334 0.6592592592592592 0.022395833333333334 0.07962962962962963
3 0.31276041666666665 0.6189814814814815 0.027604166666666666 0.03981481481481482
