3 0.05520833333333333 0.6458333333333334 0.10833333333333334 0.08055555555555556
3 0.11171875 0.6476851851851851 0.10364583333333334 0.07314814814814814
3 0.14296875 0.6398148148148148 0.0859375 0.07407407407407407
3 0.171875 0.6425925925925926 0.07083333333333333 0.06666666666666667
3 0.18463541666666666 0.6337962962962963 0.07760416666666667 0.06759259259259259
3 0.23177083333333334 0.6388888888888888 0.06979166666666667 0.044444444444444446
3 0.28072916666666664 0.6324074074074074 0.06458333333333334 0.03888888888888889
3 0.40703125 0.6449074074074074 0.024479166666666666 0.03611111111111111
3 0.4283854166666667 0.6555555555555556 0.05260416666666667 0.06296296296296296
3 0.5111979166666667 0.6425925925925926 0.018229166666666668 0.02962962962962963
3 0.53828125 0.6412037037037037 0.0140625 0.019444444444444445
4 0.5328125 0.6319444444444444 0.016666666666666666 0.032407407407407406
2 0.5828125 0.6467592592592593 0.009375 0.03796296296296296
2 0.59453125 0.6518518518518519 0.013020833333333334 0.05
6 0.63984375 0.6597222222222222 0.030729166666666665 0.06759259259259259
2 0.8145833333333333 0.6981481481481482 0.04895833333333333 0.17407407407407408
3 0.3567708333333333 0.6365740740740741 0.03958333333333333 0.032407407407407406
3 0.3734375 0.6365740740740741 0.0375 0.028703703703703703
