2 0.24609375 0.6912037037037037 0.0703125 0.14166666666666666
3 0.7541666666666667 0.6666666666666666 0.06666666666666667 0.11666666666666667
2 0.671875 0.6574074074074074 0.010416666666666666 0.040740740740740744
2 0.6533854166666667 0.6574074074074074 0.008854166666666666 0.037037037037037035
3 0.9856770833333334 0.7407407407407407 0.027604166666666666 0.14814814814814814
3 0.9533854166666667 0.6995370370370371 0.0921875 0.14351851851851852
3 0.9239583333333333 0.6777777777777778 0.09583333333333334 0.1259259259259259
3 0.8768229166666667 0.6754629629629629 0.0515625 0.0712962962962963
3 0.8411458333333334 0.6606481481481481 0.025 0.03611111111111111
3 0.8239583333333333 0.6564814814814814 0.015625 0.022222222222222223
2 0.81015625 0.6518518518518519 0.005729166666666666 0.022222222222222223
2 0.7932291666666667 0.6546296296296297 0.00625 0.018518518518518517
3 0.896875 0.6759259259259259 0.057291666666666664 0.09814814814814815
3 0.8622395833333333 0.6703703703703704 0.03697916666666667 0.06296296296296296
