1 0.18723958333333332 0.6736111111111112 0.015104166666666667 0.09351851851851851
1 0.20911458333333333 0.6671296296296296 0.0171875 0.10092592592592593
3 0.3651041666666667 0.6592592592592592 0.084375 0.05740740740740741
3 0.44583333333333336 0.6569444444444444 0.07395833333333333 0.05277777777777778
3 0.5033854166666667 0.6796296296296296 0.07760416666666667 0.13518518518518519
3 0.5278645833333333 0.6587962962962963 0.06302083333333333 0.04351851851851852
1 0.6013020833333333 0.6643518518518519 0.009895833333333333 0.075
1 0.6432291666666666 0.6601851851851852 0.011458333333333333 0.06666666666666667
1 0.6721354166666667 0.6768518518518518 0.0171875 0.1037037037037037
1 0.69765625 0.6837962962962963 0.0171875 0.09166666666666666
1 0.7315104166666667 0.6791666666666667 0.0171875 0.11388888888888889
3 0.88828125 0.7875 0.22135416666666666 0.3287037037037037
2 0.809375 0.7611111111111111 0.18645833333333334 0.4703703703703704
