2 0.9005208333333333 0.6847222222222222 0.05 0.14907407407407408
3 0.9145833333333333 0.7907407407407407 0.17083333333333334 0.4166666666666667
3 0.7119791666666667 0.7106481481481481 0.19166666666666668 0.2361111111111111
3 0.47604166666666664 0.7962962962962963 0.321875 0.40370370370370373
1 0.33671875 0.6851851851851852 0.011979166666666667 0.053703703703703705
4 0.34270833333333334 0.663425925925926 0.023958333333333335 0.05277777777777778
3 0.3065104166666667 0.6805555555555556 0.018229166666666668 0.024074074074074074
5 0.31484375 0.6657407407407407 0.027604166666666666 0.05185185185185185
2 0.29270833333333335 0.6828703703703703 0.015625 0.049074074074074076
2 0.278125 0.6805555555555556 0.00625 0.024074074074074074
2 0.26848958333333334 0.6824074074074075 0.0078125 0.027777777777777776
1 0.23463541666666668 0.6898148148148148 0.009895833333333333 0.05
3 0.17473958333333334 0.6898148148148148 0.06197916666666667 0.046296296296296294
3 0.10807291666666667 0.6787037037037037 0.06614583333333333 0.04814814814814815
