1 0.6096354166666667 0.6587962962962963 0.011979166666666667 0.06574074074074074
3 0.47630208333333335 0.6597222222222222 0.011979166666666667 0.019444444444444445
3 0.46119791666666665 0.662962962962963 0.024479166666666666 0.037037037037037035
3 0.43307291666666664 0.6606481481481481 0.0203125 0.025
3 0.4044270833333333 0.6606481481481481 0.015104166666666667 0.023148148148148147
1 0.3924479166666667 0.6569444444444444 0.0078125 0.03425925925925926
3 0.3296875 0.6712962962962963 0.036458333333333336 0.053703703703703705
3 0.3072916666666667 0.6736111111111112 0.03854166666666667 0.06018518518518518
3 0.28359375 0.6787037037037037 0.049479166666666664 0.07222222222222222
4 0.21692708333333333 0.6351851851851852 0.12135416666666667 0.2037037037037037
3 0.06875 0.6592592592592592 0.07916666666666666 0.06666666666666667
