4 0.029166666666666667 0.6101851851851852 0.057291666666666664 0.15185185185185185
3 0.10598958333333333 0.6412037037037037 0.06197916666666667 0.0712962962962963
3 0.17161458333333332 0.637962962962963 0.0484375 0.04814814814814815
3 0.22265625 0.6277777777777778 0.028645833333333332 0.03333333333333333
4 0.24479166666666666 0.6166666666666667 0.051041666666666666 0.05185185185185185
4 0.28359375 0.6208333333333333 0.028645833333333332 0.03425925925925926
4 0.3151041666666667 0.612037037037037 0.019791666666666666 0.03333333333333333
4 0.3268229166666667 0.611574074074074 0.013020833333333334 0.03425925925925926
3 0.28020833333333334 0.6902777777777778 0.08854166666666667 0.11203703703703703
3 0.44088541666666664 0.7078703703703704 0.18385416666666668 0.35833333333333334
4 0.5807291666666666 0.6263888888888889 0.1375 0.2361111111111111
4 0.7122395833333334 0.6194444444444445 0.13385416666666666 0.20925925925925926
4 0.89375 0.6712962962962963 0.21354166666666666 0.6574074074074074
