3 0.13046875 0.6875 0.04010416666666667 0.06018518518518518
3 0.18958333333333333 0.6902777777777778 0.046875 0.058333333333333334
2 0.31197916666666664 0.6967592592592593 0.01875 0.06388888888888888
3 0.29296875 0.6981481481481482 0.05260416666666667 0.05925925925925926
2 0.42161458333333335 0.6805555555555556 0.0109375 0.03888888888888889
3 0.4609375 0.674074074074074 0.028125 0.018518518518518517
3 0.4940104166666667 0.6763888888888889 0.024479166666666666 0.026851851851851852
2 0.52109375 0.6787037037037037 0.0109375 0.03333333333333333
3 0.5489583333333333 0.6736111111111112 0.021875 0.026851851851851852
3 0.5828125 0.674537037037037 0.030208333333333334 0.04537037037037037
2 0.6098958333333333 0.6712962962962963 0.005208333333333333 0.022222222222222223
3 0.8770833333333333 0.7245370370370371 0.21875 0.18611111111111112
3 0.725 0.6606481481481481 0.07395833333333333 0.06018518518518518
3 0.69140625 0.6694444444444444 0.059895833333333336 0.04259259259259259
3 0.7869791666666667 0.6615740740740741 0.07395833333333333 0.06388888888888888
