3 0.01484375 0.649537037037037 0.030729166666666665 0.10092592592592593
3 0.2591145833333333 0.6458333333333334 0.11614583333333334 0.1527777777777778
3 0.19505208333333332 0.6333333333333333 0.06302083333333333 0.08888888888888889
3 0.3111979166666667 0.6388888888888888 0.0484375 0.07407407407407407
3 0.35182291666666665 0.625 0.03177083333333333 0.03888888888888889
3 0.4348958333333333 0.6592592592592592 0.09583333333333334 0.16296296296296298
3 0.40703125 0.6439814814814815 0.05260416666666667 0.08425925925925926
3 0.12942708333333333 0.6236111111111111 0.021354166666666667 0.025
2 0.5859375 0.6351851851851852 0.026041666666666668 0.04259259259259259
2 0.5963541666666666 0.6402777777777777 0.010416666666666666 0.058333333333333334
2 0.6015625 0.6407407407407407 0.011458333333333333 0.05555555555555555
