2 0.15052083333333333 0.6592592592592592 0.013541666666666667 0.05740740740740741
3 0.17083333333333334 0.6578703703703703 0.036458333333333336 0.04722222222222222
3 0.1890625 0.6541666666666667 0.029166666666666667 0.04351851851851852
2 0.2265625 0.6569444444444444 0.010416666666666666 0.04351851851851852
2 0.33098958333333334 0.6643518518518519 0.015104166666666667 0.05092592592592592
2 0.3411458333333333 0.6666666666666666 0.019791666666666666 0.07037037037037037
3 0.36953125 0.6611111111111111 0.0234375 0.03518518518518519
2 0.37916666666666665 0.6921296296296297 0.026041666666666668 0.13425925925925927
3 0.4083333333333333 0.675 0.0625 0.08518518518518518
1 0.5622395833333333 0.6532407407407408 0.021354166666666667 0.07685185185185185
3 0.4666666666666667 0.7013888888888888 0.11354166666666667 0.14537037037037037
