4 0.1046875 0.6134259259259259 0.20729166666666668 0.3416666666666667
3 0.1453125 0.8138888888888889 0.29270833333333335 0.35555555555555557
4 0.28177083333333336 0.6643518518518519 0.153125 0.33055555555555555
3 0.49296875 0.7981481481481482 0.15260416666666668 0.22037037037037038
3 0.36770833333333336 0.7384259259259259 0.03125 0.049074074074074076
3 0.3966145833333333 0.737037037037037 0.0203125 0.03518518518518519
5 0.5442708333333334 0.725 0.036458333333333336 0.07777777777777778
2 0.5838541666666667 0.7453703703703703 0.007291666666666667 0.03333333333333333
2 0.590625 0.7458333333333333 0.008333333333333333 0.03425925925925926
2 0.6174479166666667 0.7453703703703703 0.009895833333333333 0.03888888888888889
2 0.6356770833333333 0.7425925925925926 0.009895833333333333 0.04814814814814815
2 0.6760416666666667 0.7449074074074075 0.011458333333333333 0.05648148148148148
2 0.7057291666666666 0.7462962962962963 0.013541666666666667 0.044444444444444446
3 0.8333333333333334 0.7342592592592593 0.03854166666666667 0.040740740740740744
