2 0.075 0.6532407407407408 0.03229166666666667 0.08611111111111111
1 0.027083333333333334 0.6555555555555556 0.013541666666666667 0.06111111111111111
1 0.01484375 0.6523148148148148 0.0140625 0.06759259259259259
2 0.09635416666666667 0.6550925925925926 0.030208333333333334 0.058333333333333334
1 0.18958333333333333 0.6518518518518519 0.011458333333333333 0.05925925925925926
3 0.2635416666666667 0.6680555555555555 0.096875 0.11018518518518519
3 0.2981770833333333 0.6509259259259259 0.044270833333333336 0.05925925925925926
3 0.40677083333333336 0.6444444444444445 0.022916666666666665 0.03518518518518519
3 0.4296875 0.6449074074074074 0.022916666666666665 0.03425925925925926
3 0.48515625 0.6421296296296296 0.10260416666666666 0.21574074074074073
3 0.5424479166666667 0.6615740740740741 0.05572916666666667 0.11203703703703703
3 0.6010416666666667 0.6699074074074074 0.065625 0.08055555555555556
3 0.64375 0.6606481481481481 0.06979166666666667 0.07685185185185185
2 0.71015625 0.6722222222222223 0.016145833333333335 0.06111111111111111
3 0.8888020833333333 0.7699074074074074 0.22135416666666666 0.4583333333333333
