2 0.01171875 0.6273148148148148 0.024479166666666666 0.10833333333333334
3 0.09947916666666666 0.649537037037037 0.18645833333333334 0.16574074074074074
3 0.44453125 0.6125 0.021354166666666667 0.03611111111111111
3 0.43333333333333335 0.6185185185185185 0.017708333333333333 0.03333333333333333
3 0.41041666666666665 0.6217592592592592 0.029166666666666667 0.03981481481481482
3 0.3609375 0.6310185185185185 0.08854166666666667 0.10648148148148148
3 0.49921875 0.6550925925925926 0.12447916666666667 0.16944444444444445
4 0.5140625 0.5708333333333333 0.040625 0.06944444444444445
4 0.6705729166666666 0.5888888888888889 0.05364583333333333 0.12777777777777777
5 0.6184895833333334 0.5851851851851851 0.0828125 0.16111111111111112
3 0.74375 0.6671296296296296 0.17291666666666666 0.19537037037037036
