2 0.013802083333333333 0.6925925925925925 0.013020833333333334 0.037037037037037035
2 0.042708333333333334 0.6935185185185185 0.013541666666666667 0.037037037037037035
3 0.020052083333333335 0.6962962962962963 0.04010416666666667 0.03148148148148148
3 0.18697916666666667 0.7055555555555556 0.023958333333333335 0.03333333333333333
5 0.20052083333333334 0.6930555555555555 0.026041666666666668 0.058333333333333334
3 0.22213541666666667 0.6518518518518519 0.0203125 0.024074074074074074
3 0.23385416666666667 0.6541666666666667 0.016666666666666666 0.025
4 0.23125 0.6810185185185185 0.04895833333333333 0.08611111111111111
3 0.26145833333333335 0.7087962962962963 0.023958333333333335 0.03425925925925926
3 0.27239583333333334 0.712037037037037 0.015625 0.027777777777777776
3 0.2833333333333333 0.712037037037037 0.014583333333333334 0.024074074074074074
4 0.2859375 0.6916666666666667 0.03125 0.04814814814814815
3 0.30442708333333335 0.7138888888888889 0.0203125 0.02962962962962963
3 0.3268229166666667 0.7152777777777778 0.0140625 0.023148148148148147
3 0.3421875 0.7129629629629629 0.016666666666666666 0.027777777777777776
3 0.35442708333333334 0.7185185185185186 0.033854166666666664 0.03148148148148148
4 0.34322916666666664 0.7018518518518518 0.01875 0.037037037037037035
4 0.31692708333333336 0.7027777777777777 0.011979166666666667 0.025925925925925925
2 0.4049479166666667 0.7212962962962963 0.009895833333333333 0.040740740740740744
4 0.82421875 0.7518518518518519 0.25885416666666666 0.34444444444444444
