3 0.12890625 0.6944444444444444 0.25885416666666666 0.40555555555555556
2 0.26223958333333336 0.6203703703703703 0.0296875 0.0962962962962963
3 0.38776041666666666 0.6222222222222222 0.06927083333333334 0.09444444444444444
3 0.48854166666666665 0.6976851851851852 0.23958333333333334 0.39351851851851855
3 0.6044270833333333 0.6453703703703704 0.14739583333333334 0.0962962962962963
2 0.6890625 0.6513888888888889 0.027083333333333334 0.08425925925925926
2 0.934375 0.7013888888888888 0.084375 0.22314814814814815
1 0.9684895833333333 0.6865740740740741 0.033854166666666664 0.1638888888888889
3 0.8114583333333333 0.6435185185185185 0.10416666666666667 0.06851851851851852
3 0.9200520833333333 0.6472222222222223 0.12552083333333333 0.09074074074074075
3 0.8361979166666667 0.6518518518518519 0.1140625 0.06666666666666667
