2 0.19453125 0.7143518518518519 0.0640625 0.175
1 0.8028645833333333 0.6837962962962963 0.0296875 0.10833333333333334
2 0.8328125 0.6722222222222223 0.021875 0.09444444444444444
2 0.8515625 0.6657407407407407 0.017708333333333333 0.08703703703703704
3 0.9135416666666667 0.65 0.04479166666666667 0.06111111111111111
3 0.8934895833333333 0.65 0.03177083333333333 0.05185185185185185
3 0.8744791666666667 0.6467592592592593 0.028125 0.04351851851851852
3 0.9505208333333334 0.6541666666666667 0.046875 0.06574074074074074
3 0.9752604166666666 0.6560185185185186 0.04739583333333333 0.0787037037037037
3 0.54765625 0.6643518518518519 0.0578125 0.0787037037037037
