3 0.98203125 0.6689814814814815 0.0359375 0.05277777777777778
3 0.9151041666666667 0.6657407407407407 0.0875 0.06111111111111111
3 0.8580729166666666 0.6648148148148149 0.0734375 0.053703703703703705
2 0.8140625 0.6615740740740741 0.016666666666666666 0.05277777777777778
2 0.8026041666666667 0.6671296296296296 0.015625 0.058333333333333334
2 0.7627604166666667 0.6638888888888889 0.03177083333333333 0.05185185185185185
2 0.7817708333333333 0.6652777777777777 0.026041666666666668 0.04537037037037037
3 0.02421875 0.6550925925925926 0.04739583333333333 0.08425925925925926
3 0.04869791666666667 0.6430555555555556 0.058854166666666666 0.06759259259259259
3 0.08854166666666667 0.6439814814814815 0.046875 0.04722222222222222
5 0.12239583333333333 0.6212962962962963 0.08125 0.07222222222222222
3 0.24270833333333333 0.6407407407407407 0.06145833333333333 0.06296296296296296
4 0.4752604166666667 0.6314814814814815 0.1390625 0.337037037037037
3 0.6846354166666667 0.7143518518518519 0.12864583333333332 0.1675925925925926
3 0.57109375 0.6620370370370371 0.05572916666666667 0.10555555555555556
4 0.35651041666666666 0.6212962962962963 0.034895833333333334 0.044444444444444446
