3 0.93359375 0.763425925925926 0.1328125 0.175
1 0.6315104166666666 0.6865740740740741 0.008854166666666666 0.04351851851851852
3 0.44869791666666664 0.7893518518518519 0.33177083333333335 0.41574074074074074
3 0.3338541666666667 0.7240740740740741 0.12083333333333333 0.22592592592592592
4 0.3 0.6532407407407408 0.05416666666666667 0.11944444444444445
3 0.26276041666666666 0.6555555555555556 0.025520833333333333 0.05
4 0.23098958333333333 0.6652777777777777 0.06510416666666667 0.11388888888888889
3 0.215625 0.6953703703703704 0.065625 0.10740740740740741
3 0.14244791666666667 0.7125 0.14114583333333333 0.17685185185185184
3 0.0578125 0.6675925925925926 0.058333333333333334 0.06481481481481481
3 0.013020833333333334 0.700462962962963 0.025 0.10648148148148148
