3 0.934375 0.7648148148148148 0.13125 0.17407407407407408
3 0.44765625 0.7902777777777777 0.3359375 0.41574074074074074
3 0.3341145833333333 0.7231481481481481 0.12447916666666667 0.22407407407407406
4 0.30494791666666665 0.6504629629629629 0.0671875 0.11203703703703703
4 0.22838541666666667 0.6671296296296296 0.0671875 0.11574074074074074
3 0.209375 0.6935185185185185 0.078125 0.10740740740740741
3 0.17864583333333334 0.6583333333333333 0.014583333333333334 0.022222222222222223
3 0.15755208333333334 0.6699074074074074 0.0390625 0.05277777777777778
3 0.1375 0.6606481481481481 0.0125 0.019444444444444445
4 0.13385416666666666 0.6523148148148148 0.0125 0.026851851851851852
4 0.11822916666666666 0.6504629629629629 0.01875 0.03981481481481482
3 0.1109375 0.6541666666666667 0.019791666666666666 0.030555555555555555
2 0.0703125 0.6555555555555556 0.013541666666666667 0.022222222222222223
3 0.023958333333333335 0.6453703703703704 0.046875 0.037037037037037035
