5 0.7807291666666667 0.674074074074074 0.43645833333333334 0.6333333333333333
5 0.47317708333333336 0.7527777777777778 0.013020833333333334 0.024074074074074074
5 0.46015625 0.7328703703703704 0.0109375 0.023148148148148147
3 0.45 0.7527777777777778 0.014583333333333334 0.025925925925925925
5 0.44557291666666665 0.7592592592592593 0.018229166666666668 0.02962962962962963
5 0.43854166666666666 0.7277777777777777 0.009375 0.018518518518518517
3 0.41510416666666666 0.749537037037037 0.013541666666666667 0.023148148148148147
5 0.4005208333333333 0.7347222222222223 0.015625 0.030555555555555555
3 0.40546875 0.7537037037037037 0.0171875 0.03148148148148148
3 0.39765625 0.7574074074074074 0.022395833333333334 0.03333333333333333
5 0.3841145833333333 0.7324074074074074 0.0265625 0.04814814814814815
3 0.3828125 0.7583333333333333 0.027083333333333334 0.046296296296296294
3 0.37057291666666664 0.7625 0.0359375 0.05092592592592592
3 0.34869791666666666 0.7662037037037037 0.04114583333333333 0.05648148148148148
3 0.3143229166666667 0.7763888888888889 0.06510416666666667 0.09907407407407408
3 0.25104166666666666 0.787962962962963 0.10520833333333333 0.12777777777777777
3 0.209375 0.7611111111111111 0.06979166666666667 0.08518518518518518
3 0.0953125 0.8134259259259259 0.18958333333333333 0.23796296296296296
