3 0.9109375 0.6449074074074074 0.09375 0.07314814814814814
3 0.8401041666666667 0.6412037037037037 0.075 0.0712962962962963
3 0.7919270833333333 0.6425925925925926 0.06822916666666666 0.07962962962962963
3 0.7447916666666666 0.6291666666666667 0.059375 0.06018518518518518
4 0.7981770833333334 0.5800925925925926 0.18385416666666668 0.12685185185185185
2 0.7924479166666667 0.6995370370370371 0.058854166666666666 0.125
2 0.6236979166666666 0.6310185185185185 0.027604166666666666 0.0787037037037037
1 0.5893229166666667 0.6337962962962963 0.013020833333333334 0.0787037037037037
1 0.5807291666666666 0.6324074074074074 0.014583333333333334 0.08148148148148149
3 0.5565104166666667 0.5712962962962963 0.028645833333333332 0.027777777777777776
2 0.5450520833333333 0.6083333333333333 0.018229166666666668 0.05740740740740741
5 0.46796875 0.6041666666666666 0.11197916666666667 0.21944444444444444
3 0.321875 0.462037037037037 0.013541666666666667 0.024074074074074074
3 0.35572916666666665 0.6370370370370371 0.06770833333333333 0.08518518518518518
4 0.3411458333333333 0.5879629629629629 0.042708333333333334 0.06296296296296296
3 0.31666666666666665 0.5907407407407408 0.025 0.027777777777777776
2 0.29713541666666665 0.5888888888888889 0.0067708333333333336 0.025925925925925925
3 0.26848958333333334 0.5944444444444444 0.034895833333333334 0.04259259259259259
2 0.2328125 0.5944444444444444 0.008333333333333333 0.03518518518518519
4 0.07578125 0.5893518518518519 0.1296875 0.10462962962962963
