3 0.7075520833333333 0.7208333333333333 0.5723958333333333 0.4009259259259259
2 0.43255208333333334 0.7125 0.0796875 0.20462962962962963
1 0.3924479166666667 0.6777777777777778 0.025520833333333333 0.11481481481481481
1 0.3809895833333333 0.6824074074074075 0.019270833333333334 0.11296296296296296
4 0.05286458333333333 0.5421296296296296 0.10677083333333333 0.6268518518518519
1 0.17473958333333334 0.674074074074074 0.008854166666666666 0.03888888888888889
2 0.14270833333333333 0.6791666666666667 0.014583333333333334 0.03981481481481482
3 0.25 0.675 0.03125 0.037037037037037035
3 0.2799479166666667 0.6643518518518519 0.022395833333333334 0.03981481481481482
3 0.28828125 0.6685185185185185 0.0296875 0.040740740740740744
4 0.36614583333333334 0.6555555555555556 0.010416666666666666 0.022222222222222223
