3 0.053385416666666664 0.7268518518518519 0.10677083333333333 0.30185185185185187
3 0.26276041666666666 0.6898148148148148 0.14427083333333332 0.1648148148148148
3 0.36770833333333336 0.6648148148148149 0.06354166666666666 0.08518518518518518
3 0.646875 0.6824074074074075 0.15208333333333332 0.1
3 0.603125 0.6666666666666666 0.08020833333333334 0.07407407407407407
1 0.43307291666666664 0.649074074074074 0.005729166666666666 0.03888888888888889
3 0.40989583333333335 0.6518518518518519 0.040625 0.05555555555555555
2 0.49270833333333336 0.6546296296296297 0.00625 0.03518518518518519
3 0.5088541666666667 0.6513888888888889 0.020833333333333332 0.03425925925925926
3 0.521875 0.6486111111111111 0.026041666666666668 0.03981481481481482
