2 0.9005208333333333 0.6671296296296296 0.04375 0.09166666666666666
2 0.6252604166666667 0.6402777777777777 0.0109375 0.030555555555555555
4 0.30703125 0.6208333333333333 0.08177083333333333 0.12685185185185185
3 0.44166666666666665 0.6518518518518519 0.04791666666666667 0.07962962962962963
3 0.46796875 0.6425925925925926 0.021354166666666667 0.03888888888888889
4 0.5015625 0.6171296296296296 0.022916666666666665 0.06574074074074074
2 0.5786458333333333 0.6356481481481482 0.009375 0.028703703703703703
2 0.5614583333333333 0.6375 0.00625 0.028703703703703703
2 0.5966145833333333 0.637962962962963 0.009895833333333333 0.02962962962962963
2 0.6466145833333333 0.6449074074074074 0.011979166666666667 0.03796296296296296
2 0.6606770833333333 0.6458333333333334 0.011979166666666667 0.03796296296296296
