2 0.025 0.6981481481481482 0.03125 0.06851851851851852
3 0.10546875 0.6939814814814815 0.11197916666666667 0.11388888888888889
3 0.25729166666666664 0.6930555555555555 0.051041666666666666 0.05277777777777778
5 0.42682291666666666 0.6680555555555555 0.008854166666666666 0.01574074074074074
3 0.4278645833333333 0.6768518518518518 0.009895833333333333 0.018518518518518517
3 0.44244791666666666 0.6777777777777778 0.0140625 0.024074074074074074
3 0.4635416666666667 0.6787037037037037 0.0125 0.016666666666666666
2 0.546875 0.6837962962962963 0.010416666666666666 0.04351851851851852
1 0.6697916666666667 0.6800925925925926 0.013541666666666667 0.06018518518518518
1 0.7856770833333333 0.6800925925925926 0.0140625 0.075
2 0.9692708333333333 0.7060185185185185 0.05416666666666667 0.1527777777777778
