2 0.6463541666666667 0.6791666666666667 0.008333333333333333 0.04351851851851852
3 0.6203125 0.6800925925925926 0.042708333333333334 0.05462962962962963
2 0.5385416666666667 0.6662037037037037 0.009375 0.032407407407407406
2 0.5265625 0.6675925925925926 0.0125 0.04259259259259259
3 0.46796875 0.6708333333333333 0.08489583333333334 0.058333333333333334
3 0.43385416666666665 0.6708333333333333 0.07604166666666666 0.04722222222222222
1 0.37447916666666664 0.6648148148148149 0.010416666666666666 0.06296296296296296
1 0.32447916666666665 0.6699074074074074 0.013541666666666667 0.058333333333333334
3 0.32083333333333336 0.6675925925925926 0.075 0.05185185185185185
3 0.28072916666666664 0.6675925925925926 0.07708333333333334 0.05740740740740741
1 0.30078125 0.6712962962962963 0.0171875 0.06296296296296296
1 0.2942708333333333 0.6722222222222223 0.013541666666666667 0.07407407407407407
3 0.14921875 0.7555555555555555 0.29739583333333336 0.4888888888888889
1 0.6765625 0.6708333333333333 0.007291666666666667 0.03611111111111111
1 0.7171875 0.6810185185185185 0.008333333333333333 0.03425925925925926
1 0.7072916666666667 0.6754629629629629 0.007291666666666667 0.03611111111111111
