4 0.34765625 0.6050925925925926 0.07864583333333333 0.11574074074074074
3 0.3919270833333333 0.6527777777777778 0.0359375 0.04259259259259259
3 0.421875 0.6462962962962963 0.022916666666666665 0.02962962962962963
4 0.41354166666666664 0.6314814814814815 0.021875 0.03518518518518519
3 0.4544270833333333 0.6199074074074075 0.005729166666666666 0.008333333333333333
4 0.46536458333333336 0.6111111111111112 0.009895833333333333 0.020370370370370372
3 0.48125 0.6324074074074074 0.009375 0.011111111111111112
5 0.4817708333333333 0.6263888888888889 0.007291666666666667 0.023148148148148147
3 0.4934895833333333 0.6319444444444444 0.0067708333333333336 0.010185185185185186
4 0.5065104166666666 0.624537037037037 0.011979166666666667 0.028703703703703703
4 0.5184895833333333 0.6212962962962963 0.009895833333333333 0.025925925925925925
5 0.5291666666666667 0.6337962962962963 0.014583333333333334 0.026851851851851852
