6 0.10130208333333333 0.7208333333333333 0.0671875 0.1287037037037037
2 0.24010416666666667 0.700462962962963 0.025 0.06574074074074074
3 0.28619791666666666 0.7379629629629629 0.1578125 0.1574074074074074
3 0.3880208333333333 0.7171296296296297 0.0875 0.10648148148148148
5 0.4395833333333333 0.6569444444444444 0.09895833333333333 0.16203703703703703
2 0.49166666666666664 0.6884259259259259 0.010416666666666666 0.04537037037037037
3 0.5109375 0.6791666666666667 0.019791666666666666 0.023148148148148147
3 0.5596354166666667 0.6935185185185185 0.0515625 0.10740740740740741
3 0.590625 0.6814814814814815 0.022916666666666665 0.03518518518518519
3 0.6872395833333333 0.6949074074074074 0.0421875 0.062037037037037036
3 0.7091145833333333 0.7018518518518518 0.0546875 0.06296296296296296
3 0.76640625 0.6847222222222222 0.0484375 0.058333333333333334
3 0.8388020833333333 0.7203703703703703 0.1078125 0.1259259259259259
3 0.9348958333333334 0.7203703703703703 0.13020833333333334 0.337037037037037
