3 0.14192708333333334 0.6763888888888889 0.14010416666666667 0.14907407407407408
3 0.27447916666666666 0.6592592592592592 0.084375 0.1
3 0.3263020833333333 0.6541666666666667 0.06822916666666666 0.08055555555555556
2 0.3997395833333333 0.6574074074074074 0.0109375 0.05740740740740741
3 0.42890625 0.6587962962962963 0.044270833333333336 0.06018518518518518
3 0.453125 0.6560185185185186 0.03229166666666667 0.04722222222222222
4 0.47734375 0.6370370370370371 0.0203125 0.046296296296296294
2 0.5197916666666667 0.6592592592592592 0.014583333333333334 0.05
4 0.7841145833333333 0.525 0.3411458333333333 0.6092592592592593
4 0.6927083333333334 0.5907407407407408 0.2635416666666667 0.27037037037037037
4 0.5927083333333333 0.6300925925925925 0.10208333333333333 0.14722222222222223
