4 0.14921875 0.49027777777777776 0.2994791666666667 0.9842592592592593
3 0.31276041666666665 0.6412037037037037 0.09635416666666667 0.1361111111111111
3 0.36770833333333336 0.6347222222222222 0.04895833333333333 0.0824074074074074
3 0.43723958333333335 0.6611111111111111 0.10572916666666667 0.17592592592592593
2 0.4981770833333333 0.6226851851851852 0.0109375 0.05092592592592592
2 0.50625 0.6203703703703703 0.0125 0.04259259259259259
2 0.5244791666666667 0.6240740740740741 0.011458333333333333 0.06666666666666667
2 0.553125 0.624537037037037 0.013541666666666667 0.075
2 0.6221354166666667 0.6361111111111111 0.028645833333333332 0.1259259259259259
2 0.59609375 0.6310185185185185 0.0234375 0.08425925925925926
2 0.5338541666666666 0.6226851851851852 0.011458333333333333 0.04722222222222222
1 0.66953125 0.6050925925925926 0.011979166666666667 0.06388888888888888
1 0.7361979166666667 0.6129629629629629 0.013020833333333334 0.08333333333333333
