3 0.04453125 0.624537037037037 0.05572916666666667 0.0712962962962963
3 0.0875 0.6351851851851852 0.036458333333333336 0.040740740740740744
3 0.12473958333333333 0.6314814814814815 0.0390625 0.040740740740740744
3 0.20442708333333334 0.7296296296296296 0.1890625 0.26296296296296295
3 0.30885416666666665 0.5953703703703703 0.014583333333333334 0.020370370370370372
3 0.39791666666666664 0.6527777777777778 0.04479166666666667 0.06666666666666667
3 0.3580729166666667 0.5717592592592593 0.009895833333333333 0.013888888888888888
2 0.46796875 0.6203703703703703 0.0109375 0.037037037037037035
3 0.66484375 0.6953703703703704 0.09947916666666666 0.1388888888888889
3 0.6828125 0.6601851851851852 0.07604166666666666 0.09259259259259259
3 0.50703125 0.611574074074074 0.0140625 0.019444444444444445
