1 0.7072916666666667 0.6504629629629629 0.021875 0.12314814814814815
2 0.6216145833333333 0.6449074074074074 0.027604166666666666 0.08055555555555556
3 0.07942708333333333 0.6611111111111111 0.15885416666666666 0.1574074074074074
3 0.19739583333333333 0.6472222222222223 0.09375 0.10555555555555556
3 0.1640625 0.6347222222222222 0.065625 0.09722222222222222
3 0.25442708333333336 0.637962962962963 0.0640625 0.08148148148148149
3 0.32708333333333334 0.6282407407407408 0.027083333333333334 0.03425925925925926
3 0.37265625 0.6287037037037037 0.04635416666666667 0.07037037037037037
3 0.4041666666666667 0.6273148148148148 0.028125 0.03611111111111111
3 0.44817708333333334 0.6314814814814815 0.03802083333333333 0.06481481481481481
3 0.42578125 0.6203703703703703 0.011979166666666667 0.018518518518518517
