3 0.09661458333333334 0.6652777777777777 0.11614583333333334 0.07685185185185185
5 0.21041666666666667 0.6361111111111111 0.08020833333333334 0.07777777777777778
2 0.19479166666666667 0.6606481481481481 0.01875 0.0712962962962963
2 0.29583333333333334 0.6481481481481481 0.0125 0.046296296296296294
1 0.31223958333333335 0.6481481481481481 0.011979166666666667 0.053703703703703705
1 0.3463541666666667 0.6449074074074074 0.008333333333333333 0.04722222222222222
1 0.3390625 0.6435185185185185 0.011458333333333333 0.05185185185185185
1 0.3328125 0.6421296296296296 0.009375 0.05648148148148148
1 0.32369791666666664 0.6453703703703704 0.008854166666666666 0.04814814814814815
1 0.40234375 0.6430555555555556 0.0109375 0.04537037037037037
1 0.45234375 0.6412037037037037 0.009895833333333333 0.049074074074074076
5 0.47213541666666664 0.6319444444444444 0.009895833333333333 0.019444444444444445
2 0.4296875 0.6439814814814815 0.015625 0.04537037037037037
1 0.42265625 0.6425925925925926 0.011979166666666667 0.053703703703703705
5 0.2669270833333333 0.6370370370370371 0.05572916666666667 0.06666666666666667
4 0.49635416666666665 0.6231481481481481 0.03958333333333333 0.09444444444444444
3 0.52421875 0.638425925925926 0.011979166666666667 0.017592592592592594
1 0.5307291666666667 0.6453703703703704 0.00625 0.037037037037037035
3 0.546875 0.6453703703703704 0.022916666666666665 0.04259259259259259
3 0.5536458333333333 0.649074074074074 0.026041666666666668 0.044444444444444446
3 0.5638020833333334 0.6523148148148148 0.030729166666666665 0.05277777777777778
3 0.57890625 0.6527777777777778 0.043229166666666666 0.07037037037037037
1 0.59921875 0.6592592592592592 0.009895833333333333 0.08888888888888889
1 0.6346354166666667 0.663425925925926 0.013020833333333334 0.08981481481481482
1 0.6466145833333333 0.6513888888888889 0.0109375 0.058333333333333334
2 0.7151041666666667 0.675 0.034375 0.1037037037037037
2 0.9630208333333333 0.7152777777777778 0.06145833333333333 0.17314814814814813
2 0.6817708333333333 0.6685185185185185 0.06458333333333334 0.10740740740740741
