3 0.17135416666666667 0.6939814814814815 0.16875 0.1527777777777778
3 0.29244791666666664 0.7013888888888888 0.08489583333333334 0.09537037037037037
3 0.32395833333333335 0.6888888888888889 0.03125 0.044444444444444446
3 0.35833333333333334 0.687962962962963 0.029166666666666667 0.03518518518518519
3 0.4015625 0.687962962962963 0.028125 0.040740740740740744
3 0.41510416666666666 0.6861111111111111 0.017708333333333333 0.03148148148148148
5 0.42552083333333335 0.6726851851851852 0.016666666666666666 0.03611111111111111
3 0.4434895833333333 0.6777777777777778 0.0109375 0.024074074074074074
3 0.4513020833333333 0.6856481481481481 0.015104166666666667 0.021296296296296296
3 0.5013020833333334 0.725925925925926 0.10572916666666667 0.15
5 0.5036458333333333 0.675 0.05 0.12037037037037036
3 0.5809895833333333 0.7018518518518518 0.0734375 0.10185185185185185
