3 0.8 0.6138888888888889 0.11041666666666666 0.05740740740740741
2 0.6065104166666667 0.6013888888888889 0.011979166666666667 0.05462962962962963
2 0.5916666666666667 0.6041666666666666 0.015625 0.06018518518518518
2 0.5755208333333334 0.6018518518518519 0.0125 0.04814814814814815
2 0.5731770833333333 0.5898148148148148 0.0109375 0.05
4 0.5283854166666667 0.5564814814814815 0.022395833333333334 0.040740740740740744
3 0.5015625 0.5694444444444444 0.016666666666666666 0.025925925925925925
3 0.46796875 0.5898148148148148 0.04739583333333333 0.05185185185185185
3 0.43307291666666664 0.5824074074074074 0.0265625 0.03518518518518519
3 0.4546875 0.6064814814814815 0.03958333333333333 0.05740740740740741
3 0.4127604166666667 0.5736111111111111 0.022395833333333334 0.030555555555555555
3 0.3958333333333333 0.562962962962963 0.03229166666666667 0.05
3 0.38828125 0.5791666666666667 0.0234375 0.03981481481481482
3 0.40182291666666664 0.5777777777777777 0.0203125 0.03148148148148148
3 0.37109375 0.5824074074074074 0.03177083333333333 0.044444444444444446
3 0.34791666666666665 0.5930555555555556 0.0375 0.04722222222222222
3 0.340625 0.6189814814814815 0.041666666666666664 0.06759259259259259
3 0.31588541666666664 0.5851851851851851 0.034895833333333334 0.04259259259259259
3 0.28229166666666666 0.5902777777777778 0.034375 0.03981481481481482
3 0.30911458333333336 0.6370370370370371 0.07239583333333334 0.08888888888888889
3 0.24817708333333333 0.6203703703703703 0.0640625 0.07962962962962963
3 0.18984375 0.6398148148148148 0.0953125 0.10555555555555556
3 0.1140625 0.6523148148148148 0.12604166666666666 0.16574074074074074
3 0.04609375 0.6171296296296296 0.0921875 0.11203703703703703
3 0.03671875 0.687037037037037 0.0734375 0.15185185185185185
3 0.2640625 0.8231481481481482 0.40208333333333335 0.35185185185185186
