2 0.8619791666666666 0.7481481481481481 0.035416666666666666 0.09074074074074075
3 0.04973958333333333 0.8060185185185185 0.0984375 0.23425925925925925
3 0.059375 0.725925925925926 0.04479166666666667 0.09259259259259259
3 0.5427083333333333 0.7351851851851852 0.11666666666666667 0.09259259259259259
3 0.284375 0.7185185185185186 0.053125 0.04259259259259259
3 0.23489583333333333 0.7203703703703703 0.0625 0.06111111111111111
3 0.20364583333333333 0.7069444444444445 0.042708333333333334 0.0712962962962963
3 0.15338541666666666 0.7203703703703703 0.058854166666666666 0.08333333333333333
3 0.11171875 0.6967592592592593 0.019270833333333334 0.025
3 0.09921875 0.6759259259259259 0.009895833333333333 0.016666666666666666
4 0.1390625 0.6824074074074075 0.019791666666666666 0.024074074074074074
4 0.12083333333333333 0.6680555555555555 0.010416666666666666 0.023148148148148147
4 0.08463541666666667 0.6675925925925926 0.011979166666666667 0.024074074074074074
3 0.0359375 0.7148148148148148 0.036458333333333336 0.05
