3 0.1171875 0.7041666666666667 0.1375 0.1287037037037037
3 0.25677083333333334 0.6976851851851852 0.078125 0.07685185185185185
3 0.32708333333333334 0.687962962962963 0.04583333333333333 0.04814814814814815
3 0.35 0.687037037037037 0.03333333333333333 0.04814814814814815
1 0.490625 0.6787037037037037 0.014583333333333334 0.06851851851851852
1 0.5052083333333334 0.6768518518518518 0.016666666666666666 0.07037037037037037
4 0.6307291666666667 0.6458333333333334 0.08020833333333334 0.15092592592592594
3 0.5885416666666666 0.6851851851851852 0.026041666666666668 0.05185185185185185
3 0.57734375 0.6800925925925926 0.021354166666666667 0.03796296296296296
4 0.5747395833333333 0.6615740740740741 0.03697916666666667 0.0712962962962963
3 0.54921875 0.6731481481481482 0.0203125 0.027777777777777776
3 0.5390625 0.6638888888888889 0.013541666666666667 0.024074074074074074
1 0.69296875 0.675 0.021354166666666667 0.07962962962962963
1 0.7356770833333334 0.6699074074074074 0.0171875 0.08796296296296297
1 0.7502604166666667 0.6805555555555556 0.021354166666666667 0.1
