3 0.9640625 0.6513888888888889 0.071875 0.05648148148148148
3 0.915625 0.6435185185185185 0.06875 0.044444444444444446
3 0.8359375 0.6393518518518518 0.06666666666666667 0.05092592592592592
3 0.790625 0.6407407407407407 0.07291666666666667 0.046296296296296294
3 0.6765625 0.7087962962962963 0.140625 0.18055555555555555
3 0.55 0.6486111111111111 0.06666666666666667 0.11388888888888889
4 0.44583333333333336 0.6185185185185185 0.15104166666666666 0.36666666666666664
3 0.023177083333333334 0.6375 0.0453125 0.06944444444444445
3 0.10520833333333333 0.6337962962962963 0.06458333333333334 0.06018518518518518
3 0.25390625 0.6236111111111111 0.0609375 0.058333333333333334
