1 0.9200520833333333 0.6310185185185185 0.12447916666666667 0.08611111111111111
1 0.8518229166666667 0.6194444444444445 0.0140625 0.06296296296296296
1 0.75859375 0.7388888888888889 0.050520833333333334 0.31666666666666665
1 0.6651041666666667 0.6800925925925926 0.12395833333333334 0.4064814814814815
3 0.6533854166666667 0.638425925925926 0.13802083333333334 0.08611111111111111
3 0.5260416666666666 0.6467592592592593 0.18229166666666666 0.18425925925925926
3 0.4401041666666667 0.6143518518518518 0.009375 0.013888888888888888
3 0.42578125 0.6180555555555556 0.019270833333333334 0.028703703703703703
3 0.30182291666666666 0.6791666666666667 0.27239583333333334 0.23055555555555557
3 0.1640625 0.6074074074074074 0.06145833333333333 0.05185185185185185
1 0.1765625 0.6162037037037037 0.011458333333333333 0.05462962962962963
2 0.28984375 0.7402777777777778 0.21197916666666666 0.35833333333333334
1 0.07265625 0.7416666666666667 0.06302083333333333 0.29814814814814816
1 0.0171875 0.75 0.03333333333333333 0.40185185185185185
