2 0.6895833333333333 0.7203703703703703 0.07916666666666666 0.11481481481481481
2 0.5565104166666667 0.7078703703703704 0.0109375 0.049074074074074076
2 0.5377604166666666 0.7060185185185185 0.016145833333333335 0.05648148148148148
2 0.5276041666666667 0.6921296296296297 0.010416666666666666 0.03425925925925926
2 0.5151041666666667 0.6902777777777778 0.007291666666666667 0.03425925925925926
3 0.45989583333333334 0.6837962962962963 0.016666666666666666 0.025
2 0.4432291666666667 0.7087962962962963 0.06770833333333333 0.1175925925925926
3 0.41796875 0.6962962962962963 0.0546875 0.05185185185185185
3 0.33645833333333336 0.7074074074074074 0.14583333333333334 0.08703703703703704
2 0.26276041666666666 0.7046296296296296 0.07135416666666666 0.10925925925925926
3 0.22864583333333333 0.6986111111111111 0.09270833333333334 0.062037037037037036
2 0.21223958333333334 0.7 0.05260416666666667 0.07592592592592592
2 0.14375 0.6962962962962963 0.0375 0.07222222222222222
