2 0.6953125 0.612037037037037 0.03229166666666667 0.1111111111111111
2 0.6708333333333333 0.6078703703703704 0.027083333333333334 0.09722222222222222
2 0.6395833333333333 0.5995370370370371 0.01875 0.075
2 0.55 0.6268518518518519 0.022916666666666665 0.09444444444444444
2 0.50859375 0.6226851851851852 0.0234375 0.08796296296296297
2 0.46197916666666666 0.612037037037037 0.008333333333333333 0.03148148148148148
3 0.40520833333333334 0.6189814814814815 0.05 0.07685185185185185
3 0.37552083333333336 0.6078703703703704 0.021875 0.03425925925925926
3 0.3567708333333333 0.6138888888888889 0.027083333333333334 0.03888888888888889
3 0.30052083333333335 0.6041666666666666 0.034375 0.05648148148148148
3 0.32786458333333335 0.6203703703703703 0.04114583333333333 0.05740740740740741
3 0.25338541666666664 0.6361111111111111 0.10052083333333334 0.12037037037037036
2 0.11223958333333334 0.6324074074074074 0.030729166666666665 0.11296296296296296
2 0.049479166666666664 0.6337962962962963 0.06041666666666667 0.18425925925925926
2 0.026302083333333334 0.6361111111111111 0.0515625 0.15925925925925927
