2 0.38828125 0.6699074074074074 0.011979166666666667 0.04351851851851852
3 0.26640625 0.6564814814814814 0.025520833333333333 0.044444444444444446
3 0.128125 0.6509259259259259 0.023958333333333335 0.03333333333333333
1 0.8981770833333333 0.6990740740740741 0.04114583333333333 0.2074074074074074
1 0.8731770833333333 0.6694444444444444 0.018229166666666668 0.09814814814814815
3 0.1609375 0.6546296296296297 0.017708333333333333 0.024074074074074074
3 0.23072916666666668 0.6513888888888889 0.008333333333333333 0.01574074074074074
1 0.04739583333333333 0.6467592592592593 0.008333333333333333 0.05648148148148148
3 0.44609375 0.6722222222222223 0.03177083333333333 0.02962962962962963
3 0.14036458333333332 0.6504629629629629 0.018229166666666668 0.013888888888888888
