3 0.2828125 0.6453703703703704 0.05416666666666667 0.06666666666666667
3 0.25833333333333336 0.6416666666666667 0.042708333333333334 0.053703703703703705
3 0.3697916666666667 0.6782407407407407 0.13854166666666667 0.24351851851851852
3 0.4390625 0.6546296296296297 0.03854166666666667 0.06481481481481481
3 0.49114583333333334 0.6518518518518519 0.027083333333333334 0.04259259259259259
4 0.5 0.6291666666666667 0.025 0.041666666666666664
3 0.52734375 0.6657407407407407 0.058854166666666666 0.08703703703703704
2 0.640625 0.6671296296296296 0.017708333333333333 0.05092592592592592
1 0.6643229166666667 0.6615740740740741 0.0109375 0.058333333333333334
1 0.80546875 0.6837962962962963 0.025520833333333333 0.12314814814814815
1 0.8434895833333333 0.6800925925925926 0.027604166666666666 0.11574074074074074
2 0.8294270833333334 0.7106481481481481 0.08072916666666667 0.13055555555555556
2 0.9578125 0.7231481481481481 0.065625 0.15185185185185185
