3 0.9361979166666666 0.7037037037037037 0.12760416666666666 0.21296296296296297
3 0.8658854166666666 0.7361111111111112 0.24947916666666667 0.2574074074074074
3 0.7286458333333333 0.6449074074074074 0.03854166666666667 0.025
3 0.6442708333333333 0.6875 0.06875 0.08425925925925926
3 0.6075520833333333 0.6583333333333333 0.04739583333333333 0.0962962962962963
3 0.5830729166666667 0.6689814814814815 0.025520833333333333 0.03796296296296296
3 0.5161458333333333 0.6620370370370371 0.009375 0.012962962962962963
3 0.49947916666666664 0.6680555555555555 0.025 0.03611111111111111
2 0.48411458333333335 0.6638888888888889 0.009895833333333333 0.03148148148148148
5 0.47760416666666666 0.6509259259259259 0.03854166666666667 0.03888888888888889
3 0.39296875 0.6782407407407407 0.0359375 0.04537037037037037
3 0.3690104166666667 0.6685185185185185 0.028645833333333332 0.037037037037037035
2 0.30130208333333336 0.6759259259259259 0.0109375 0.03518518518518519
3 0.76328125 0.6458333333333334 0.0328125 0.019444444444444445
