3 0.8908854166666667 0.7458333333333333 0.2171875 0.3990740740740741
2 0.7317708333333334 0.6657407407407407 0.027083333333333334 0.05555555555555555
2 0.7151041666666667 0.6675925925925926 0.03333333333333333 0.053703703703703705
1 0.6924479166666667 0.6615740740740741 0.0067708333333333336 0.04722222222222222
2 0.6736979166666667 0.6648148148148149 0.0328125 0.053703703703703705
2 0.6419270833333334 0.6652777777777777 0.015104166666666667 0.05277777777777778
3 0.5950520833333334 0.6611111111111111 0.07760416666666667 0.10740740740740741
5 0.46822916666666664 0.6101851851851852 0.121875 0.24259259259259258
3 0.39348958333333334 0.6625 0.0421875 0.06018518518518518
1 0.1546875 0.6504629629629629 0.009375 0.049074074074074076
1 0.14557291666666666 0.6523148148148148 0.008854166666666666 0.03981481481481482
3 0.07734375 0.687037037037037 0.15260416666666668 0.14629629629629629
