5 0.24088541666666666 0.47175925925925927 0.1265625 0.058333333333333334
3 0.58046875 0.42916666666666664 0.11927083333333334 0.08055555555555556
3 0.9473958333333333 0.4166666666666667 0.10104166666666667 0.07037037037037037
3 0.9651041666666667 0.6592592592592592 0.06979166666666667 0.08148148148148149
2 0.8028645833333333 0.6518518518518519 0.0234375 0.07222222222222222
3 0.7302083333333333 0.6310185185185185 0.0375 0.030555555555555555
3 0.565625 0.6606481481481481 0.14375 0.0824074074074074
3 0.7125 0.6324074074074074 0.030208333333333334 0.025925925925925925
3 0.5130208333333334 0.6208333333333333 0.030208333333333334 0.023148148148148147
3 0.47682291666666665 0.6268518518518519 0.009895833333333333 0.012962962962962963
3 0.3921875 0.6337962962962963 0.016666666666666666 0.021296296296296296
3 0.40208333333333335 0.6319444444444444 0.0125 0.021296296296296296
3 0.421875 0.6310185185185185 0.016666666666666666 0.023148148148148147
4 0.18203125 0.611574074074074 0.0828125 0.09351851851851851
