3 0.37005208333333334 0.6550925925925926 0.028645833333333332 0.03981481481481482
3 0.4440104166666667 0.6208333333333333 0.009895833333333333 0.012037037037037037
4 0.459375 0.6129629629629629 0.0125 0.025925925925925925
3 0.478125 0.6337962962962963 0.009375 0.017592592592592594
5 0.48046875 0.6236111111111111 0.011979166666666667 0.028703703703703703
3 0.49557291666666664 0.6287037037037037 0.008854166666666666 0.012962962962962963
4 0.5125 0.6240740740740741 0.016666666666666666 0.03333333333333333
4 0.52421875 0.6171296296296296 0.0109375 0.032407407407407406
3 0.5255208333333333 0.6277777777777778 0.009375 0.014814814814814815
5 0.5395833333333333 0.6287037037037037 0.019791666666666666 0.037037037037037035
