1 0.66953125 0.6578703703703703 0.013020833333333334 0.05277777777777778
3 0.6502604166666667 0.6532407407407408 0.058854166666666666 0.03611111111111111
1 0.5994791666666667 0.662962962962963 0.0125 0.06111111111111111
3 0.5026041666666666 0.6472222222222223 0.019791666666666666 0.037037037037037035
3 0.49713541666666666 0.6569444444444444 0.028645833333333332 0.041666666666666664
3 0.47291666666666665 0.6509259259259259 0.020833333333333332 0.03333333333333333
4 0.46848958333333335 0.6240740740740741 0.027604166666666666 0.07222222222222222
3 0.3880208333333333 0.6402777777777777 0.03229166666666667 0.021296296296296296
4 0.36822916666666666 0.6319444444444444 0.040625 0.08611111111111111
2 0.33541666666666664 0.6467592592592593 0.008333333333333333 0.030555555555555555
3 0.06692708333333333 0.6902777777777778 0.13385416666666666 0.27870370370370373
