3 0.13177083333333334 0.7796296296296297 0.2635416666666667 0.44074074074074077
4 0.140625 0.6064814814814815 0.10833333333333334 0.14074074074074075
3 0.21354166666666666 0.6527777777777778 0.09583333333333334 0.08333333333333333
3 0.30182291666666666 0.6671296296296296 0.1578125 0.24166666666666667
5 0.3697916666666667 0.6240740740740741 0.09166666666666666 0.1425925925925926
3 0.4083333333333333 0.6712962962962963 0.065625 0.0962962962962963
3 0.45026041666666666 0.6620370370370371 0.04010416666666667 0.06111111111111111
3 0.48125 0.6532407407407408 0.027083333333333334 0.04351851851851852
3 0.49453125 0.6472222222222223 0.009895833333333333 0.016666666666666666
3 0.50703125 0.6527777777777778 0.018229166666666668 0.027777777777777776
3 0.6421875 0.6652777777777777 0.04375 0.03425925925925926
2 0.6708333333333333 0.6791666666666667 0.01875 0.05648148148148148
3 0.7463541666666667 0.6587962962962963 0.058333333333333334 0.05462962962962963
3 0.55859375 0.6578703703703703 0.0390625 0.028703703703703703
