3 0.8838541666666667 0.7777777777777778 0.22916666666666666 0.44074074074074077
3 0.7770833333333333 0.7097222222222223 0.234375 0.3435185185185185
3 0.66875 0.7203703703703703 0.10208333333333333 0.15555555555555556
3 0.6236979166666666 0.6962962962962963 0.07447916666666667 0.12037037037037036
3 0.5955729166666667 0.6902777777777778 0.05364583333333333 0.08425925925925926
3 0.5802083333333333 0.6851851851851852 0.04479166666666667 0.07222222222222222
3 0.36015625 0.6884259259259259 0.13072916666666667 0.18981481481481483
1 0.17734375 0.6555555555555556 0.0140625 0.07222222222222222
1 0.10286458333333333 0.6560185185185186 0.0078125 0.06759259259259259
1 0.09348958333333333 0.65 0.009895833333333333 0.06666666666666667
