3 0.0828125 0.7027777777777777 0.14583333333333334 0.13333333333333333
3 0.23854166666666668 0.6814814814814815 0.059375 0.07407407407407407
3 0.2864583333333333 0.6796296296296296 0.096875 0.13333333333333333
3 0.32473958333333336 0.6828703703703703 0.04114583333333333 0.06759259259259259
3 0.34713541666666664 0.674537037037037 0.0296875 0.03796296296296296
3 0.37265625 0.6703703703703704 0.04010416666666667 0.05925925925925926
3 0.3848958333333333 0.6643518518518519 0.023958333333333335 0.03425925925925926
3 0.39921875 0.6620370370370371 0.015104166666666667 0.020370370370370372
3 0.5239583333333333 0.7550925925925925 0.2677083333333333 0.44351851851851853
3 0.9140625 0.8134259259259259 0.16979166666666667 0.3712962962962963
