3 0.28046875 0.6513888888888889 0.04114583333333333 0.041666666666666664
3 0.3033854166666667 0.6430555555555556 0.03177083333333333 0.04722222222222222
3 0.33489583333333334 0.6509259259259259 0.035416666666666666 0.04259259259259259
3 0.35546875 0.6449074074074074 0.030729166666666665 0.04537037037037037
3 0.4078125 0.6569444444444444 0.04895833333333333 0.058333333333333334
3 0.40130208333333334 0.6287037037037037 0.018229166666666668 0.03148148148148148
3 0.5078125 0.6398148148148148 0.014583333333333334 0.024074074074074074
3 0.6098958333333333 0.6773148148148148 0.09791666666666667 0.08981481481481482
2 0.6877604166666667 0.6694444444444444 0.018229166666666668 0.05555555555555555
3 0.84375 0.7 0.15208333333333332 0.10740740740740741
