3 0.14296875 0.6453703703703704 0.0484375 0.05555555555555555
3 0.20703125 0.6509259259259259 0.034895833333333334 0.03518518518518519
3 0.22838541666666667 0.6472222222222223 0.024479166666666666 0.037037037037037035
3 0.2838541666666667 0.6550925925925926 0.04375 0.05092592592592592
3 0.39140625 0.6509259259259259 0.013020833333333334 0.014814814814814815
3 0.40859375 0.6481481481481481 0.0078125 0.012962962962962963
4 0.45390625 0.6175925925925926 0.09114583333333333 0.23148148148148148
3 0.5088541666666667 0.6537037037037037 0.016666666666666666 0.022222222222222223
3 0.5796875 0.6601851851851852 0.041666666666666664 0.08148148148148149
3 0.5578125 0.6759259259259259 0.06875 0.1037037037037037
3 0.6447916666666667 0.6643518518518519 0.041666666666666664 0.0712962962962963
1 0.61015625 0.6537037037037037 0.005729166666666666 0.03148148148148148
3 0.6299479166666667 0.6467592592592593 0.013020833333333334 0.019444444444444445
5 0.8229166666666666 0.6037037037037037 0.35520833333333335 0.4388888888888889
