3 0.03619791666666667 0.6587962962962963 0.07239583333333334 0.16203703703703703
3 0.8330729166666667 0.711574074074074 0.2869791666666667 0.28055555555555556
3 0.6395833333333333 0.649074074074074 0.09791666666666667 0.12222222222222222
3 0.5966145833333333 0.611574074074074 0.028645833333333332 0.05092592592592592
3 0.5114583333333333 0.6782407407407407 0.16666666666666666 0.25277777777777777
4 0.48854166666666665 0.5787037037037037 0.07291666666666667 0.14074074074074075
3 0.3953125 0.6092592592592593 0.023958333333333335 0.03518518518518519
3 0.43385416666666665 0.6046296296296296 0.013541666666666667 0.018518518518518517
3 0.40546875 0.600462962962963 0.019270833333333334 0.032407407407407406
2 0.9677083333333333 0.6412037037037037 0.027083333333333334 0.06018518518518518
3 0.93203125 0.6189814814814815 0.0390625 0.03425925925925926
4 0.9471354166666667 0.5981481481481481 0.07239583333333334 0.07777777777777778
