1 0.06276041666666667 0.5726851851851852 0.025520833333333333 0.09722222222222222
1 0.09114583333333333 0.5787037037037037 0.025 0.08888888888888889
2 0.334375 0.5995370370370371 0.013541666666666667 0.04351851851851852
3 0.3690104166666667 0.6032407407407407 0.0390625 0.05648148148148148
3 0.3997395833333333 0.5990740740740741 0.011979166666666667 0.018518518518518517
3 0.41796875 0.5995370370370371 0.0140625 0.021296296296296296
2 0.4544270833333333 0.6138888888888889 0.024479166666666666 0.07962962962962963
2 0.48385416666666664 0.6282407407407408 0.019791666666666666 0.08796296296296297
1 0.5072916666666667 0.6282407407407408 0.016666666666666666 0.07314814814814814
3 0.5145833333333333 0.624537037037037 0.051041666666666666 0.0787037037037037
4 0.48125 0.5925925925925926 0.03854166666666667 0.08333333333333333
1 0.5760416666666667 0.6212962962962963 0.0125 0.05185185185185185
1 0.5518229166666667 0.6125 0.011979166666666667 0.05092592592592592
2 0.5880208333333333 0.6203703703703703 0.013541666666666667 0.06666666666666667
1 0.63203125 0.6319444444444444 0.0171875 0.06388888888888888
1 0.61796875 0.6259259259259259 0.018229166666666668 0.06851851851851852
1 0.6520833333333333 0.6268518518518519 0.014583333333333334 0.06666666666666667
3 0.6611979166666667 0.6273148148148148 0.08489583333333334 0.05462962962962963
1 0.6927083333333334 0.6314814814814815 0.015625 0.07407407407407407
1 0.6830729166666667 0.6291666666666667 0.0140625 0.06944444444444445
1 0.7729166666666667 0.6962962962962963 0.042708333333333334 0.25
1 0.8247395833333333 0.6768518518518518 0.03802083333333333 0.18333333333333332
1 0.9505208333333334 0.6754629629629629 0.03333333333333333 0.1638888888888889
