4 0.09010416666666667 0.5615740740740741 0.07708333333333334 0.08055555555555556
4 0.20260416666666667 0.5634259259259259 0.05 0.05648148148148148
4 0.30911458333333336 0.5625 0.030729166666666665 0.03981481481481482
3 0.31875 0.6083333333333333 0.05 0.06851851851851852
4 0.35859375 0.562037037037037 0.0171875 0.022222222222222223
3 0.3796875 0.5666666666666667 0.0125 0.020370370370370372
3 0.3651041666666667 0.5921296296296297 0.025 0.030555555555555555
3 0.40651041666666665 0.5847222222222223 0.015104166666666667 0.021296296296296296
3 0.43723958333333335 0.5810185185185185 0.0109375 0.01574074074074074
4 0.45338541666666665 0.5773148148148148 0.0234375 0.05648148148148148
4 0.46796875 0.5703703703703704 0.0140625 0.03333333333333333
3 0.48385416666666664 0.5796296296296296 0.0125 0.025925925925925925
3 0.46536458333333336 0.5842592592592593 0.0109375 0.018518518518518517
