2 0.80859375 0.7 0.04010416666666667 0.1111111111111111
2 0.7802083333333333 0.6953703703703704 0.03229166666666667 0.09444444444444444
1 0.7544270833333333 0.674537037037037 0.0140625 0.075
1 0.73671875 0.6699074074074074 0.015104166666666667 0.06574074074074074
1 0.6526041666666667 0.6504629629629629 0.009375 0.04722222222222222
2 0.5981770833333333 0.6462962962962963 0.0078125 0.03518518518518519
1 0.5846354166666666 0.6435185185185185 0.0078125 0.03333333333333333
3 0.5182291666666666 0.6287037037037037 0.0125 0.020370370370370372
4 0.49505208333333334 0.6138888888888889 0.0265625 0.06851851851851852
1 0.384375 0.637962962962963 0.00625 0.022222222222222223
2 0.3736979166666667 0.6412037037037037 0.0078125 0.028703703703703703
2 0.31302083333333336 0.6486111111111111 0.010416666666666666 0.04537037037037037
1 0.24739583333333334 0.6481481481481481 0.014583333333333334 0.07222222222222222
1 0.14427083333333332 0.6574074074074074 0.009375 0.05185185185185185
3 0.19036458333333334 0.6578703703703703 0.09322916666666667 0.04722222222222222
