1 0.01484375 0.6712962962962963 0.0171875 0.10185185185185185
3 0.33828125 0.6578703703703703 0.028645833333333332 0.019444444444444445
3 0.38125 0.6689814814814815 0.028125 0.03981481481481482
3 0.4546875 0.6782407407407407 0.051041666666666666 0.0787037037037037
3 0.43359375 0.6560185185185186 0.0109375 0.019444444444444445
3 0.4044270833333333 0.662962962962963 0.016145833333333335 0.027777777777777776
2 0.49947916666666664 0.6597222222222222 0.007291666666666667 0.023148148148148147
2 0.59921875 0.6768518518518518 0.022395833333333334 0.09814814814814815
3 0.86171875 0.6569444444444444 0.13697916666666668 0.11574074074074074
3 0.9752604166666666 0.625 0.04739583333333333 0.21666666666666667
