4 0.7002604166666667 0.6375 0.06302083333333333 0.11574074074074074
5 0.4825520833333333 0.6583333333333333 0.027604166666666666 0.05555555555555555
3 0.43671875 0.6638888888888889 0.008854166666666666 0.012962962962962963
3 0.4270833333333333 0.6754629629629629 0.025 0.032407407407407406
3 0.4161458333333333 0.6689814814814815 0.017708333333333333 0.030555555555555555
3 0.40338541666666666 0.6763888888888889 0.024479166666666666 0.028703703703703703
3 0.3859375 0.6666666666666666 0.01875 0.03888888888888889
3 0.36796875 0.6800925925925926 0.027604166666666666 0.03425925925925926
3 0.22265625 0.6967592592592593 0.07760416666666667 0.0787037037037037
4 0.10208333333333333 0.6800925925925926 0.20416666666666666 0.2212962962962963
