1 0.15442708333333333 0.7101851851851851 0.08385416666666666 0.3037037037037037
3 0.06953125 0.6722222222222223 0.13697916666666668 0.12962962962962962
5 0.16640625 0.6393518518518518 0.2682291666666667 0.14351851851851852
3 0.24791666666666667 0.6722222222222223 0.125 0.07962962962962963
3 0.3614583333333333 0.6657407407407407 0.16041666666666668 0.11851851851851852
3 0.4869791666666667 0.6592592592592592 0.022916666666666665 0.02962962962962963
2 0.690625 0.6949074074074074 0.09895833333333333 0.16203703703703703
3 0.7268229166666667 0.649537037037037 0.19947916666666668 0.16574074074074074
3 0.87734375 0.6689814814814815 0.1171875 0.07685185185185185
3 0.95078125 0.6703703703703704 0.09739583333333333 0.09074074074074075
