1 0.032552083333333336 0.6606481481481481 0.022395833333333334 0.11944444444444445
6 0.3067708333333333 0.6712962962962963 0.03125 0.07592592592592592
2 0.3502604166666667 0.6675925925925926 0.018229166666666668 0.03518518518518519
3 0.48125 0.7180555555555556 0.11354166666666667 0.1638888888888889
2 0.5494791666666666 0.6819444444444445 0.010416666666666666 0.049074074074074076
2 0.5583333333333333 0.6796296296296296 0.010416666666666666 0.03888888888888889
3 0.5361979166666667 0.6703703703703704 0.024479166666666666 0.02962962962962963
1 0.8106770833333333 0.7208333333333333 0.021354166666666667 0.11574074074074074
2 0.9578125 0.7685185185185185 0.084375 0.26666666666666666
3 0.9364583333333333 0.6763888888888889 0.04791666666666667 0.03425925925925926
4 0.51953125 0.6513888888888889 0.0109375 0.03425925925925926
