1 0.9690104166666667 0.6134259259259259 0.0109375 0.07314814814814814
1 0.95859375 0.6148148148148148 0.011979166666666667 0.06851851851851852
2 0.9184895833333333 0.6347222222222222 0.044270833333333336 0.0712962962962963
1 0.6619791666666667 0.624537037037037 0.011458333333333333 0.0712962962962963
1 0.6572916666666667 0.6199074074074075 0.0125 0.0824074074074074
1 0.6450520833333333 0.6226851851851852 0.0140625 0.075
2 0.6325520833333333 0.6435185185185185 0.0296875 0.10925925925925926
1 0.62265625 0.6129629629629629 0.013020833333333334 0.06481481481481481
2 0.55390625 0.6319444444444444 0.034895833333333334 0.058333333333333334
3 0.44557291666666665 0.6231481481481481 0.016145833333333335 0.027777777777777776
5 0.4864583333333333 0.612037037037037 0.019791666666666666 0.03888888888888889
3 0.43125 0.6203703703703703 0.008333333333333333 0.012962962962962963
3 0.4200520833333333 0.6203703703703703 0.013020833333333334 0.024074074074074074
3 0.40130208333333334 0.6194444444444445 0.009895833333333333 0.018518518518518517
3 0.4119791666666667 0.6194444444444445 0.007291666666666667 0.011111111111111112
3 0.38307291666666665 0.6203703703703703 0.009895833333333333 0.016666666666666666
3 0.39088541666666665 0.6217592592592592 0.013020833333333334 0.017592592592592594
3 0.36484375 0.6222222222222222 0.016145833333333335 0.024074074074074074
4 0.3494791666666667 0.6203703703703703 0.029166666666666667 0.046296296296296294
3 0.25703125 0.6319444444444444 0.04010416666666667 0.04351851851851852
5 0.12135416666666667 0.500462962962963 0.24375 0.5712962962962963
