3 0.8565104166666667 0.6921296296296297 0.23177083333333334 0.32314814814814813
3 0.73203125 0.6763888888888889 0.1296875 0.16574074074074074
3 0.6768229166666667 0.6546296296296297 0.09947916666666666 0.13148148148148148
1 0.19088541666666667 0.6212962962962963 0.0140625 0.06296296296296296
1 0.17760416666666667 0.6212962962962963 0.010416666666666666 0.06481481481481481
1 0.15755208333333334 0.6263888888888889 0.015104166666666667 0.06574074074074074
1 0.11953125 0.6300925925925925 0.018229166666666668 0.10648148148148148
1 0.10911458333333333 0.6268518518518519 0.0109375 0.0962962962962963
2 0.33619791666666665 0.6412037037037037 0.0203125 0.08796296296296297
3 0.5606770833333333 0.6273148148148148 0.0234375 0.021296296296296296
3 0.63515625 0.649537037037037 0.0546875 0.08981481481481482
3 0.60625 0.6416666666666667 0.04583333333333333 0.06666666666666667
3 0.6018229166666667 0.6287037037037037 0.0390625 0.08518518518518518
