3 0.06145833333333333 0.6467592592592593 0.12291666666666666 0.15648148148148147
2 0.25885416666666666 0.6134259259259259 0.011458333333333333 0.05462962962962963
3 0.3341145833333333 0.6143518518518518 0.044270833333333336 0.03981481481481482
3 0.39869791666666665 0.6643518518518519 0.15989583333333332 0.24351851851851852
3 0.47161458333333334 0.6342592592592593 0.0515625 0.08333333333333333
5 0.5098958333333333 0.6060185185185185 0.035416666666666666 0.07314814814814814
1 0.565625 0.6430555555555556 0.014583333333333334 0.08796296296296297
1 0.5786458333333333 0.6449074074074074 0.015625 0.07314814814814814
1 0.5544270833333333 0.6504629629629629 0.0171875 0.075
2 0.6346354166666667 0.6814814814814815 0.0953125 0.2222222222222222
4 0.88828125 0.6328703703703704 0.21927083333333333 0.3768518518518518
