3 0.37447916666666664 0.6736111111111112 0.10625 0.1287037037037037
3 0.44505208333333335 0.6509259259259259 0.03697916666666667 0.05185185185185185
3 0.4640625 0.6467592592592593 0.025 0.07314814814814814
3 0.5739583333333333 0.7476851851851852 0.25729166666666664 0.375
3 0.17994791666666668 0.6606481481481481 0.016145833333333335 0.08981481481481482
3 0.20572916666666666 0.6597222222222222 0.017708333333333333 0.07314814814814814
3 0.128125 0.6625 0.026041666666666668 0.08611111111111111
3 0.013020833333333334 0.6680555555555555 0.022916666666666665 0.13796296296296295
3 0.03046875 0.6652777777777777 0.019270833333333334 0.14166666666666666
3 0.4203125 0.649537037037037 0.025 0.05462962962962963
3 0.5104166666666666 0.6606481481481481 0.03229166666666667 0.06759259259259259
3 0.5432291666666667 0.6643518518518519 0.041666666666666664 0.07685185185185185
3 0.8888020833333333 0.6726851851851852 0.10677083333333333 0.1175925925925926
3 0.8223958333333333 0.6425925925925926 0.06145833333333333 0.09444444444444444
3 0.7171875 0.6546296296296297 0.09166666666666666 0.05925925925925926
