3 0.11901041666666666 0.7032407407407407 0.23802083333333332 0.3435185185185185
3 0.2546875 0.6314814814814815 0.12291666666666666 0.19814814814814816
3 0.43020833333333336 0.6986111111111111 0.39166666666666666 0.5972222222222222
4 0.43515625 0.47129629629629627 0.1734375 0.3592592592592593
2 0.66171875 0.625 0.015104166666666667 0.06296296296296296
3 0.7455729166666667 0.6212962962962963 0.08489583333333334 0.06481481481481481
2 0.7276041666666667 0.6337962962962963 0.017708333333333333 0.0712962962962963
2 0.78046875 0.6416666666666667 0.0234375 0.1037037037037037
3 0.7817708333333333 0.6259259259259259 0.09895833333333333 0.07222222222222222
3 0.8638020833333333 0.6310185185185185 0.12239583333333333 0.09351851851851851
3 0.9455729166666667 0.6361111111111111 0.1078125 0.11666666666666667
