2 0.6963541666666667 0.725462962962963 0.0375 0.16203703703703703
3 0.5682291666666667 0.6907407407407408 0.065625 0.06296296296296296
3 0.4440104166666667 0.7393518518518518 0.1421875 0.20833333333333334
3 0.2604166666666667 0.6703703703703704 0.10416666666666667 0.07592592592592592
1 0.284375 0.6800925925925926 0.011458333333333333 0.06944444444444445
3 0.21171875 0.675 0.0765625 0.06666666666666667
2 0.15729166666666666 0.7069444444444445 0.030208333333333334 0.14722222222222223
2 0.13385416666666666 0.7125 0.042708333333333334 0.17314814814814813
3 0.0765625 0.6736111111111112 0.128125 0.11944444444444445
3 0.06041666666666667 0.6893518518518519 0.12083333333333333 0.09351851851851851
