3 0.9869791666666666 0.6375 0.025 0.10277777777777777
3 0.9065104166666667 0.6435185185185185 0.1546875 0.09814814814814815
4 0.47552083333333334 0.49444444444444446 0.05625 0.027777777777777776
4 0.33880208333333334 0.49675925925925923 0.04114583333333333 0.030555555555555555
3 0.54296875 0.6208333333333333 0.015104166666666667 0.023148148148148147
2 0.5338541666666666 0.6162037037037037 0.005208333333333333 0.021296296296296296
3 0.5171875 0.6175925925925926 0.015625 0.024074074074074074
4 0.49375 0.6078703703703704 0.017708333333333333 0.03611111111111111
3 0.49192708333333335 0.6185185185185185 0.0140625 0.020370370370370372
3 0.46848958333333335 0.6148148148148148 0.0078125 0.011111111111111112
3 0.4265625 0.6208333333333333 0.020833333333333332 0.025
