3 0.9794270833333333 0.6421296296296296 0.0359375 0.075
3 0.92578125 0.6453703703703704 0.10364583333333334 0.10185185185185185
3 0.83203125 0.6583333333333333 0.1296875 0.11666666666666667
1 0.76484375 0.624537037037037 0.009895833333333333 0.0712962962962963
1 0.7348958333333333 0.625 0.013541666666666667 0.07222222222222222
3 0.5778645833333333 0.6481481481481481 0.18385416666666668 0.11296296296296296
3 0.5033854166666667 0.6310185185185185 0.07135416666666666 0.08055555555555556
3 0.4119791666666667 0.6143518518518518 0.08958333333333333 0.11203703703703703
3 0.3328125 0.6259259259259259 0.06979166666666667 0.09074074074074075
1 0.2916666666666667 0.6305555555555555 0.025 0.11666666666666667
3 0.24010416666666667 0.6157407407407407 0.10208333333333333 0.1
1 0.18880208333333334 0.6231481481481481 0.021354166666666667 0.0962962962962963
1 0.16510416666666666 0.6185185185185185 0.016666666666666666 0.10555555555555556
3 0.17005208333333333 0.6125 0.08489583333333334 0.08981481481481482
3 0.06848958333333334 0.6148148148148148 0.1328125 0.13518518518518519
