4 0.8473958333333333 0.6259259259259259 0.30520833333333336 0.7481481481481481
3 0.5325520833333334 0.5981481481481481 0.0296875 0.05185185185185185
3 0.38984375 0.6037037037037037 0.04010416666666667 0.05
3 0.31588541666666664 0.6055555555555555 0.044270833333333336 0.05925925925925926
3 0.2825520833333333 0.6087962962962963 0.033854166666666664 0.04722222222222222
3 0.3541666666666667 0.5972222222222222 0.023958333333333335 0.03333333333333333
3 0.41302083333333334 0.5875 0.01875 0.03425925925925926
3 0.46536458333333336 0.5763888888888888 0.011979166666666667 0.021296296296296296
5 0.5205729166666667 0.5652777777777778 0.0171875 0.03796296296296296
4 0.4947916666666667 0.5648148148148148 0.015625 0.040740740740740744
4 0.4359375 0.5587962962962963 0.011458333333333333 0.032407407407407406
2 0.028645833333333332 0.6458333333333334 0.029166666666666667 0.06759259259259259
2 0.1703125 0.6134259259259259 0.019791666666666666 0.041666666666666664
2 0.6760416666666667 0.5879629629629629 0.021875 0.037037037037037035
4 0.6544270833333333 0.5833333333333334 0.0140625 0.03333333333333333
