1 0.97578125 0.6023148148148149 0.04635416666666667 0.2657407407407407
2 0.45390625 0.6995370370370371 0.03697916666666667 0.06759259259259259
3 0.41692708333333334 0.6875 0.0140625 0.028703703703703703
3 0.40390625 0.6847222222222222 0.011979166666666667 0.023148148148148147
3 0.38697916666666665 0.6912037037037037 0.01875 0.025
3 0.3515625 0.7027777777777777 0.05625 0.07777777777777778
6 0.3104166666666667 0.6902777777777778 0.014583333333333334 0.04351851851851852
3 0.26458333333333334 0.6930555555555555 0.0375 0.03425925925925926
3 0.2140625 0.6875 0.0375 0.025
2 0.010677083333333334 0.7032407407407407 0.021354166666666667 0.14537037037037037
