5 0.23567708333333334 0.6583333333333333 0.07552083333333333 0.05740740740740741
3 0.284375 0.6648148148148149 0.03854166666666667 0.03148148148148148
3 0.3184895833333333 0.6837962962962963 0.06822916666666666 0.0787037037037037
3 0.35598958333333336 0.6819444444444445 0.04635416666666667 0.0712962962962963
3 0.40078125 0.6800925925925926 0.03697916666666667 0.04722222222222222
2 0.44453125 0.6712962962962963 0.013020833333333334 0.05925925925925926
3 0.48151041666666666 0.6671296296296296 0.043229166666666666 0.032407407407407406
3 0.5046875 0.6611111111111111 0.040625 0.03518518518518519
2 0.54609375 0.6722222222222223 0.016145833333333335 0.03888888888888889
3 0.5276041666666667 0.6541666666666667 0.0125 0.017592592592592594
3 0.74453125 0.7481481481481481 0.23697916666666666 0.3425925925925926
2 0.871875 0.725462962962963 0.078125 0.24722222222222223
3 0.8859375 0.7157407407407408 0.15833333333333333 0.1685185185185185
