3 0.03671875 0.600925925925926 0.0734375 0.10740740740740741
3 0.07838541666666667 0.5916666666666667 0.12864583333333332 0.10185185185185185
3 0.15390625 0.6046296296296296 0.09427083333333333 0.05925925925925926
3 0.25052083333333336 0.5981481481481481 0.075 0.06296296296296296
2 0.33359375 0.6194444444444445 0.0140625 0.05555555555555555
2 0.36744791666666665 0.6180555555555556 0.018229166666666668 0.05092592592592592
3 0.403125 0.6171296296296296 0.03125 0.041666666666666664
4 0.4705729166666667 0.5782407407407407 0.05572916666666667 0.12314814814814815
3 0.44635416666666666 0.612037037037037 0.03125 0.046296296296296294
3 0.46848958333333335 0.624537037037037 0.05260416666666667 0.0824074074074074
3 0.5377604166666666 0.625462962962963 0.03697916666666667 0.04537037037037037
3 0.5973958333333333 0.6402777777777777 0.07708333333333334 0.10648148148148148
