3 0.9526041666666667 0.6231481481481481 0.09270833333333334 0.10555555555555556
3 0.8419270833333333 0.6388888888888888 0.1515625 0.1537037037037037
1 0.6869791666666667 0.6166666666666667 0.010416666666666666 0.06481481481481481
3 0.6252604166666667 0.6175925925925926 0.059895833333333336 0.08148148148148149
3 0.4869791666666667 0.6101851851851852 0.05520833333333333 0.03518518518518519
3 0.44869791666666664 0.6055555555555555 0.0203125 0.024074074074074074
5 0.35833333333333334 0.575 0.08958333333333333 0.15925925925925927
5 0.39921875 0.5912037037037037 0.022395833333333334 0.04722222222222222
3 0.3223958333333333 0.6199074074074075 0.08541666666666667 0.13055555555555556
2 0.24348958333333334 0.6083333333333333 0.019270833333333334 0.040740740740740744
3 0.19817708333333334 0.6055555555555555 0.05364583333333333 0.03888888888888889
