3 0.024739583333333332 0.95 0.049479166666666664 0.09814814814814815
3 0.37838541666666664 0.8828703703703704 0.35885416666666664 0.23425925925925925
3 0.021875 0.6620370370370371 0.04375 0.05740740740740741
3 0.15052083333333333 0.6625 0.12395833333333334 0.06574074074074074
3 0.23515625 0.6365740740740741 0.0203125 0.030555555555555555
3 0.27395833333333336 0.6425925925925926 0.05 0.03518518518518519
3 0.3223958333333333 0.637962962962963 0.06666666666666667 0.046296296296296294
3 0.37526041666666665 0.6324074074074074 0.08802083333333334 0.06481481481481481
3 0.41458333333333336 0.6472222222222223 0.11666666666666667 0.06666666666666667
3 0.5723958333333333 0.6185185185185185 0.07604166666666666 0.04814814814814815
4 0.6494791666666667 0.5879629629629629 0.10208333333333333 0.0962962962962963
3 0.6661458333333333 0.6138888888888889 0.08020833333333334 0.05
3 0.7953125 0.6018518518518519 0.05520833333333333 0.040740740740740744
3 0.83984375 0.5953703703703703 0.07864583333333333 0.05555555555555555
3 0.8895833333333333 0.6046296296296296 0.09895833333333333 0.05740740740740741
3 0.9723958333333333 0.6060185185185185 0.05416666666666667 0.08055555555555556
3 0.9473958333333333 0.5981481481481481 0.058333333333333334 0.06111111111111111
