1 0.8260416666666667 0.600462962962963 0.015625 0.08796296296296297
2 0.72890625 0.6652777777777777 0.0546875 0.1787037037037037
1 0.6721354166666667 0.6402777777777777 0.0234375 0.10092592592592593
3 0.67265625 0.6393518518518518 0.09322916666666667 0.09166666666666666
2 0.6145833333333334 0.6527777777777778 0.03958333333333333 0.16111111111111112
2 0.5802083333333333 0.6398148148148148 0.027083333333333334 0.1
1 0.5489583333333333 0.6259259259259259 0.009375 0.046296296296296294
3 0.4388020833333333 0.6694444444444444 0.12239583333333333 0.19074074074074074
3 0.3848958333333333 0.6291666666666667 0.06354166666666666 0.05092592592592592
2 0.3703125 0.6310185185185185 0.021875 0.06018518518518518
2 0.3455729166666667 0.6282407407407408 0.028645833333333332 0.05648148148148148
2 0.33177083333333335 0.6273148148148148 0.03229166666666667 0.05277777777777778
1 0.08671875 0.6328703703703704 0.015104166666666667 0.075
