5 0.8877604166666667 0.5319444444444444 0.2203125 0.925
1 0.75390625 0.6601851851851852 0.011979166666666667 0.04814814814814815
3 0.6833333333333333 0.6550925925925926 0.017708333333333333 0.026851851851851852
3 0.63828125 0.6726851851851852 0.0859375 0.11944444444444445
3 0.5885416666666666 0.6592592592592592 0.042708333333333334 0.05925925925925926
5 0.5502604166666667 0.6402777777777777 0.033854166666666664 0.06388888888888888
3 0.5130208333333334 0.6703703703703704 0.053125 0.07592592592592592
4 0.5072916666666667 0.6365740740740741 0.021875 0.04537037037037037
3 0.28802083333333334 0.6537037037037037 0.05 0.046296296296296294
3 0.20234375 0.6569444444444444 0.0640625 0.03796296296296296
3 0.11979166666666667 0.6611111111111111 0.10625 0.053703703703703705
2 0.13072916666666667 0.6726851851851852 0.03229166666666667 0.07685185185185185
3 0.07421875 0.6550925925925926 0.05260416666666667 0.03796296296296296
3 0.034895833333333334 0.6546296296296297 0.058333333333333334 0.040740740740740744
