5 0.05364583333333333 0.6134259259259259 0.11041666666666666 0.13055555555555556
5 0.17838541666666666 0.6171296296296296 0.1640625 0.10833333333333334
3 0.2859375 0.6416666666666667 0.10208333333333333 0.08148148148148149
3 0.33984375 0.6365740740740741 0.03177083333333333 0.03981481481481482
5 0.3419270833333333 0.6203703703703703 0.0390625 0.06111111111111111
3 0.37109375 0.6356481481481482 0.0390625 0.049074074074074076
3 0.42604166666666665 0.6527777777777778 0.065625 0.09259259259259259
3 0.47890625 0.6717592592592593 0.09114583333333333 0.1527777777777778
3 0.52890625 0.6458333333333334 0.06927083333333334 0.05462962962962963
3 0.5473958333333333 0.637962962962963 0.06875 0.05555555555555555
3 0.6411458333333333 0.6902777777777778 0.109375 0.1527777777777778
3 0.7807291666666667 0.7226851851851852 0.290625 0.33055555555555555
