1 0.8828125 0.6754629629629629 0.014583333333333334 0.07314814814814814
2 0.7765625 0.6810185185185185 0.017708333333333333 0.06944444444444445
3 0.6575520833333334 0.6805555555555556 0.07135416666666666 0.07592592592592592
3 0.57578125 0.674537037037037 0.06197916666666667 0.08055555555555556
3 0.48802083333333335 0.6685185185185185 0.059375 0.08518518518518518
3 0.46041666666666664 0.6532407407407408 0.015625 0.021296296296296296
3 0.4510416666666667 0.6504629629629629 0.011458333333333333 0.01574074074074074
2 0.41901041666666666 0.6541666666666667 0.04010416666666667 0.06388888888888888
3 0.36302083333333335 0.65 0.028125 0.05185185185185185
4 0.38385416666666666 0.6476851851851851 0.05520833333333333 0.049074074074074076
