3 0.24427083333333333 0.6203703703703703 0.01875 0.024074074074074074
3 0.28984375 0.6171296296296296 0.013020833333333334 0.021296296296296296
5 0.29322916666666665 0.6078703703703704 0.05416666666666667 0.026851851851851852
3 0.33098958333333334 0.6111111111111112 0.018229166666666668 0.027777777777777776
2 0.3625 0.6166666666666667 0.005208333333333333 0.016666666666666666
3 0.39921875 0.6273148148148148 0.06197916666666667 0.09907407407407408
2 0.5552083333333333 0.649537037037037 0.08854166666666667 0.14537037037037037
1 0.71640625 0.6282407407407408 0.0234375 0.14907407407407408
1 0.69140625 0.6476851851851851 0.030729166666666665 0.17685185185185184
1 0.8674479166666667 0.6476851851851851 0.03697916666666667 0.13796296296296295
1 0.88359375 0.6277777777777778 0.033854166666666664 0.1388888888888889
