3 0.21588541666666666 0.7148148148148148 0.21302083333333333 0.2462962962962963
2 0.071875 0.6800925925925926 0.034375 0.09351851851851851
3 0.37083333333333335 0.7060185185185185 0.06979166666666667 0.08425925925925926
5 0.42526041666666664 0.674074074074074 0.05572916666666667 0.1037037037037037
3 0.31666666666666665 0.700462962962963 0.036458333333333336 0.06018518518518518
3 0.4622395833333333 0.6935185185185185 0.021354166666666667 0.037037037037037035
3 0.5403645833333334 0.700925925925926 0.027604166666666666 0.053703703703703705
3 0.5966145833333333 0.7101851851851851 0.0421875 0.05740740740740741
3 0.728125 0.7402777777777778 0.17083333333333334 0.2064814814814815
1 0.85625 0.7328703703703704 0.015625 0.08425925925925926
6 0.93984375 0.7398148148148148 0.06510416666666667 0.12037037037037036
3 0.48411458333333335 0.6967592592592593 0.0171875 0.028703703703703703
3 0.5255208333333333 0.6990740740740741 0.014583333333333334 0.02962962962962963
