3 0.5276041666666667 0.6861111111111111 0.046875 0.06851851851851852
5 0.5729166666666666 0.6606481481481481 0.058333333333333334 0.049074074074074076
2 0.6075520833333333 0.6712962962962963 0.009895833333333333 0.04259259259259259
2 0.6276041666666666 0.6814814814814815 0.0125 0.05
1 0.6494791666666667 0.6898148148148148 0.023958333333333335 0.1
1 0.6885416666666667 0.6898148148148148 0.014583333333333334 0.07592592592592592
1 0.6786458333333333 0.6814814814814815 0.010416666666666666 0.05555555555555555
1 0.8244791666666667 0.6949074074074074 0.01875 0.0787037037037037
2 0.9143229166666667 0.7027777777777777 0.049479166666666664 0.08148148148148149
2 0.9627604166666667 0.7050925925925926 0.03802083333333333 0.07314814814814814
