3 0.019010416666666665 0.6726851851851852 0.03802083333333333 0.175
1 0.071875 0.6087962962962963 0.016666666666666666 0.09537037037037037
3 0.1390625 0.6333333333333333 0.11041666666666666 0.1111111111111111
3 0.24583333333333332 0.6546296296296297 0.13541666666666666 0.1574074074074074
3 0.32135416666666666 0.6166666666666667 0.029166666666666667 0.03518518518518519
2 0.37083333333333335 0.6162037037037037 0.0125 0.041666666666666664
3 0.38828125 0.6101851851851852 0.0109375 0.020370370370370372
2 0.35963541666666665 0.6125 0.0067708333333333336 0.028703703703703703
5 0.4153645833333333 0.6032407407407407 0.011979166666666667 0.028703703703703703
3 0.42161458333333335 0.6129629629629629 0.022395833333333334 0.020370370370370372
3 0.4513020833333333 0.6148148148148148 0.0265625 0.016666666666666666
3 0.4671875 0.6152777777777778 0.00625 0.023148148148148147
2 0.4830729166666667 0.6171296296296296 0.0067708333333333336 0.032407407407407406
3 0.48463541666666665 0.6152777777777778 0.022395833333333334 0.023148148148148147
2 0.5140625 0.6314814814814815 0.020833333333333332 0.07777777777777778
3 0.5572916666666666 0.6134259259259259 0.03854166666666667 0.026851851851851852
3 0.6041666666666666 0.611574074074074 0.046875 0.04351851851851852
3 0.6385416666666667 0.6444444444444445 0.09375 0.11481481481481481
3 0.8778645833333333 0.6759259259259259 0.24427083333333333 0.2574074074074074
