3 0.08125 0.7064814814814815 0.1625 0.32037037037037036
2 0.23385416666666667 0.6550925925925926 0.01875 0.04722222222222222
3 0.2518229166666667 0.649074074074074 0.0640625 0.040740740740740744
3 0.2828125 0.6472222222222223 0.042708333333333334 0.03148148148148148
3 0.3028645833333333 0.6476851851851851 0.04114583333333333 0.028703703703703703
3 0.37395833333333334 0.6509259259259259 0.041666666666666664 0.027777777777777776
3 0.4609375 0.6550925925925926 0.034375 0.049074074074074076
3 0.5424479166666667 0.6518518518518519 0.015104166666666667 0.022222222222222223
3 0.7635416666666667 0.6666666666666666 0.078125 0.03888888888888889
1 0.8471354166666667 0.6680555555555555 0.008854166666666666 0.04722222222222222
