1 0.9932291666666667 0.6472222222222223 0.011458333333333333 0.06111111111111111
1 0.9807291666666667 0.649074074074074 0.010416666666666666 0.05925925925925926
2 0.9171875 0.6657407407407407 0.016666666666666666 0.07222222222222222
3 0.89609375 0.6550925925925926 0.0453125 0.032407407407407406
3 0.8666666666666667 0.6523148148148148 0.015625 0.028703703703703703
3 0.8513020833333333 0.6583333333333333 0.025520833333333333 0.04814814814814815
3 0.8338541666666667 0.6643518518518519 0.05 0.06388888888888888
3 0.80546875 0.6537037037037037 0.022395833333333334 0.03518518518518519
2 0.78984375 0.6662037037037037 0.027604166666666666 0.11018518518518519
2 0.7325520833333333 0.6564814814814814 0.015104166666666667 0.05
3 0.6942708333333333 0.6449074074074074 0.034375 0.028703703703703703
3 0.6713541666666667 0.6421296296296296 0.0375 0.03425925925925926
3 0.6484375 0.6393518518518518 0.04895833333333333 0.04351851851851852
3 0.6239583333333333 0.6412037037037037 0.053125 0.04351851851851852
3 0.6200520833333333 0.6435185185185185 0.05260416666666667 0.04259259259259259
1 0.6234375 0.6402777777777777 0.011458333333333333 0.05277777777777778
1 0.6127604166666667 0.6393518518518518 0.0078125 0.04722222222222222
3 0.5572916666666666 0.6439814814814815 0.057291666666666664 0.05462962962962963
3 0.44036458333333334 0.637962962962963 0.0765625 0.06296296296296296
3 0.42526041666666664 0.6388888888888888 0.0859375 0.06851851851851852
1 0.4153645833333333 0.6416666666666667 0.0203125 0.08703703703703704
3 0.35625 0.6351851851851852 0.103125 0.07592592592592592
3 0.31223958333333335 0.6351851851851852 0.10885416666666667 0.07962962962962963
2 0.31197916666666664 0.6370370370370371 0.041666666666666664 0.1111111111111111
1 0.28541666666666665 0.6365740740740741 0.023958333333333335 0.125
3 0.23619791666666667 0.6189814814814815 0.12447916666666667 0.11018518518518519
3 0.15677083333333333 0.6268518518518519 0.11875 0.1
1 0.13177083333333334 0.5902777777777778 0.014583333333333334 0.08611111111111111
1 0.06276041666666667 0.625462962962963 0.0390625 0.1398148148148148
3 0.07291666666666667 0.6013888888888889 0.14583333333333334 0.15833333333333333
2 0.025260416666666667 0.6791666666666667 0.0515625 0.24351851851851852
