2 0.10885416666666667 0.6407407407407407 0.028125 0.06481481481481481
2 0.1703125 0.6416666666666667 0.022916666666666665 0.06851851851851852
4 0.44635416666666666 0.5324074074074074 0.07395833333333333 0.025925925925925925
3 0.5385416666666667 0.6217592592592592 0.009375 0.01574074074074074
3 0.55234375 0.624537037037037 0.008854166666666666 0.013888888888888888
3 0.5432291666666667 0.6277777777777778 0.014583333333333334 0.020370370370370372
3 0.5291666666666667 0.6231481481481481 0.0125 0.020370370370370372
4 0.5127604166666667 0.6157407407407407 0.011979166666666667 0.027777777777777776
3 0.5111979166666667 0.6231481481481481 0.0109375 0.016666666666666666
1 0.5864583333333333 0.6337962962962963 0.010416666666666666 0.05092592592592592
5 0.44375 0.6092592592592593 0.03854166666666667 0.07222222222222222
3 0.6653645833333334 0.6305555555555555 0.05572916666666667 0.040740740740740744
3 0.7296875 0.6282407407407408 0.053125 0.041666666666666664
1 0.7619791666666667 0.6263888888888889 0.009375 0.04351851851851852
1 0.7919270833333333 0.6472222222222223 0.0171875 0.07962962962962963
4 0.9109375 0.5958333333333333 0.178125 0.19166666666666668
