3 0.5140625 0.7314814814814815 0.20104166666666667 0.29074074074074074
3 0.0078125 0.6300925925925925 0.014583333333333334 0.06574074074074074
3 0.03229166666666667 0.638425925925926 0.03333333333333333 0.049074074074074076
3 0.08151041666666667 0.6347222222222222 0.04010416666666667 0.05648148148148148
3 0.12630208333333334 0.6356481481481482 0.03802083333333333 0.05277777777777778
1 0.16067708333333333 0.6351851851851852 0.008854166666666666 0.044444444444444446
3 0.15833333333333333 0.6370370370370371 0.0375 0.037037037037037035
1 0.3190104166666667 0.6481481481481481 0.008854166666666666 0.05185185185185185
1 0.6489583333333333 0.6587962962962963 0.020833333333333332 0.09722222222222222
2 0.9450520833333333 0.6722222222222223 0.021354166666666667 0.08148148148148149
3 0.9841145833333333 0.6652777777777777 0.03177083333333333 0.06944444444444445
1 0.6950520833333333 0.6550925925925926 0.0109375 0.04722222222222222
1 0.7080729166666667 0.65 0.0109375 0.05
3 0.10546875 0.6365740740740741 0.0390625 0.03796296296296296
