2 0.8916666666666667 0.6861111111111111 0.036458333333333336 0.09444444444444444
2 0.7252604166666666 0.6902777777777778 0.0171875 0.04351851851851852
3 0.5104166666666666 0.6916666666666667 0.03333333333333333 0.05185185185185185
3 0.46197916666666666 0.7347222222222223 0.12708333333333333 0.1824074074074074
4 0.4544270833333333 0.6550925925925926 0.043229166666666666 0.0787037037037037
3 0.40286458333333336 0.6925925925925925 0.022395833333333334 0.03518518518518519
3 0.3848958333333333 0.6939814814814815 0.016666666666666666 0.026851851851851852
3 0.37213541666666666 0.6958333333333333 0.0265625 0.032407407407407406
2 0.278125 0.7018518518518518 0.0125 0.037037037037037035
2 0.26510416666666664 0.7046296296296296 0.0125 0.03518518518518519
3 0.08723958333333333 0.7092592592592593 0.1109375 0.10925925925925926
