5 0.06041666666666667 0.5560185185185185 0.12083333333333333 0.562037037037037
3 0.1921875 0.6712962962962963 0.13125 0.15555555555555556
3 0.31223958333333335 0.687037037037037 0.17135416666666667 0.21666666666666667
4 0.37395833333333334 0.6157407407407407 0.11979166666666667 0.2574074074074074
3 0.43776041666666665 0.6694444444444444 0.059895833333333336 0.08888888888888889
5 0.4440104166666667 0.6314814814814815 0.06614583333333333 0.12407407407407407
3 0.5 0.6513888888888889 0.019791666666666666 0.028703703703703703
3 0.478125 0.6513888888888889 0.016666666666666666 0.028703703703703703
3 0.48776041666666664 0.6421296296296296 0.011979166666666667 0.021296296296296296
2 0.5723958333333333 0.6620370370370371 0.009375 0.03333333333333333
2 0.6515625 0.6865740740740741 0.019791666666666666 0.0712962962962963
