3 0.05234375 0.7435185185185185 0.10364583333333334 0.22962962962962963
1 0.09869791666666666 0.6462962962962963 0.024479166666666666 0.10185185185185185
1 0.08046875 0.6620370370370371 0.016145833333333335 0.08888888888888889
1 0.15989583333333332 0.6541666666666667 0.021875 0.09722222222222222
1 0.17734375 0.6587962962962963 0.019270833333333334 0.10277777777777777
3 0.20338541666666668 0.6773148148148148 0.09739583333333333 0.10462962962962963
3 0.26484375 0.7314814814814815 0.1578125 0.18703703703703703
3 0.26276041666666666 0.6388888888888888 0.07239583333333334 0.07962962962962963
2 0.36822916666666666 0.6185185185185185 0.014583333333333334 0.037037037037037035
3 0.415625 0.6018518518518519 0.015625 0.027777777777777776
3 0.4348958333333333 0.6092592592592593 0.035416666666666666 0.02962962962962963
3 0.45598958333333334 0.5958333333333333 0.011979166666666667 0.017592592592592594
3 0.48541666666666666 0.5921296296296297 0.01875 0.019444444444444445
3 0.7151041666666667 0.6171296296296296 0.06458333333333334 0.04537037037037037
3 0.81171875 0.6231481481481481 0.11822916666666666 0.1259259259259259
3 0.9302083333333333 0.65 0.13125 0.13703703703703704
4 0.9567708333333333 0.6527777777777778 0.08541666666666667 0.20925925925925926
