3 0.0890625 0.7333333333333333 0.17708333333333334 0.18518518518518517
1 0.21510416666666668 0.7027777777777777 0.017708333333333333 0.08333333333333333
3 0.29791666666666666 0.7074074074074074 0.07395833333333333 0.08703703703703704
3 0.3453125 0.6888888888888889 0.03229166666666667 0.044444444444444446
3 0.3815104166666667 0.6865740740740741 0.04010416666666667 0.062037037037037036
5 0.4125 0.6888888888888889 0.03125 0.040740740740740744
5 0.41067708333333336 0.6620370370370371 0.0421875 0.07777777777777778
5 0.4421875 0.6675925925925926 0.034375 0.05740740740740741
3 0.44609375 0.6842592592592592 0.022395833333333334 0.03148148148148148
3 0.51640625 0.7217592592592592 0.09947916666666666 0.16944444444444445
3 0.6981770833333333 0.7527777777777778 0.14114583333333333 0.1648148148148148
2 0.7880208333333333 0.7333333333333333 0.03125 0.10925925925925926
2 0.84921875 0.7379629629629629 0.033854166666666664 0.12037037037037036
2 0.8630208333333333 0.7453703703703703 0.04375 0.13148148148148148
2 0.9114583333333334 0.7453703703703703 0.04375 0.14444444444444443
2 0.9786458333333333 0.7601851851851852 0.042708333333333334 0.20555555555555555
