3 0.011197916666666667 0.5925925925925926 0.021354166666666667 0.04814814814814815
3 0.12578125 0.6087962962962963 0.0328125 0.041666666666666664
3 0.16015625 0.6050925925925926 0.024479166666666666 0.03611111111111111
4 0.1734375 0.5898148148148148 0.03125 0.02962962962962963
3 0.1796875 0.5986111111111111 0.013541666666666667 0.017592592592592594
3 0.19192708333333333 0.6018518518518519 0.011979166666666667 0.016666666666666666
3 0.20807291666666666 0.5990740740740741 0.0171875 0.037037037037037035
3 0.21692708333333333 0.6083333333333333 0.025520833333333333 0.03888888888888889
3 0.23489583333333333 0.600925925925926 0.010416666666666666 0.018518518518518517
1 0.25338541666666664 0.6453703703703704 0.043229166666666666 0.27037037037037037
1 0.30416666666666664 0.6773148148148148 0.03125 0.11018518518518519
1 0.34375 0.6439814814814815 0.040625 0.16944444444444445
1 0.35442708333333334 0.6106481481481482 0.019270833333333334 0.09537037037037037
3 0.40234375 0.6055555555555555 0.05364583333333333 0.05925925925925926
3 0.428125 0.6291666666666667 0.071875 0.10833333333333334
3 0.5020833333333333 0.6083333333333333 0.078125 0.06851851851851852
1 0.50078125 0.6152777777777778 0.016145833333333335 0.08796296296296297
1 0.5231770833333333 0.6185185185185185 0.013020833333333334 0.09259259259259259
1 0.565625 0.6370370370370371 0.026041666666666668 0.15185185185185185
1 0.5447916666666667 0.6574074074074074 0.011458333333333333 0.06111111111111111
1 0.5953125 0.6375 0.035416666666666666 0.14537037037037037
1 0.60546875 0.5995370370370371 0.009895833333333333 0.0787037037037037
3 0.7921875 0.6287037037037037 0.20208333333333334 0.17407407407407408
3 0.88671875 0.6277777777777778 0.19322916666666667 0.20555555555555555
3 0.98046875 0.6513888888888889 0.0390625 0.16574074074074074
