2 0.04869791666666667 0.6611111111111111 0.0546875 0.1537037037037037
3 0.41119791666666666 0.6078703703703704 0.027604166666666666 0.03611111111111111
3 0.4752604166666667 0.6027777777777777 0.024479166666666666 0.03333333333333333
3 0.45 0.6277777777777778 0.06354166666666666 0.09259259259259259
2 0.5096354166666667 0.649074074074074 0.0390625 0.13518518518518519
3 0.5520833333333334 0.6087962962962963 0.027083333333333334 0.03981481481481482
3 0.565625 0.6175925925925926 0.0375 0.05
3 0.5825520833333333 0.6217592592592592 0.0515625 0.06388888888888888
1 0.6611979166666667 0.6337962962962963 0.022395833333333334 0.09351851851851851
2 0.68984375 0.649537037037037 0.04114583333333333 0.1361111111111111
3 0.7981770833333334 0.6574074074074074 0.1390625 0.14444444444444443
2 0.9489583333333333 0.7324074074074074 0.10208333333333333 0.40925925925925927
