4 0.125 0.5657407407407408 0.057291666666666664 0.05185185185185185
4 0.2791666666666667 0.5689814814814815 0.022916666666666665 0.026851851851851852
4 0.3651041666666667 0.5657407407407408 0.022916666666666665 0.025925925925925925
3 0.34817708333333336 0.5944444444444444 0.028645833333333332 0.03148148148148148
3 0.37161458333333336 0.5888888888888889 0.018229166666666668 0.025925925925925925
3 0.39166666666666666 0.625 0.05625 0.08148148148148149
4 0.3854166666666667 0.5699074074074074 0.016666666666666666 0.019444444444444445
3 0.42109375 0.5875 0.0171875 0.025
3 0.4434895833333333 0.5819444444444445 0.009895833333333333 0.01574074074074074
4 0.47630208333333335 0.575925925925926 0.008854166666666666 0.022222222222222223
