1 0.7765625 0.7569444444444444 0.11770833333333333 0.4824074074074074
1 0.5703125 0.7166666666666667 0.019791666666666666 0.11666666666666667
3 0.46380208333333334 0.6888888888888889 0.0203125 0.027777777777777776
3 0.4309895833333333 0.6856481481481481 0.0203125 0.03425925925925926
3 0.41484375 0.6828703703703703 0.0109375 0.019444444444444445
6 0.38177083333333334 0.6884259259259259 0.05416666666666667 0.09722222222222222
3 0.3541666666666667 0.6824074074074075 0.03854166666666667 0.07037037037037037
2 0.31145833333333334 0.6921296296296297 0.013541666666666667 0.05092592592592592
1 0.29765625 0.7199074074074074 0.0171875 0.10092592592592593
1 0.28177083333333336 0.7023148148148148 0.03333333333333333 0.13425925925925927
3 0.19375 0.7037037037037037 0.12395833333333334 0.15555555555555556
3 0.15130208333333334 0.7018518518518518 0.09635416666666667 0.10185185185185185
1 0.045572916666666664 0.6763888888888889 0.025520833333333333 0.10648148148148148
