3 0.1546875 0.6680555555555555 0.19270833333333334 0.18796296296296297
5 0.20651041666666667 0.600462962962963 0.14635416666666667 0.15092592592592594
3 0.2591145833333333 0.6356481481481482 0.12135416666666667 0.14537037037037037
3 0.33515625 0.6319444444444444 0.07864583333333333 0.10277777777777777
4 0.3796875 0.6162037037037037 0.057291666666666664 0.09907407407407408
3 0.41041666666666665 0.6273148148148148 0.03333333333333333 0.05277777777777778
3 0.4200520833333333 0.624537037037037 0.0328125 0.04722222222222222
3 0.46041666666666664 0.6166666666666667 0.013541666666666667 0.018518518518518517
3 0.47682291666666665 0.624537037037037 0.0296875 0.04351851851851852
2 0.4973958333333333 0.6194444444444445 0.014583333333333334 0.03148148148148148
3 0.52421875 0.6268518518518519 0.030729166666666665 0.044444444444444446
2 0.5690104166666666 0.6222222222222222 0.009895833333333333 0.03333333333333333
3 0.75078125 0.6263888888888889 0.04739583333333333 0.03796296296296296
1 0.80703125 0.6319444444444444 0.011979166666666667 0.05648148148148148
1 0.7682291666666666 0.6291666666666667 0.010416666666666666 0.05462962962962963
3 0.43515625 0.6226851851851852 0.027604166666666666 0.03981481481481482
