4 0.28177083333333336 0.6083333333333333 0.1125 0.19074074074074074
3 0.44921875 0.6296296296296297 0.013020833333333334 0.016666666666666666
3 0.49505208333333334 0.6277777777777778 0.015104166666666667 0.024074074074074074
3 0.51328125 0.6314814814814815 0.019270833333333334 0.03148148148148148
6 0.6322916666666667 0.6310185185185185 0.035416666666666666 0.06388888888888888
3 0.7341145833333333 0.6291666666666667 0.0515625 0.05648148148148148
3 0.8364583333333333 0.6342592592592593 0.0875 0.07592592592592592
3 0.9309895833333334 0.6300925925925925 0.08072916666666667 0.06944444444444445
1 0.9794270833333333 0.6518518518518519 0.034895833333333334 0.17592592592592593
1 0.9848958333333333 0.7083333333333334 0.030208333333333334 0.23148148148148148
2 0.21432291666666667 0.6421296296296296 0.0171875 0.05277777777777778
