2 0.2643229166666667 0.6365740740740741 0.0140625 0.05092592592592592
2 0.34322916666666664 0.625 0.00625 0.027777777777777776
3 0.4 0.6212962962962963 0.017708333333333333 0.027777777777777776
3 0.3828125 0.6236111111111111 0.03229166666666667 0.05277777777777778
3 0.43411458333333336 0.6185185185185185 0.015104166666666667 0.024074074074074074
2 0.4515625 0.612037037037037 0.004166666666666667 0.018518518518518517
2 0.46015625 0.6162037037037037 0.0046875 0.023148148148148147
1 0.6106770833333334 0.6208333333333333 0.009895833333333333 0.05462962962962963
3 0.7049479166666667 0.649537037037037 0.16510416666666666 0.11018518518518519
2 0.9096354166666667 0.6513888888888889 0.0640625 0.08611111111111111
