4 0.8096354166666667 0.6444444444444445 0.1359375 0.13333333333333333
2 0.8278645833333333 0.6856481481481481 0.022395833333333334 0.0712962962962963
2 0.8106770833333333 0.6893518518518519 0.0203125 0.07314814814814814
2 0.7700520833333333 0.6912037037037037 0.0234375 0.07685185185185185
3 0.7158854166666667 0.7245370370370371 0.1421875 0.15648148148148147
3 0.6125 0.6893518518518519 0.06666666666666667 0.08981481481481482
3 0.4953125 0.7412037037037037 0.13958333333333334 0.20462962962962963
3 0.4122395833333333 0.687037037037037 0.0359375 0.05740740740740741
3 0.38828125 0.6907407407407408 0.06822916666666666 0.10185185185185185
3 0.2671875 0.7217592592592592 0.15104166666666666 0.15648148148148147
