3 0.024739583333333332 0.637962962962963 0.049479166666666664 0.05
3 0.06770833333333333 0.6324074074074074 0.06041666666666667 0.05185185185185185
3 0.3333333333333333 0.6078703703703704 0.041666666666666664 0.05092592592592592
3 0.3921875 0.6 0.035416666666666666 0.04814814814814815
3 0.3768229166666667 0.5912037037037037 0.024479166666666666 0.03611111111111111
3 0.40963541666666664 0.5925925925925926 0.0234375 0.04259259259259259
3 0.43854166666666666 0.575462962962963 0.014583333333333334 0.023148148148148147
4 0.45 0.5560185185185185 0.015625 0.03796296296296296
3 0.4703125 0.5671296296296297 0.021875 0.05092592592592592
3 0.52421875 0.5856481481481481 0.0296875 0.041666666666666664
4 0.7171875 0.5717592592592593 0.06666666666666667 0.05462962962962963
3 0.5067708333333333 0.5708333333333333 0.01875 0.032407407407407406
4 0.6901041666666666 0.5657407407407408 0.0625 0.04259259259259259
5 0.5020833333333333 0.5587962962962963 0.021875 0.04722222222222222
