1 0.009895833333333333 0.687962962962963 0.019791666666666666 0.27037037037037037
1 0.09869791666666666 0.7 0.0515625 0.2574074074074074
2 0.22447916666666667 0.6699074074074074 0.040625 0.1527777777777778
6 0.25494791666666666 0.6800925925925926 0.0640625 0.20092592592592592
2 0.31302083333333336 0.6453703703703704 0.013541666666666667 0.06666666666666667
3 0.35546875 0.6324074074074074 0.0078125 0.011111111111111112
4 0.38203125 0.6305555555555555 0.009895833333333333 0.018518518518518517
3 0.4265625 0.6777777777777778 0.12604166666666666 0.13333333333333333
3 0.4825520833333333 0.6458333333333334 0.030729166666666665 0.03981481481481482
3 0.6270833333333333 0.6435185185185185 0.16354166666666667 0.1685185185185185
3 0.72265625 0.6759259259259259 0.12760416666666666 0.08148148148148149
3 0.87109375 0.6782407407407407 0.1171875 0.08055555555555556
2 0.9356770833333333 0.6837962962962963 0.028645833333333332 0.04722222222222222
