3 0.13541666666666666 0.6805555555555556 0.10104166666666667 0.08333333333333333
1 0.1953125 0.6814814814814815 0.028125 0.1037037037037037
3 0.2703125 0.662962962962963 0.06875 0.05740740740740741
3 0.29270833333333335 0.6712962962962963 0.06354166666666666 0.05185185185185185
3 0.33984375 0.6736111111111112 0.044270833333333336 0.05277777777777778
3 0.415625 0.7148148148148148 0.1375 0.17222222222222222
3 0.48489583333333336 0.6722222222222223 0.01875 0.025925925925925925
3 0.5302083333333333 0.6708333333333333 0.025 0.019444444444444445
3 0.55390625 0.6685185185185185 0.0109375 0.020370370370370372
2 0.56484375 0.6930555555555555 0.021354166666666667 0.11018518518518519
3 0.64609375 0.662962962962963 0.09114583333333333 0.1925925925925926
