3 0.5197916666666667 0.6189814814814815 0.017708333333333333 0.03796296296296296
2 0.49609375 0.6231481481481481 0.005729166666666666 0.024074074074074074
2 0.48046875 0.6236111111111111 0.0067708333333333336 0.023148148148148147
3 0.4596354166666667 0.625 0.019270833333333334 0.027777777777777776
2 0.4479166666666667 0.6305555555555555 0.0125 0.05185185185185185
3 0.4393229166666667 0.6259259259259259 0.024479166666666666 0.04259259259259259
3 0.66484375 0.6504629629629629 0.06927083333333334 0.08796296296296297
3 0.6328125 0.625462962962963 0.05416666666666667 0.0787037037037037
2 0.5783854166666667 0.6287037037037037 0.0171875 0.053703703703703705
1 0.9510416666666667 0.6425925925925926 0.01875 0.10740740740740741
3 0.5536458333333333 0.6217592592592592 0.017708333333333333 0.026851851851851852
