4 0.09635416666666667 0.6189814814814815 0.140625 0.08981481481481482
3 0.18645833333333334 0.6370370370370371 0.09583333333333334 0.06666666666666667
2 0.24973958333333332 0.637962962962963 0.0140625 0.04814814814814815
3 0.32708333333333334 0.6361111111111111 0.08958333333333333 0.1
3 0.4010416666666667 0.6569444444444444 0.09166666666666666 0.12129629629629629
3 0.48020833333333335 0.6467592592592593 0.10416666666666667 0.09166666666666666
3 0.56953125 0.638425925925926 0.0765625 0.06018518518518518
3 0.6713541666666667 0.6592592592592592 0.11666666666666667 0.14074074074074075
3 0.68359375 0.6324074074074074 0.14114583333333333 0.10555555555555556
3 0.9 0.7509259259259259 0.2 0.38333333333333336
