3 0.7205729166666667 0.5902777777777778 0.0546875 0.05277777777777778
3 0.6671875 0.6555555555555556 0.125 0.13518518518518519
3 0.5953125 0.6407407407407407 0.071875 0.08703703703703704
3 0.5583333333333333 0.624537037037037 0.042708333333333334 0.06944444444444445
3 0.5369791666666667 0.6203703703703703 0.03125 0.05185185185185185
6 0.51484375 0.6347222222222222 0.034895833333333334 0.12314814814814815
3 0.48515625 0.6069444444444444 0.009895833333333333 0.017592592592592594
2 0.48151041666666666 0.6134259259259259 0.0067708333333333336 0.030555555555555555
5 0.46927083333333336 0.6060185185185185 0.016666666666666666 0.030555555555555555
2 0.46588541666666666 0.6125 0.022395833333333334 0.03611111111111111
3 0.44557291666666665 0.6032407407407407 0.0171875 0.017592592592592594
3 0.4244791666666667 0.6087962962962963 0.014583333333333334 0.023148148148148147
2 0.43255208333333334 0.6078703703703704 0.0078125 0.026851851851851852
3 0.40208333333333335 0.6078703703703704 0.017708333333333333 0.021296296296296296
3 0.3802083333333333 0.6101851851851852 0.017708333333333333 0.027777777777777776
6 0.37083333333333335 0.6111111111111112 0.020833333333333332 0.03148148148148148
3 0.3606770833333333 0.6125 0.030729166666666665 0.03981481481481482
6 0.32734375 0.5953703703703703 0.04635416666666667 0.08148148148148149
3 0.26223958333333336 0.612037037037037 0.08385416666666666 0.05
3 0.25729166666666664 0.6194444444444445 0.05625 0.06851851851851852
1 0.221875 0.6143518518518518 0.010416666666666666 0.06388888888888888
3 0.06041666666666667 0.6212962962962963 0.11979166666666667 0.1537037037037037
