4 0.94375 0.638425925925926 0.11354166666666667 0.24166666666666667
5 0.7815104166666667 0.625 0.07552083333333333 0.16296296296296298
3 0.75 0.6375 0.027083333333333334 0.04722222222222222
3 0.72578125 0.6305555555555555 0.03177083333333333 0.044444444444444446
2 0.47604166666666664 0.6675925925925926 0.04479166666666667 0.14629629629629629
1 0.2755208333333333 0.6532407407407408 0.021875 0.15092592592592594
1 0.22083333333333333 0.6611111111111111 0.028125 0.1648148148148148
1 0.37578125 0.6444444444444445 0.019270833333333334 0.12037037037037036
2 0.5294270833333333 0.6402777777777777 0.021354166666666667 0.062037037037037036
2 0.35833333333333334 0.6365740740740741 0.03333333333333333 0.11944444444444445
