5 0.11979166666666667 0.5541666666666667 0.240625 0.5861111111111111
5 0.2947916666666667 0.6226851851851852 0.15729166666666666 0.10833333333333334
3 0.47734375 0.6425925925925926 0.015104166666666667 0.018518518518518517
3 0.49557291666666664 0.6439814814814815 0.0109375 0.019444444444444445
5 0.51796875 0.6305555555555555 0.034895833333333334 0.06851851851851852
2 0.5434895833333333 0.6444444444444445 0.0078125 0.025925925925925925
3 0.6203125 0.6662037037037037 0.042708333333333334 0.05462962962962963
3 0.6036458333333333 0.6527777777777778 0.042708333333333334 0.06111111111111111
3 0.5809895833333333 0.6509259259259259 0.025520833333333333 0.037037037037037035
3 0.5645833333333333 0.6462962962962963 0.019791666666666666 0.025925925925925925
