3 0.9166666666666666 0.7060185185185185 0.04791666666666667 0.03796296296296296
3 0.8627604166666667 0.7046296296296296 0.059895833333333336 0.044444444444444446
3 0.79921875 0.7055555555555556 0.0609375 0.046296296296296294
3 0.7432291666666667 0.7087962962962963 0.0875 0.058333333333333334
4 0.7 0.663425925925926 0.190625 0.13240740740740742
3 0.5645833333333333 0.7018518518518518 0.06979166666666667 0.044444444444444446
3 0.42083333333333334 0.6921296296296297 0.017708333333333333 0.028703703703703703
3 0.3609375 0.6986111111111111 0.14270833333333333 0.0824074074074074
3 0.24088541666666666 0.6773148148148148 0.12239583333333333 0.09907407407407408
4 0.175 0.637962962962963 0.2552083333333333 0.14444444444444443
3 0.11145833333333334 0.6759259259259259 0.1125 0.06296296296296296
3 0.033854166666666664 0.6662037037037037 0.06770833333333333 0.06388888888888888
