5 0.91640625 0.662962962962963 0.16614583333333333 0.08888888888888889
1 0.8317708333333333 0.700925925925926 0.015625 0.07407407407407407
3 0.81484375 0.6953703703703704 0.04635416666666667 0.03518518518518519
3 0.7434895833333334 0.700462962962963 0.08802083333333334 0.05648148148148148
2 0.6651041666666667 0.7055555555555556 0.020833333333333332 0.07777777777777778
3 0.56796875 0.6962962962962963 0.0796875 0.05
3 0.45989583333333334 0.7652777777777777 0.17604166666666668 0.25833333333333336
3 0.3416666666666667 0.6898148148148148 0.05520833333333333 0.08703703703703704
3 0.22994791666666667 0.7208333333333333 0.15989583333333332 0.20462962962962963
3 0.14453125 0.6884259259259259 0.09010416666666667 0.13055555555555556
3 0.059895833333333336 0.6726851851851852 0.06666666666666667 0.04351851851851852
