2 0.9369791666666667 0.7546296296296297 0.07291666666666667 0.20185185185185187
2 0.5346354166666667 0.6916666666666667 0.0390625 0.06296296296296296
3 0.43697916666666664 0.6763888888888889 0.030208333333333334 0.05648148148148148
3 0.46380208333333334 0.7083333333333334 0.0671875 0.10185185185185185
3 0.37786458333333334 0.6555555555555556 0.0171875 0.016666666666666666
3 0.39401041666666664 0.6671296296296296 0.024479166666666666 0.03611111111111111
3 0.34817708333333336 0.6449074074074074 0.024479166666666666 0.032407407407407406
3 0.3575520833333333 0.6541666666666667 0.019270833333333334 0.023148148148148147
4 0.30703125 0.6462962962962963 0.034895833333333334 0.07222222222222222
3 0.27395833333333336 0.6523148148148148 0.015625 0.025
1 0.24427083333333333 0.6504629629629629 0.007291666666666667 0.03981481481481482
2 0.23541666666666666 0.6527777777777778 0.007291666666666667 0.037037037037037035
1 0.22760416666666666 0.6523148148148148 0.007291666666666667 0.03611111111111111
1 0.05755208333333333 0.6578703703703703 0.009895833333333333 0.04351851851851852
