3 0.5072916666666667 0.5912037037037037 0.06458333333333334 0.04722222222222222
4 0.49114583333333334 0.5574074074074075 0.016666666666666666 0.03518518518518519
3 0.47994791666666664 0.5745370370370371 0.016145833333333335 0.026851851851851852
3 0.46145833333333336 0.5828703703703704 0.022916666666666665 0.030555555555555555
3 0.45677083333333335 0.6175925925925926 0.04375 0.06111111111111111
3 0.4375 0.5777777777777777 0.017708333333333333 0.027777777777777776
3 0.43046875 0.5606481481481481 0.024479166666666666 0.03796296296296296
3 0.42109375 0.5842592592592593 0.027604166666666666 0.03333333333333333
3 0.41067708333333336 0.5699074074074074 0.018229166666666668 0.025
3 0.4002604166666667 0.575462962962963 0.0171875 0.026851851851851852
3 0.38958333333333334 0.5763888888888888 0.021875 0.03611111111111111
3 0.3763020833333333 0.5800925925925926 0.024479166666666666 0.03611111111111111
3 0.3580729166666667 0.5842592592592593 0.028645833333333332 0.037037037037037035
3 0.3651041666666667 0.6143518518518518 0.036458333333333336 0.06574074074074074
3 0.33984375 0.625462962962963 0.05260416666666667 0.0712962962962963
3 0.3296875 0.5805555555555556 0.028125 0.03518518518518519
3 0.2986979166666667 0.600462962962963 0.03802083333333333 0.05277777777777778
3 0.2716145833333333 0.6069444444444444 0.044270833333333336 0.05648148148148148
3 0.23984375 0.6092592592592593 0.06302083333333333 0.08333333333333333
3 0.175 0.6444444444444445 0.09270833333333334 0.1037037037037037
3 0.17604166666666668 0.6032407407407407 0.06875 0.08425925925925926
3 0.2630208333333333 0.7916666666666666 0.2791666666666667 0.3537037037037037
1 0.08098958333333334 0.5916666666666667 0.0109375 0.05
3 0.103125 0.6365740740740741 0.09166666666666666 0.09351851851851851
3 0.06458333333333334 0.6893518518518519 0.12916666666666668 0.13055555555555556
3 0.0296875 0.6199074074074075 0.059375 0.10092592592592593
