3 0.023697916666666666 0.6898148148148148 0.04739583333333333 0.11481481481481481
3 0.1078125 0.6902777777777778 0.084375 0.0824074074074074
3 0.1359375 0.6828703703703703 0.04583333333333333 0.062037037037037036
3 0.16796875 0.6791666666666667 0.044270833333333336 0.06018518518518518
1 0.17109375 0.6754629629629629 0.016145833333333335 0.0712962962962963
3 0.21067708333333332 0.6847222222222222 0.0703125 0.08055555555555556
1 0.24322916666666666 0.6680555555555555 0.009375 0.04537037037037037
1 0.26614583333333336 0.6685185185185185 0.010416666666666666 0.04814814814814815
1 0.2559895833333333 0.6708333333333333 0.009895833333333333 0.041666666666666664
3 0.26328125 0.6662037037037037 0.034895833333333334 0.04722222222222222
3 0.30234375 0.6694444444444444 0.033854166666666664 0.040740740740740744
4 0.3841145833333333 0.6583333333333333 0.011979166666666667 0.024074074074074074
3 0.3653645833333333 0.6652777777777777 0.0234375 0.04351851851851852
3 0.3614583333333333 0.6712962962962963 0.022916666666666665 0.040740740740740744
2 0.41953125 0.6958333333333333 0.033854166666666664 0.17685185185185184
2 0.48541666666666666 0.7083333333333334 0.05416666666666667 0.2814814814814815
1 0.5682291666666667 0.6708333333333333 0.026041666666666668 0.14166666666666666
1 0.6059895833333333 0.6648148148148149 0.028645833333333332 0.15925925925925927
1 0.6515625 0.6675925925925926 0.03229166666666667 0.15555555555555556
1 0.5361979166666667 0.6643518518518519 0.018229166666666668 0.08425925925925926
1 0.5208333333333334 0.6703703703703704 0.016666666666666666 0.1
