3 0.8950520833333333 0.6648148148148149 0.10052083333333334 0.05925925925925926
2 0.5619791666666667 0.6703703703703704 0.022916666666666665 0.03518518518518519
1 0.5434895833333333 0.6763888888888889 0.0067708333333333336 0.05092592592592592
3 0.4890625 0.700925925925926 0.11041666666666666 0.21296296296296297
3 0.41484375 0.6736111111111112 0.021354166666666667 0.03425925925925926
3 0.37864583333333335 0.6796296296296296 0.051041666666666666 0.07777777777777778
3 0.30703125 0.7148148148148148 0.12864583333333332 0.14814814814814814
4 0.28020833333333334 0.6583333333333333 0.041666666666666664 0.06296296296296296
3 0.2484375 0.6847222222222222 0.022916666666666665 0.03611111111111111
3 0.2234375 0.6833333333333333 0.03854166666666667 0.04259259259259259
3 0.1046875 0.7555555555555555 0.20625 0.48148148148148145
