1 0.05026041666666667 0.7143518518518519 0.0421875 0.2212962962962963
2 0.012239583333333333 0.787962962962963 0.025520833333333333 0.20555555555555555
3 0.23541666666666666 0.8125 0.29270833333333335 0.3175925925925926
2 0.5325520833333334 0.6305555555555555 0.009895833333333333 0.03888888888888889
3 0.56640625 0.6361111111111111 0.03802083333333333 0.05
3 0.6341145833333334 0.6356481481481482 0.0328125 0.049074074074074076
3 0.7203125 0.638425925925926 0.057291666666666664 0.05462962962962963
1 0.9778645833333334 0.7194444444444444 0.034895833333333334 0.2037037037037037
1 0.8682291666666667 0.6731481481481482 0.019791666666666666 0.11851851851851852
1 0.8421875 0.7055555555555556 0.03333333333333333 0.08333333333333333
