3 0.15703125 0.736574074074074 0.3140625 0.525
4 0.11979166666666667 0.6615740740740741 0.23333333333333334 0.35462962962962963
3 0.4473958333333333 0.6620370370370371 0.09270833333333334 0.1259259259259259
3 0.5127604166666667 0.6314814814814815 0.04635416666666667 0.09259259259259259
1 0.990625 0.6513888888888889 0.01875 0.10092592592592593
2 0.9296875 0.6444444444444445 0.020833333333333332 0.06111111111111111
1 0.8955729166666667 0.6472222222222223 0.0203125 0.1037037037037037
2 0.8526041666666667 0.6518518518518519 0.028125 0.08333333333333333
1 0.8200520833333333 0.649074074074074 0.018229166666666668 0.08703703703703704
1 0.809375 0.6537037037037037 0.01875 0.08888888888888889
1 0.79921875 0.6407407407407407 0.011979166666666667 0.07407407407407407
1 0.7098958333333333 0.6342592592592593 0.011458333333333333 0.05555555555555555
