3 0.9515625 0.6282407407407408 0.06770833333333333 0.06759259259259259
3 0.9799479166666667 0.6060185185185185 0.03802083333333333 0.05462962962962963
4 0.72421875 0.575462962962963 0.4890625 0.41388888888888886
3 0.05703125 0.7087962962962963 0.1140625 0.2601851851851852
4 0.08776041666666666 0.6111111111111112 0.1359375 0.18333333333333332
4 0.16328125 0.6217592592592592 0.07864583333333333 0.11203703703703703
3 0.35989583333333336 0.5995370370370371 0.017708333333333333 0.025
3 0.32395833333333335 0.600925925925926 0.01875 0.025925925925925925
3 0.20572916666666666 0.600925925925926 0.025 0.022222222222222223
3 0.23020833333333332 0.5995370370370371 0.025 0.019444444444444445
4 0.25807291666666665 0.586574074074074 0.021354166666666667 0.041666666666666664
3 0.28515625 0.5962962962962963 0.0140625 0.018518518518518517
4 0.28984375 0.5824074074074074 0.0140625 0.027777777777777776
