4 0.030208333333333334 0.5995370370370371 0.06145833333333333 0.18981481481481483
4 0.22994791666666667 0.624537037037037 0.07760416666666667 0.11388888888888889
3 0.2838541666666667 0.6532407407407408 0.03333333333333333 0.03796296296296296
3 0.29244791666666664 0.6597222222222222 0.0328125 0.03981481481481482
2 0.1671875 0.7240740740740741 0.178125 0.24444444444444444
3 0.4348958333333333 0.6939814814814815 0.075 0.08981481481481482
4 0.4127604166666667 0.6337962962962963 0.027604166666666666 0.06018518518518518
3 0.49583333333333335 0.725 0.103125 0.15555555555555556
3 0.5557291666666667 0.6717592592592593 0.06354166666666666 0.13425925925925927
4 0.6674479166666667 0.6805555555555556 0.0921875 0.1259259259259259
4 0.8567708333333334 0.6416666666666667 0.22708333333333333 0.3277777777777778
