3 0.09661458333333334 0.6898148148148148 0.16822916666666668 0.14629629629629629
3 0.22395833333333334 0.6662037037037037 0.08958333333333333 0.09907407407407408
3 0.2671875 0.6666666666666666 0.053125 0.08333333333333333
3 0.2921875 0.6648148148148149 0.04375 0.06481481481481481
3 0.31197916666666664 0.6592592592592592 0.036458333333333336 0.06481481481481481
3 0.40338541666666666 0.6583333333333333 0.028645833333333332 0.040740740740740744
3 0.465625 0.6592592592592592 0.04895833333333333 0.07777777777777778
2 0.5221354166666666 0.6685185185185185 0.019270833333333334 0.08148148148148149
2 0.5541666666666667 0.6680555555555555 0.017708333333333333 0.08425925925925926
3 0.57265625 0.6638888888888889 0.0515625 0.05
3 0.6848958333333334 0.700925925925926 0.12291666666666666 0.1259259259259259
3 0.6291666666666667 0.687962962962963 0.06875 0.08888888888888889
1 0.8255208333333334 0.6828703703703703 0.026041666666666668 0.10833333333333334
