1 0.8442708333333333 0.6759259259259259 0.028125 0.1111111111111111
1 0.8088541666666667 0.6597222222222222 0.010416666666666666 0.06759259259259259
1 0.7755208333333333 0.6592592592592592 0.011458333333333333 0.05925925925925926
1 0.7653645833333333 0.6578703703703703 0.0109375 0.062037037037037036
1 0.7171875 0.6555555555555556 0.014583333333333334 0.05925925925925926
1 0.7044270833333334 0.6597222222222222 0.008854166666666666 0.041666666666666664
1 0.6953125 0.6564814814814814 0.0125 0.05740740740740741
1 0.6614583333333334 0.6546296296296297 0.008333333333333333 0.04259259259259259
3 0.5864583333333333 0.6689814814814815 0.065625 0.08055555555555556
3 0.5205729166666667 0.6439814814814815 0.025520833333333333 0.03611111111111111
5 0.5234375 0.6324074074074074 0.021875 0.044444444444444446
3 0.48828125 0.6453703703703704 0.0359375 0.05740740740740741
3 0.45208333333333334 0.6351851851851852 0.0125 0.020370370370370372
3 0.4231770833333333 0.638425925925926 0.016145833333333335 0.023148148148148147
3 0.3763020833333333 0.6356481481481482 0.04114583333333333 0.032407407407407406
1 0.31302083333333336 0.6370370370370371 0.005208333333333333 0.027777777777777776
1 0.28541666666666665 0.6393518518518518 0.008333333333333333 0.03981481481481482
1 0.27734375 0.6388888888888888 0.0078125 0.037037037037037035
