3 0.033854166666666664 0.6550925925925926 0.06770833333333333 0.33796296296296297
3 0.09296875 0.7111111111111111 0.12239583333333333 0.1814814814814815
4 0.15989583333333332 0.6754629629629629 0.11145833333333334 0.1638888888888889
3 0.22526041666666666 0.6935185185185185 0.0578125 0.08148148148148149
3 0.24166666666666667 0.6796296296296296 0.04895833333333333 0.08888888888888889
4 0.2786458333333333 0.6578703703703703 0.04583333333333333 0.10277777777777777
4 0.31875 0.662962962962963 0.025 0.05740740740740741
1 0.32890625 0.687037037037037 0.0109375 0.044444444444444446
2 0.3421875 0.6787037037037037 0.010416666666666666 0.040740740740740744
3 0.3932291666666667 0.6800925925925926 0.019791666666666666 0.028703703703703703
3 0.3770833333333333 0.6717592592592593 0.009375 0.01574074074074074
3 0.3528645833333333 0.674537037037037 0.009895833333333333 0.01574074074074074
3 0.65625 0.6777777777777778 0.09791666666666667 0.06296296296296296
