3 0.82421875 0.7472222222222222 0.32135416666666666 0.3537037037037037
5 0.6127604166666667 0.625 0.11927083333333334 0.1814814814814815
4 0.51015625 0.6185185185185185 0.08802083333333334 0.2
3 0.5015625 0.5842592592592593 0.06666666666666667 0.13148148148148148
3 0.46875 0.6467592592592593 0.017708333333333333 0.032407407407407406
3 0.41067708333333336 0.6481481481481481 0.0234375 0.02962962962962963
3 0.34036458333333336 0.6643518518518519 0.0671875 0.06944444444444445
1 0.3 0.6476851851851851 0.007291666666666667 0.032407407407407406
1 0.21796875 0.6509259259259259 0.0078125 0.040740740740740744
1 0.12213541666666666 0.6574074074074074 0.008854166666666666 0.05185185185185185
