3 0.62890625 0.7754629629629629 0.06927083333333334 0.08796296296296297
3 0.5643229166666667 0.7731481481481481 0.10364583333333334 0.12777777777777777
5 0.48541666666666666 0.7111111111111111 0.07604166666666666 0.12777777777777777
3 0.4484375 0.7407407407407407 0.019791666666666666 0.03888888888888889
3 0.44140625 0.737037037037037 0.0171875 0.02962962962962963
4 0.43776041666666665 0.7199074074074074 0.022395833333333334 0.05092592592592592
3 0.41041666666666665 0.7319444444444444 0.014583333333333334 0.025
3 0.38671875 0.7245370370370371 0.008854166666666666 0.013888888888888888
3 0.3734375 0.7231481481481481 0.009375 0.012962962962962963
1 0.10859375 0.7083333333333334 0.0078125 0.040740740740740744
1 0.09244791666666667 0.7055555555555556 0.005729166666666666 0.04259259259259259
1 0.062239583333333334 0.7106481481481481 0.008854166666666666 0.041666666666666664
1 0.005208333333333333 0.7064814814814815 0.009375 0.06481481481481481
