3 0.8294270833333334 0.6671296296296296 0.1796875 0.11574074074074074
3 0.7614583333333333 0.6606481481481481 0.11458333333333333 0.0712962962962963
3 0.5625 0.6583333333333333 0.13645833333333332 0.07962962962962963
3 0.4901041666666667 0.6462962962962963 0.0125 0.020370370370370372
3 0.46953125 0.6472222222222223 0.0140625 0.020370370370370372
3 0.4479166666666667 0.6476851851851851 0.029166666666666667 0.04351851851851852
3 0.40598958333333335 0.6504629629629629 0.0984375 0.07314814814814814
3 0.35390625 0.6421296296296296 0.030729166666666665 0.04351851851851852
3 0.30572916666666666 0.6564814814814814 0.15833333333333333 0.08888888888888889
2 0.20859375 0.6550925925925926 0.019270833333333334 0.04722222222222222
2 0.07734375 0.6504629629629629 0.030729166666666665 0.05277777777777778
1 0.058854166666666666 0.6532407407407408 0.0125 0.058333333333333334
2 0.02890625 0.6560185185185186 0.03697916666666667 0.05648148148148148
1 0.05651041666666667 0.6472222222222223 0.0109375 0.05555555555555555
