3 0.12213541666666666 0.7097222222222223 0.2453125 0.3453703703703704
3 0.18828125 0.6333333333333333 0.0984375 0.13518518518518519
3 0.25078125 0.6199074074074075 0.0828125 0.11944444444444445
3 0.30442708333333335 0.6203703703703703 0.06197916666666667 0.08888888888888889
3 0.37135416666666665 0.6208333333333333 0.035416666666666666 0.04351851851851852
2 0.6341145833333334 0.6791666666666667 0.049479166666666664 0.17314814814814813
2 0.51640625 0.6291666666666667 0.011979166666666667 0.05277777777777778
3 0.4109375 0.6175925925925926 0.013541666666666667 0.016666666666666666
3 0.4244791666666667 0.6199074074074075 0.011458333333333333 0.013888888888888888
3 0.44114583333333335 0.6240740740740741 0.010416666666666666 0.014814814814814815
1 0.5036458333333333 0.6162037037037037 0.008333333333333333 0.025
