1 0.008854166666666666 0.6092592592592593 0.017708333333333333 0.16296296296296298
3 0.065625 0.6013888888888889 0.08125 0.0787037037037037
1 0.09635416666666667 0.5930555555555556 0.026041666666666668 0.08796296296296297
1 0.1265625 0.6023148148148149 0.01875 0.0787037037037037
3 0.140625 0.600925925925926 0.0625 0.05555555555555555
3 0.178125 0.5981481481481481 0.04791666666666667 0.05925925925925926
3 0.20338541666666668 0.5949074074074074 0.0421875 0.05462962962962963
4 0.20755208333333333 0.5564814814814815 0.07239583333333334 0.046296296296296294
2 0.39505208333333336 0.6074074074074074 0.0171875 0.05
3 0.38671875 0.5916666666666667 0.0546875 0.040740740740740744
1 0.34609375 0.5902777777777778 0.009895833333333333 0.041666666666666664
3 0.5122395833333333 0.6685185185185185 0.15677083333333333 0.2611111111111111
3 0.5861979166666667 0.6087962962962963 0.034895833333333334 0.03611111111111111
2 0.7364583333333333 0.6550925925925926 0.04583333333333333 0.11388888888888889
