3 0.9703125 0.6 0.059375 0.06111111111111111
3 0.9447916666666667 0.6078703703703704 0.11145833333333334 0.07314814814814814
5 0.9106770833333333 0.5685185185185185 0.17864583333333334 0.12962962962962962
3 0.79140625 0.6212962962962963 0.1640625 0.09074074074074075
2 0.7072916666666667 0.6041666666666666 0.010416666666666666 0.05277777777777778
2 0.690625 0.6097222222222223 0.03229166666666667 0.05277777777777778
2 0.64453125 0.6125 0.0234375 0.04722222222222222
2 0.6166666666666667 0.6074074074074074 0.03333333333333333 0.05740740740740741
2 0.5888020833333333 0.6106481481481482 0.022395833333333334 0.05277777777777778
3 0.5244791666666667 0.6236111111111111 0.15104166666666666 0.0824074074074074
3 0.45598958333333334 0.5972222222222222 0.0265625 0.037037037037037035
2 0.4044270833333333 0.5953703703703703 0.0078125 0.02962962962962963
6 0.34713541666666664 0.6087962962962963 0.0140625 0.03981481481481482
2 0.31744791666666666 0.6097222222222223 0.015104166666666667 0.04537037037037037
2 0.19322916666666667 0.662962962962963 0.11458333333333333 0.24814814814814815
