1 0.054427083333333334 0.8199074074074074 0.0734375 0.36018518518518516
3 0.21614583333333334 0.6439814814814815 0.07291666666666667 0.10462962962962963
3 0.2708333333333333 0.6560185185185186 0.090625 0.13240740740740742
3 0.3098958333333333 0.6893518518518519 0.09166666666666666 0.14907407407407408
3 0.34739583333333335 0.625 0.058333333333333334 0.08333333333333333
3 0.45859375 0.5930555555555556 0.05572916666666667 0.1287037037037037
3 0.5059895833333333 0.5921296296296297 0.030729166666666665 0.04351851851851852
3 0.5390625 0.5949074074074074 0.03333333333333333 0.06388888888888888
3 0.5846354166666666 0.6421296296296296 0.0796875 0.10833333333333334
2 0.7885416666666667 0.5893518518518519 0.04583333333333333 0.07314814814814814
1 0.03046875 0.9125 0.0609375 0.175
3 0.40078125 0.5930555555555556 0.024479166666666666 0.03611111111111111
5 0.4908854166666667 0.5680555555555555 0.019270833333333334 0.05092592592592592
4 0.46041666666666664 0.5462962962962963 0.034375 0.07592592592592592
1 0.896875 0.5731481481481482 0.013541666666666667 0.053703703703703705
2 0.15130208333333334 0.6402777777777777 0.0234375 0.06018518518518518
3 0.5122395833333333 0.5805555555555556 0.024479166666666666 0.044444444444444446
