1 0.9341145833333333 0.6875 0.034895833333333334 0.1675925925925926
2 0.7419270833333333 0.7231481481481481 0.04635416666666667 0.16666666666666666
4 0.6296875 0.5967592592592592 0.08854166666666667 0.20462962962962963
2 0.5783854166666667 0.6337962962962963 0.015104166666666667 0.062037037037037036
1 0.5557291666666667 0.6111111111111112 0.009375 0.03518518518518519
4 0.47760416666666666 0.6125 0.1125 0.1787037037037037
3 0.43125 0.6055555555555555 0.03229166666666667 0.06296296296296296
3 0.390625 0.6361111111111111 0.051041666666666666 0.06481481481481481
3 0.3390625 0.5986111111111111 0.016666666666666666 0.025
2 0.26276041666666666 0.6175925925925926 0.0078125 0.03518518518518519
2 0.19192708333333333 0.6259259259259259 0.015104166666666667 0.046296296296296294
1 0.14557291666666666 0.6226851851851852 0.009895833333333333 0.04537037037037037
2 0.08723958333333333 0.6439814814814815 0.0234375 0.06018518518518518
