4 0.19296875 0.6550925925925926 0.10572916666666667 0.12129629629629629
2 0.09609375 0.6680555555555555 0.021354166666666667 0.06018518518518518
5 0.24036458333333333 0.6527777777777778 0.08697916666666666 0.07407407407407407
3 0.2638020833333333 0.6652777777777777 0.0421875 0.05648148148148148
3 0.31171875 0.6712962962962963 0.058854166666666666 0.06296296296296296
4 0.35130208333333335 0.6601851851851852 0.025520833333333333 0.05185185185185185
3 0.3888020833333333 0.6847222222222222 0.0640625 0.09166666666666666
3 0.5078125 0.7638888888888888 0.25104166666666666 0.40185185185185185
3 0.6755208333333333 0.7175925925925926 0.15 0.2111111111111111
1 0.7981770833333334 0.6944444444444444 0.019270833333333334 0.09814814814814815
3 0.9036458333333334 0.7439814814814815 0.19166666666666668 0.22870370370370371
4 0.3997395833333333 0.6351851851851852 0.04114583333333333 0.06296296296296296
