3 0.02890625 0.6217592592592592 0.05677083333333333 0.041666666666666664
1 0.08567708333333333 0.6268518518518519 0.016145833333333335 0.07592592592592592
1 0.10052083333333334 0.6342592592592593 0.015625 0.07407407407407407
1 0.11276041666666667 0.6287037037037037 0.0109375 0.05555555555555555
1 0.12838541666666667 0.6240740740740741 0.009895833333333333 0.046296296296296294
1 0.14635416666666667 0.6259259259259259 0.007291666666666667 0.037037037037037035
1 0.17395833333333333 0.625462962962963 0.008333333333333333 0.041666666666666664
3 0.22760416666666666 0.6300925925925925 0.06770833333333333 0.06574074074074074
3 0.34036458333333336 0.6337962962962963 0.0609375 0.03611111111111111
3 0.4822916666666667 0.638425925925926 0.019791666666666666 0.030555555555555555
3 0.5348958333333333 0.6916666666666667 0.121875 0.17962962962962964
3 0.6244791666666667 0.6527777777777778 0.08020833333333334 0.12222222222222222
3 0.66953125 0.6837962962962963 0.1109375 0.1361111111111111
2 0.79453125 0.6597222222222222 0.0140625 0.06759259259259259
2 0.825 0.6615740740740741 0.027083333333333334 0.0712962962962963
2 0.85546875 0.6625 0.025520833333333333 0.058333333333333334
2 0.9015625 0.6611111111111111 0.022916666666666665 0.05925925925925926
3 0.77578125 0.6523148148148148 0.07135416666666666 0.05092592592592592
1 0.9739583333333334 0.6638888888888889 0.016666666666666666 0.07962962962962963
3 0.87734375 0.6574074074074074 0.08802083333333334 0.044444444444444446
1 0.425 0.6375 0.007291666666666667 0.026851851851851852
