3 0.15572916666666667 0.6055555555555555 0.07604166666666666 0.06111111111111111
3 0.175 0.6050925925925926 0.06770833333333333 0.05277777777777778
3 0.18359375 0.6023148148148149 0.07552083333333333 0.05092592592592592
3 0.21119791666666668 0.6027777777777777 0.0578125 0.044444444444444446
3 0.24817708333333333 0.6050925925925926 0.059895833333333336 0.03981481481481482
3 0.2638020833333333 0.600925925925926 0.04635416666666667 0.040740740740740744
2 0.32447916666666665 0.6166666666666667 0.0125 0.037037037037037035
2 0.3494791666666667 0.6175925925925926 0.011458333333333333 0.03888888888888889
3 0.4239583333333333 0.6134259259259259 0.009375 0.017592592592592594
4 0.44869791666666664 0.5912037037037037 0.0390625 0.08055555555555556
3 0.45338541666666665 0.6212962962962963 0.0359375 0.053703703703703705
3 0.47682291666666665 0.6171296296296296 0.013020833333333334 0.026851851851851852
1 0.8583333333333333 0.6564814814814814 0.04583333333333333 0.17037037037037037
1 0.8002604166666667 0.6574074074074074 0.0265625 0.16111111111111112
