2 0.6419270833333334 0.7726851851851851 0.025520833333333333 0.10092592592592593
2 0.5721354166666667 0.7597222222222222 0.024479166666666666 0.06574074074074074
3 0.41770833333333335 0.7328703703703704 0.015625 0.030555555555555555
3 0.4015625 0.7305555555555555 0.010416666666666666 0.012962962962962963
4 0.4015625 0.7189814814814814 0.014583333333333334 0.03611111111111111
3 0.3885416666666667 0.7314814814814815 0.013541666666666667 0.022222222222222223
2 0.3796875 0.7333333333333333 0.008333333333333333 0.03333333333333333
3 0.3703125 0.7291666666666666 0.014583333333333334 0.021296296296296296
3 0.3489583333333333 0.7328703703703704 0.017708333333333333 0.025
4 0.35 0.7129629629629629 0.017708333333333333 0.03518518518518519
4 0.3072916666666667 0.725462962962963 0.03854166666666667 0.06018518518518518
4 0.28541666666666665 0.7157407407407408 0.03229166666666667 0.06481481481481481
3 0.06145833333333333 0.7111111111111111 0.06458333333333334 0.05
3 0.26666666666666666 0.7263888888888889 0.029166666666666667 0.019444444444444445
