2 0.8567708333333334 0.6273148148148148 0.028125 0.04537037037037037
4 0.6966145833333334 0.6763888888888889 0.20885416666666667 0.28055555555555556
3 0.5911458333333334 0.6342592592592593 0.08333333333333333 0.14814814814814814
3 0.5338541666666666 0.6236111111111111 0.03229166666666667 0.04722222222222222
3 0.49973958333333335 0.6189814814814815 0.03177083333333333 0.049074074074074076
3 0.5033854166666667 0.637962962962963 0.04114583333333333 0.06481481481481481
3 0.471875 0.725925925925926 0.10104166666666667 0.1648148148148148
5 0.46640625 0.5967592592592592 0.009895833333333333 0.017592592592592594
3 0.45390625 0.6111111111111112 0.0140625 0.022222222222222223
3 0.4484375 0.6143518518518518 0.014583333333333334 0.025
3 0.43333333333333335 0.6180555555555556 0.023958333333333335 0.032407407407407406
3 0.38046875 0.6370370370370371 0.0578125 0.08333333333333333
4 0.28515625 0.6055555555555555 0.0921875 0.07962962962962963
3 0.28229166666666666 0.7041666666666667 0.11875 0.14537037037037037
3 0.18697916666666667 0.674537037037037 0.09895833333333333 0.10277777777777777
3 0.21692708333333333 0.5981481481481481 0.04114583333333333 0.03518518518518519
3 0.16458333333333333 0.6 0.04583333333333333 0.03518518518518519
3 0.13229166666666667 0.6 0.0375 0.03518518518518519
3 0.10859375 0.5939814814814814 0.033854166666666664 0.026851851851851852
3 0.07161458333333333 0.6 0.04114583333333333 0.03518518518518519
3 0.031510416666666666 0.5990740740740741 0.04635416666666667 0.03518518518518519
