3 0.07317708333333334 0.6981481481481482 0.13177083333333334 0.11666666666666667
3 0.14895833333333333 0.6907407407407408 0.08229166666666667 0.08888888888888889
3 0.20208333333333334 0.6875 0.06458333333333334 0.075
3 0.26197916666666665 0.687962962962963 0.07708333333333334 0.08518518518518518
3 0.29140625 0.6680555555555555 0.034895833333333334 0.07685185185185185
3 0.33671875 0.6902777777777778 0.0796875 0.10462962962962963
3 0.44947916666666665 0.6712962962962963 0.03854166666666667 0.06851851851851852
3 0.4231770833333333 0.675 0.024479166666666666 0.037037037037037035
2 0.5786458333333333 0.7074074074074074 0.042708333333333334 0.1685185185185185
2 0.5065104166666666 0.7055555555555556 0.034895833333333334 0.1685185185185185
3 0.565625 0.6972222222222222 0.07708333333333334 0.08148148148148149
3 0.8104166666666667 0.7263888888888889 0.20416666666666666 0.1935185185185185
