1 0.21067708333333332 0.6564814814814814 0.009895833333333333 0.053703703703703705
2 0.228125 0.6583333333333333 0.021875 0.05740740740740741
3 0.28229166666666666 0.6569444444444444 0.103125 0.13055555555555556
2 0.34869791666666666 0.6458333333333334 0.009895833333333333 0.03611111111111111
5 0.428125 0.6277777777777778 0.03854166666666667 0.05925925925925926
3 0.4671875 0.6421296296296296 0.015625 0.021296296296296296
3 0.45338541666666665 0.6407407407407407 0.013020833333333334 0.018518518518518517
3 0.4875 0.6421296296296296 0.014583333333333334 0.023148148148148147
3 0.5205729166666667 0.6699074074074074 0.0703125 0.11203703703703703
3 0.55078125 0.649537037037037 0.0265625 0.04351851851851852
3 0.6005208333333333 0.6569444444444444 0.06145833333333333 0.08611111111111111
2 0.7033854166666667 0.6680555555555555 0.018229166666666668 0.0712962962962963
2 0.7268229166666667 0.6759259259259259 0.021354166666666667 0.08888888888888889
1 0.6872395833333333 0.6611111111111111 0.009895833333333333 0.05185185185185185
2 0.8278645833333333 0.6893518518518519 0.03177083333333333 0.10277777777777777
2 0.9721354166666667 0.7199074074074074 0.05364583333333333 0.20092592592592592
1 0.94296875 0.6935185185185185 0.019270833333333334 0.11481481481481481
