2 0.012760416666666666 0.674074074074074 0.025520833333333333 0.10740740740740741
2 0.05390625 0.6722222222222223 0.043229166666666666 0.09259259259259259
2 0.07317708333333334 0.6754629629629629 0.03697916666666667 0.08981481481481482
2 0.0890625 0.6800925925925926 0.036458333333333336 0.10648148148148148
2 0.15208333333333332 0.6842592592592592 0.030208333333333334 0.09259259259259259
1 0.28098958333333335 0.6907407407407408 0.016145833333333335 0.10925925925925926
3 0.328125 0.712037037037037 0.10625 0.12407407407407407
3 0.41015625 0.7041666666666667 0.04635416666666667 0.06759259259259259
3 0.43307291666666664 0.700462962962963 0.030729166666666665 0.05092592592592592
3 0.67421875 0.7347222222222223 0.14322916666666666 0.20092592592592592
3 0.8221354166666667 0.7439814814814815 0.15260416666666668 0.16018518518518518
2 0.8950520833333333 0.7435185185185185 0.0359375 0.08518518518518518
3 0.56640625 0.7129629629629629 0.0390625 0.053703703703703705
3 0.5408854166666667 0.6990740740740741 0.027604166666666666 0.05185185185185185
2 0.203125 0.6884259259259259 0.017708333333333333 0.06018518518518518
