1 0.04296875 0.65 0.0140625 0.07037037037037037
3 0.23880208333333333 0.6726851851851852 0.11927083333333334 0.1175925925925926
3 0.2864583333333333 0.6564814814814814 0.05520833333333333 0.06666666666666667
1 0.1421875 0.6458333333333334 0.0125 0.05277777777777778
3 0.5325520833333334 0.6560185185185186 0.0921875 0.14537037037037037
3 0.5778645833333333 0.6393518518518518 0.0234375 0.026851851851851852
3 0.6208333333333333 0.6523148148148148 0.06145833333333333 0.09907407407407408
3 0.7528645833333333 0.6592592592592592 0.08489583333333334 0.1037037037037037
1 0.821875 0.6412037037037037 0.013541666666666667 0.06574074074074074
5 0.91484375 0.5652777777777778 0.1703125 0.49907407407407406
