2 0.3846354166666667 0.6175925925925926 0.015104166666666667 0.05925925925925926
2 0.4166666666666667 0.6162037037037037 0.013541666666666667 0.05462962962962963
3 0.5697916666666667 0.5888888888888889 0.053125 0.03148148148148148
3 0.68515625 0.6287037037037037 0.1265625 0.09444444444444444
3 0.73515625 0.6537037037037037 0.1703125 0.11296296296296296
3 0.7549479166666667 0.6675925925925926 0.1703125 0.13518518518518519
3 0.85078125 0.6689814814814815 0.27447916666666666 0.23055555555555557
3 0.48125 0.5884259259259259 0.016666666666666666 0.023148148148148147
2 0.42604166666666665 0.6023148148148149 0.011458333333333333 0.03611111111111111
2 0.45416666666666666 0.5888888888888889 0.007291666666666667 0.025925925925925925
