3 0.07578125 0.6240740740740741 0.13697916666666668 0.15
3 0.17708333333333334 0.6416666666666667 0.13541666666666666 0.14814814814814814
3 0.24010416666666667 0.6416666666666667 0.065625 0.09259259259259259
3 0.31197916666666664 0.6527777777777778 0.096875 0.12777777777777777
3 0.3658854166666667 0.6407407407407407 0.033854166666666664 0.05925925925925926
3 0.41484375 0.6402777777777777 0.018229166666666668 0.03425925925925926
3 0.4552083333333333 0.6462962962962963 0.07291666666666667 0.10185185185185185
3 0.5184895833333333 0.6337962962962963 0.04010416666666667 0.030555555555555555
2 0.5138020833333333 0.6425925925925926 0.013020833333333334 0.05740740740740741
2 0.5708333333333333 0.6412037037037037 0.021875 0.075
2 0.6471354166666666 0.6564814814814814 0.07552083333333333 0.18333333333333332
2 0.76015625 0.6717592592592593 0.10885416666666667 0.2638888888888889
2 0.88671875 0.7101851851851851 0.17760416666666667 0.4111111111111111
