3 0.14010416666666667 0.6726851851851852 0.11041666666666666 0.06944444444444445
2 0.19557291666666668 0.6791666666666667 0.0109375 0.03425925925925926
2 0.26171875 0.674537037037037 0.011979166666666667 0.03611111111111111
2 0.24270833333333333 0.6768518518518518 0.011458333333333333 0.03333333333333333
2 0.22942708333333334 0.6773148148148148 0.011979166666666667 0.03611111111111111
3 0.35625 0.675 0.021875 0.03148148148148148
3 0.41953125 0.6824074074074075 0.1140625 0.06111111111111111
3 0.5846354166666666 0.6787037037037037 0.10677083333333333 0.06481481481481481
5 0.7684895833333333 0.6546296296296297 0.2640625 0.12777777777777777
3 0.9466145833333334 0.6898148148148148 0.08489583333333334 0.053703703703703705
