2 0.20442708333333334 0.638425925925926 0.015104166666666667 0.04537037037037037
2 0.18723958333333332 0.6407407407407407 0.019270833333333334 0.044444444444444446
3 0.13723958333333333 0.638425925925926 0.07447916666666667 0.03981481481481482
3 0.09739583333333333 0.638425925925926 0.06875 0.04351851851851852
3 0.0375 0.6365740740740741 0.075 0.05277777777777778
5 0.43072916666666666 0.6046296296296296 0.03125 0.06296296296296296
4 0.37109375 0.6175925925925926 0.06197916666666667 0.11666666666666667
3 0.49296875 0.600462962962963 0.011979166666666667 0.01574074074074074
3 0.5309895833333333 0.624537037037037 0.021354166666666667 0.030555555555555555
3 0.5109375 0.6333333333333333 0.028125 0.04259259259259259
2 0.5828125 0.6365740740740741 0.013541666666666667 0.05462962962962963
2 0.6114583333333333 0.625462962962963 0.010416666666666666 0.023148148148148147
3 0.24739583333333334 0.6287037037037037 0.04895833333333333 0.04259259259259259
