3 0.3143229166666667 0.6430555555555556 0.1609375 0.08981481481481482
3 0.19088541666666667 0.6277777777777778 0.1296875 0.0962962962962963
1 0.10546875 0.6282407407407408 0.0140625 0.06574074074074074
3 0.03411458333333333 0.6361111111111111 0.06822916666666666 0.07592592592592592
2 0.35989583333333336 0.6268518518518519 0.011458333333333333 0.04814814814814815
3 0.40208333333333335 0.6222222222222222 0.03229166666666667 0.046296296296296294
4 0.41432291666666665 0.6106481481481482 0.028645833333333332 0.06018518518518518
2 0.44296875 0.6277777777777778 0.022395833333333334 0.044444444444444446
3 0.44869791666666664 0.6212962962962963 0.0203125 0.04814814814814815
3 0.4627604166666667 0.6240740740740741 0.0171875 0.03518518518518519
3 0.46979166666666666 0.6287037037037037 0.014583333333333334 0.037037037037037035
3 0.5075520833333333 0.6236111111111111 0.03177083333333333 0.05648148148148148
3 0.5768229166666666 0.6527777777777778 0.15572916666666667 0.11851851851851852
3 0.7018229166666666 0.6513888888888889 0.12239583333333333 0.07685185185185185
3 0.6861979166666666 0.6398148148148148 0.08177083333333333 0.06666666666666667
5 0.9703125 0.6393518518518518 0.059375 0.14351851851851852
4 0.95703125 0.6185185185185185 0.0859375 0.16666666666666666
4 0.8684895833333334 0.6203703703703703 0.16822916666666668 0.15555555555555556
