3 0.05364583333333333 0.7083333333333334 0.10729166666666666 0.29074074074074074
3 0.12552083333333333 0.7157407407407408 0.121875 0.1388888888888889
3 0.19010416666666666 0.7027777777777777 0.06666666666666667 0.1
3 0.2265625 0.6949074074074074 0.051041666666666666 0.075
5 0.1953125 0.6652777777777777 0.075 0.09722222222222222
4 0.2591145833333333 0.6680555555555555 0.03697916666666667 0.07314814814814814
3 0.28880208333333335 0.6796296296296296 0.016145833333333335 0.022222222222222223
3 0.31302083333333336 0.6800925925925926 0.014583333333333334 0.019444444444444445
4 0.2908854166666667 0.6643518518518519 0.019270833333333334 0.05092592592592592
4 0.3223958333333333 0.6675925925925926 0.016666666666666666 0.04259259259259259
3 0.3341145833333333 0.6759259259259259 0.0109375 0.016666666666666666
