2 0.09765625 0.625 0.0578125 0.08703703703703704
3 0.12369791666666667 0.6138888888888889 0.0984375 0.08888888888888889
3 0.3216145833333333 0.6263888888888889 0.06927083333333334 0.09166666666666666
3 0.40625 0.6189814814814815 0.051041666666666666 0.07314814814814814
3 0.453125 0.5976851851851852 0.022916666666666665 0.03611111111111111
3 0.49661458333333336 0.5939814814814814 0.021354166666666667 0.028703703703703703
3 0.6130208333333333 0.6129629629629629 0.09375 0.08148148148148149
2 0.7536458333333333 0.6087962962962963 0.03229166666666667 0.05277777777777778
3 0.9700520833333334 0.6074074074074074 0.058854166666666666 0.07592592592592592
5 0.8895833333333333 0.5611111111111111 0.21875 0.15555555555555556
3 0.88125 0.6625 0.19166666666666668 0.2601851851851852
