3 0.044270833333333336 0.6055555555555555 0.0875 0.07407407407407407
3 0.06953125 0.6041666666666666 0.09322916666666667 0.07314814814814814
2 0.33515625 0.6199074074074075 0.0171875 0.08055555555555556
5 0.30182291666666666 0.5787037037037037 0.13385416666666666 0.16296296296296298
3 0.3763020833333333 0.600462962962963 0.0640625 0.08981481481481482
3 0.41432291666666665 0.6143518518518518 0.04635416666666667 0.05648148148148148
3 0.4440104166666667 0.6231481481481481 0.06302083333333333 0.09444444444444444
3 0.48411458333333335 0.6129629629629629 0.016145833333333335 0.025925925925925925
3 0.5080729166666667 0.6111111111111112 0.013020833333333334 0.018518518518518517
3 0.5505208333333333 0.6106481481481482 0.0125 0.019444444444444445
3 0.559375 0.6027777777777777 0.010416666666666666 0.018518518518518517
6 0.5796875 0.624537037037037 0.017708333333333333 0.05648148148148148
3 0.5979166666666667 0.6180555555555556 0.015625 0.025
5 0.6315104166666666 0.5986111111111111 0.058854166666666666 0.10462962962962963
5 0.7078125 0.5657407407407408 0.16770833333333332 0.2722222222222222
3 0.82421875 0.5981481481481481 0.0578125 0.05925925925925926
3 0.95 0.5967592592592592 0.1 0.09351851851851851
3 0.9049479166666666 0.5967592592592592 0.049479166666666664 0.05462962962962963
6 0.49583333333333335 0.6041666666666666 0.019791666666666666 0.04351851851851852
