2 0.8958333333333334 0.7037037037037037 0.042708333333333334 0.12037037037037036
2 0.7502604166666667 0.6666666666666666 0.015104166666666667 0.06111111111111111
3 0.6729166666666667 0.6865740740740741 0.1125 0.14351851851851852
3 0.6049479166666667 0.6550925925925926 0.05677083333333333 0.08981481481481482
3 0.5268229166666667 0.6925925925925925 0.1078125 0.15185185185185185
3 0.46171875 0.649074074074074 0.03697916666666667 0.05
3 0.4434895833333333 0.6375 0.008854166666666666 0.012037037037037037
3 0.40078125 0.6412037037037037 0.018229166666666668 0.013888888888888888
3 0.3807291666666667 0.6412037037037037 0.030208333333333334 0.025
3 0.32369791666666664 0.6425925925925926 0.0328125 0.020370370370370372
2 0.13723958333333333 0.6703703703703704 0.0265625 0.07037037037037037
