3 0.03958333333333333 0.6305555555555555 0.07916666666666666 0.08888888888888889
3 0.054427083333333334 0.6097222222222223 0.10989583333333333 0.10833333333333334
3 0.10234375 0.6162037037037037 0.11197916666666667 0.08981481481481482
3 0.146875 0.6125 0.11041666666666666 0.07685185185185185
3 0.19322916666666667 0.6097222222222223 0.08645833333333333 0.05277777777777778
3 0.20911458333333333 0.6046296296296296 0.06927083333333334 0.05740740740740741
3 0.23567708333333334 0.5944444444444444 0.04635416666666667 0.046296296296296294
3 0.2721354166666667 0.6013888888888889 0.0484375 0.03796296296296296
3 0.2875 0.5986111111111111 0.04583333333333333 0.041666666666666664
1 0.3533854166666667 0.612037037037037 0.011979166666666667 0.05185185185185185
2 0.3854166666666667 0.6175925925925926 0.011458333333333333 0.044444444444444446
3 0.4421875 0.5944444444444444 0.009375 0.022222222222222223
3 0.4635416666666667 0.6416666666666667 0.06041666666666667 0.11296296296296296
3 0.50546875 0.6055555555555555 0.0203125 0.037037037037037035
3 0.5153645833333333 0.6138888888888889 0.024479166666666666 0.044444444444444446
3 0.5296875 0.6240740740740741 0.03958333333333333 0.05925925925925926
3 0.5692708333333333 0.6060185185185185 0.03229166666666667 0.05462962962962963
3 0.5846354166666666 0.6597222222222222 0.06510416666666667 0.08611111111111111
3 0.69140625 0.7328703703703704 0.1390625 0.17314814814814813
