1 0.08151041666666667 0.6648148148148149 0.0171875 0.1111111111111111
3 0.41067708333333336 0.6467592592592593 0.04635416666666667 0.049074074074074076
3 0.56328125 0.6365740740740741 0.027604166666666666 0.032407407407407406
3 0.5869791666666667 0.6467592592592593 0.030208333333333334 0.04537037037037037
3 0.60390625 0.6412037037037037 0.022395833333333334 0.03425925925925926
3 0.6205729166666667 0.6351851851851852 0.018229166666666668 0.025925925925925925
4 0.646875 0.6129629629629629 0.053125 0.12222222222222222
3 0.6802083333333333 0.6365740740740741 0.027083333333333334 0.030555555555555555
1 0.7388020833333333 0.6541666666666667 0.011979166666666667 0.05277777777777778
2 0.7575520833333333 0.662962962962963 0.018229166666666668 0.05925925925925926
