3 0.20807291666666666 0.8240740740740741 0.2765625 0.3296296296296296
3 0.12317708333333334 0.7064814814814815 0.20052083333333334 0.17777777777777778
2 0.04348958333333333 0.6518518518518519 0.0453125 0.12222222222222222
2 0.03619791666666667 0.6375 0.033854166666666664 0.11388888888888889
4 0.103125 0.5606481481481481 0.20625 0.21388888888888888
3 0.24739583333333334 0.6421296296296296 0.10416666666666667 0.14351851851851852
2 0.3106770833333333 0.6606481481481481 0.0390625 0.10092592592592593
2 0.38385416666666666 0.675 0.0375 0.12777777777777777
6 0.5901041666666667 0.7444444444444445 0.11041666666666666 0.2777777777777778
3 0.9442708333333333 0.6791666666666667 0.11041666666666666 0.11018518518518519
