4 0.13723958333333333 0.4597222222222222 0.27447916666666666 0.9194444444444444
3 0.39895833333333336 0.6625 0.04791666666666667 0.06574074074074074
4 0.36744791666666665 0.624537037037037 0.06302083333333333 0.08611111111111111
3 0.3502604166666667 0.6800925925925926 0.08697916666666666 0.11018518518518519
3 0.26197916666666665 0.6939814814814815 0.115625 0.2064814814814815
3 0.565625 0.6587962962962963 0.053125 0.06759259259259259
3 0.5263020833333333 0.6425925925925926 0.008854166666666666 0.012962962962962963
2 0.5177083333333333 0.649074074074074 0.009375 0.040740740740740744
3 0.5114583333333333 0.6458333333333334 0.010416666666666666 0.021296296296296296
4 0.49765625 0.637962962962963 0.0067708333333333336 0.016666666666666666
4 0.484375 0.6388888888888888 0.010416666666666666 0.020370370370370372
3 0.47161458333333334 0.6458333333333334 0.015104166666666667 0.026851851851851852
3 0.45989583333333334 0.6449074074074074 0.009375 0.012037037037037037
1 0.8614583333333333 0.649537037037037 0.016666666666666666 0.0824074074074074
