1 0.9809895833333333 0.6601851851851852 0.0328125 0.16666666666666666
1 0.7450520833333333 0.6509259259259259 0.018229166666666668 0.09259259259259259
2 0.5236979166666667 0.6657407407407407 0.0203125 0.05555555555555555
2 0.5015625 0.6675925925925926 0.008333333333333333 0.03888888888888889
3 0.4640625 0.6861111111111111 0.06979166666666667 0.10185185185185185
3 0.37994791666666666 0.6675925925925926 0.021354166666666667 0.03888888888888889
3 0.3575520833333333 0.6731481481481482 0.025520833333333333 0.044444444444444446
3 0.3421875 0.6712962962962963 0.035416666666666666 0.053703703703703705
3 0.315625 0.6763888888888889 0.04375 0.058333333333333334
3 0.29010416666666666 0.6791666666666667 0.04895833333333333 0.0712962962962963
3 0.2609375 0.6796296296296296 0.06979166666666667 0.08888888888888889
3 0.20729166666666668 0.687037037037037 0.084375 0.10185185185185185
3 0.14661458333333333 0.6921296296296297 0.1203125 0.14166666666666666
3 0.06328125 0.7240740740740741 0.1234375 0.3648148148148148
