2 0.05416666666666667 0.649074074074074 0.03333333333333333 0.08148148148148149
3 0.1765625 0.6300925925925925 0.046875 0.04537037037037037
2 0.25755208333333335 0.6300925925925925 0.011979166666666667 0.04537037037037037
4 0.22630208333333332 0.6148148148148148 0.05572916666666667 0.06296296296296296
4 0.31145833333333334 0.5912037037037037 0.07291666666666667 0.1175925925925926
3 0.36666666666666664 0.6212962962962963 0.025 0.03148148148148148
1 0.4122395833333333 0.6143518518518518 0.009895833333333333 0.032407407407407406
5 0.4276041666666667 0.5976851851851852 0.023958333333333335 0.03981481481481482
3 0.49609375 0.600925925925926 0.009895833333333333 0.014814814814814815
4 0.46067708333333335 0.5976851851851852 0.0109375 0.025
3 0.5109375 0.600462962962963 0.008333333333333333 0.013888888888888888
3 0.5252604166666667 0.5976851851851852 0.008854166666666666 0.017592592592592594
4 0.64140625 0.6032407407407407 0.0390625 0.05277777777777778
1 0.7802083333333333 0.638425925925926 0.019791666666666666 0.06759259259259259
3 0.47291666666666665 0.5967592592592592 0.007291666666666667 0.01574074074074074
3 0.44947916666666665 0.6046296296296296 0.010416666666666666 0.012962962962962963
3 0.44140625 0.6032407407407407 0.008854166666666666 0.013888888888888888
