3 0.3578125 0.6685185185185185 0.046875 0.06111111111111111
3 0.40234375 0.6564814814814814 0.024479166666666666 0.03333333333333333
3 0.3221354166666667 0.6652777777777777 0.0328125 0.04722222222222222
3 0.24479166666666666 0.6856481481481481 0.13229166666666667 0.13055555555555556
2 0.18567708333333333 0.6569444444444444 0.0140625 0.05277777777777778
1 0.10677083333333333 0.6606481481481481 0.011458333333333333 0.049074074074074076
4 0.47239583333333335 0.6310185185185185 0.06875 0.1712962962962963
3 0.5091145833333334 0.6569444444444444 0.009895833333333333 0.01574074074074074
3 0.5161458333333333 0.6606481481481481 0.014583333333333334 0.026851851851851852
3 0.5291666666666667 0.6666666666666666 0.022916666666666665 0.037037037037037035
3 0.5690104166666666 0.6837962962962963 0.07239583333333334 0.10648148148148148
5 0.6578125 0.6430555555555556 0.13645833333333332 0.18611111111111112
2 0.76328125 0.6930555555555555 0.024479166666666666 0.0824074074074074
3 0.8950520833333333 0.662962962962963 0.06197916666666667 0.053703703703703705
