2 0.09973958333333334 0.6416666666666667 0.0359375 0.08333333333333333
3 0.17682291666666666 0.6587962962962963 0.12552083333333333 0.1287037037037037
2 0.2799479166666667 0.6273148148148148 0.0109375 0.03796296296296296
2 0.2921875 0.6273148148148148 0.007291666666666667 0.03611111111111111
2 0.3104166666666667 0.6236111111111111 0.00625 0.030555555555555555
2 0.32057291666666665 0.6236111111111111 0.008854166666666666 0.028703703703703703
3 0.4046875 0.6162037037037037 0.011458333333333333 0.01574074074074074
3 0.42421875 0.6152777777777778 0.0109375 0.013888888888888888
3 0.39010416666666664 0.6222222222222222 0.019791666666666666 0.027777777777777776
3 0.36875 0.6342592592592593 0.042708333333333334 0.06111111111111111
4 0.4609375 0.6023148148148149 0.04583333333333333 0.1175925925925926
5 0.5815104166666667 0.5912037037037037 0.1484375 0.23981481481481481
