3 0.3059895833333333 0.7393518518518518 0.3338541666666667 0.5101851851851852
3 0.91640625 0.775 0.1640625 0.43148148148148147
4 0.7828125 0.5768518518518518 0.26875 0.40925925925925927
3 0.6911458333333333 0.7194444444444444 0.19270833333333334 0.2074074074074074
3 0.5809895833333333 0.6837962962962963 0.08385416666666666 0.13055555555555556
3 0.5421875 0.6865740740740741 0.03333333333333333 0.049074074074074076
3 0.53515625 0.6782407407407407 0.0359375 0.05648148148148148
3 0.5161458333333333 0.6736111111111112 0.027083333333333334 0.04351851851851852
3 0.5041666666666667 0.6703703703703704 0.019791666666666666 0.03333333333333333
4 0.496875 0.663425925925926 0.017708333333333333 0.03981481481481482
4 0.48984375 0.6439814814814815 0.024479166666666666 0.05648148148148148
