2 0.009375 0.611574074074074 0.01875 0.09722222222222222
1 0.10729166666666666 0.6078703703703704 0.01875 0.09351851851851851
2 0.12604166666666666 0.6337962962962963 0.05625 0.13055555555555556
2 0.13880208333333333 0.6486111111111111 0.050520833333333334 0.18611111111111112
2 0.16145833333333334 0.6370370370370371 0.051041666666666666 0.12222222222222222
2 0.3611979166666667 0.6791666666666667 0.0734375 0.18611111111111112
1 0.5286458333333334 0.6449074074074074 0.017708333333333333 0.09907407407407408
1 0.55625 0.65 0.016666666666666666 0.09814814814814815
1 0.6044270833333333 0.6504629629629629 0.011979166666666667 0.0712962962962963
3 0.69453125 0.6847222222222222 0.17864583333333334 0.125
1 0.7927083333333333 0.6574074074074074 0.014583333333333334 0.08888888888888889
1 0.8596354166666667 0.6569444444444444 0.0140625 0.08055555555555556
3 0.8770833333333333 0.6615740740740741 0.04583333333333333 0.062037037037037036
3 0.925 0.6574074074074074 0.059375 0.05555555555555555
3 0.9604166666666667 0.6828703703703703 0.078125 0.08611111111111111
