3 0.06328125 0.6884259259259259 0.12552083333333333 0.18981481481481483
4 0.15911458333333334 0.6273148148148148 0.13072916666666667 0.1824074074074074
3 0.2877604166666667 0.6615740740740741 0.043229166666666666 0.05277777777777778
3 0.30520833333333336 0.6666666666666666 0.06875 0.08518518518518518
3 0.3841145833333333 0.6597222222222222 0.034895833333333334 0.049074074074074076
3 0.40651041666666665 0.6597222222222222 0.022395833333333334 0.03611111111111111
5 0.46979166666666666 0.6481481481481481 0.010416666666666666 0.022222222222222223
3 0.50078125 0.6606481481481481 0.027604166666666666 0.04537037037037037
2 0.571875 0.6763888888888889 0.011458333333333333 0.04722222222222222
2 0.6088541666666667 0.6796296296296296 0.014583333333333334 0.05555555555555555
2 0.6408854166666667 0.6842592592592592 0.018229166666666668 0.07407407407407407
