3 0.9630208333333333 0.7166666666666667 0.07291666666666667 0.09444444444444444
1 0.7247395833333333 0.6578703703703703 0.009895833333333333 0.04537037037037037
3 0.5895833333333333 0.6893518518518519 0.18125 0.14351851851851852
3 0.48723958333333334 0.6337962962962963 0.0078125 0.012037037037037037
4 0.4197916666666667 0.6300925925925925 0.023958333333333335 0.05648148148148148
3 0.4078125 0.6472222222222223 0.023958333333333335 0.037037037037037035
2 0.4049479166666667 0.649074074074074 0.011979166666666667 0.046296296296296294
3 0.3848958333333333 0.6523148148148148 0.034375 0.04351851851851852
1 0.38255208333333335 0.6527777777777778 0.019270833333333334 0.05555555555555555
3 0.35625 0.6458333333333334 0.025 0.04351851851851852
3 0.3375 0.6518518518518519 0.0375 0.04259259259259259
3 0.3020833333333333 0.6458333333333334 0.035416666666666666 0.049074074074074076
3 0.28098958333333335 0.6523148148148148 0.04114583333333333 0.041666666666666664
3 0.22239583333333332 0.6509259259259259 0.046875 0.044444444444444446
1 0.1828125 0.6518518518518519 0.013541666666666667 0.05555555555555555
3 0.07708333333333334 0.6722222222222223 0.15208333333333332 0.24259259259259258
