3 0.027604166666666666 0.6027777777777777 0.053125 0.040740740740740744
2 0.14296875 0.6069444444444444 0.013020833333333334 0.03796296296296296
3 0.19791666666666666 0.5962962962962963 0.036458333333333336 0.025925925925925925
2 0.22291666666666668 0.600925925925926 0.009375 0.03148148148148148
3 0.33098958333333334 0.6087962962962963 0.0421875 0.058333333333333334
3 0.35494791666666664 0.5944444444444444 0.0109375 0.012962962962962963
3 0.36328125 0.5976851851851852 0.015104166666666667 0.021296296296296296
3 0.38177083333333334 0.6018518518518519 0.017708333333333333 0.027777777777777776
3 0.40182291666666664 0.5972222222222222 0.0140625 0.018518518518518517
3 0.4114583333333333 0.6 0.017708333333333333 0.020370370370370372
2 0.4515625 0.6018518518518519 0.004166666666666667 0.018518518518518517
2 0.4640625 0.6111111111111112 0.00625 0.027777777777777776
2 0.4700520833333333 0.6148148148148148 0.0067708333333333336 0.02962962962962963
2 0.48828125 0.6277777777777778 0.0109375 0.05185185185185185
2 0.5434895833333333 0.649537037037037 0.016145833333333335 0.06944444444444445
2 0.5833333333333334 0.6777777777777778 0.03229166666666667 0.12407407407407407
