3 0.9533854166666667 0.6671296296296296 0.0921875 0.10462962962962963
1 0.73125 0.6314814814814815 0.020833333333333332 0.08888888888888889
4 0.5815104166666667 0.587037037037037 0.050520833333333334 0.12222222222222222
2 0.54921875 0.6194444444444445 0.011979166666666667 0.05185185185185185
4 0.5424479166666667 0.6259259259259259 0.0171875 0.05740740740740741
4 0.49270833333333336 0.600462962962963 0.08958333333333333 0.14722222222222223
3 0.4544270833333333 0.6037037037037037 0.021354166666666667 0.02962962962962963
3 0.425 0.6027777777777777 0.03854166666666667 0.07222222222222222
3 0.38567708333333334 0.638425925925926 0.0578125 0.075
3 0.3611979166666667 0.5912037037037037 0.0109375 0.021296296296296296
2 0.34270833333333334 0.6032407407407407 0.007291666666666667 0.025
2 0.3341145833333333 0.6041666666666666 0.0078125 0.023148148148148147
2 0.32109375 0.6037037037037037 0.0067708333333333336 0.025925925925925925
2 0.30494791666666665 0.6069444444444444 0.0078125 0.026851851851851852
2 0.25755208333333335 0.612037037037037 0.009895833333333333 0.037037037037037035
2 0.23776041666666667 0.6162037037037037 0.011979166666666667 0.03981481481481482
2 0.22838541666666667 0.6166666666666667 0.011979166666666667 0.040740740740740744
4 0.08697916666666666 0.6083333333333333 0.17395833333333333 0.21481481481481482
