2 0.012760416666666666 0.763425925925926 0.025520833333333333 0.2064814814814815
2 0.023177083333333334 0.687962962962963 0.028645833333333332 0.06481481481481481
1 0.11953125 0.6972222222222222 0.0109375 0.06851851851851852
3 0.21119791666666668 0.712037037037037 0.11197916666666667 0.06111111111111111
3 0.409375 0.7236111111111111 0.05520833333333333 0.07685185185185185
3 0.459375 0.7217592592592592 0.025 0.03611111111111111
3 0.49921875 0.7277777777777777 0.03177083333333333 0.05
3 0.5591145833333333 0.7314814814814815 0.0328125 0.04814814814814815
3 0.5924479166666666 0.7347222222222223 0.04739583333333333 0.06574074074074074
3 0.6658854166666667 0.7541666666666667 0.1109375 0.14537037037037037
5 0.9552083333333333 0.7050925925925926 0.08854166666666667 0.15648148148148147
1 0.2903645833333333 0.7064814814814815 0.008854166666666666 0.05925925925925926
3 0.47682291666666665 0.7180555555555556 0.013020833333333334 0.023148148148148147
