3 0.5127604166666667 0.6689814814814815 0.0171875 0.032407407407407406
1 0.58671875 0.6652777777777777 0.008854166666666666 0.05277777777777778
3 0.46979166666666666 0.7111111111111111 0.10625 0.1574074074074074
3 0.42109375 0.6615740740740741 0.0203125 0.028703703703703703
3 0.4080729166666667 0.6671296296296296 0.015104166666666667 0.026851851851851852
3 0.3971354166666667 0.6712962962962963 0.022395833333333334 0.027777777777777776
4 0.35130208333333335 0.6722222222222223 0.03697916666666667 0.05740740740740741
3 0.3346354166666667 0.6717592592592593 0.033854166666666664 0.06574074074074074
3 0.30911458333333336 0.6717592592592593 0.0421875 0.08425925925925926
1 0.33255208333333336 0.6944444444444444 0.022395833333333334 0.11851851851851852
3 0.2721354166666667 0.6787037037037037 0.0734375 0.09259259259259259
3 0.17838541666666666 0.6925925925925925 0.11822916666666666 0.1388888888888889
1 0.09192708333333334 0.6666666666666666 0.015104166666666667 0.09814814814814815
2 0.065625 0.6666666666666666 0.034375 0.08703703703703704
