3 0.0546875 0.6837962962962963 0.109375 0.2212962962962963
2 0.5848958333333333 0.6814814814814815 0.022916666666666665 0.08888888888888889
1 0.6744791666666666 0.6652777777777777 0.007291666666666667 0.03425925925925926
1 0.7041666666666667 0.6671296296296296 0.007291666666666667 0.03611111111111111
1 0.6973958333333333 0.6657407407407407 0.00625 0.03518518518518519
1 0.7497395833333333 0.6699074074074074 0.009895833333333333 0.05277777777777778
1 0.8302083333333333 0.6763888888888889 0.010416666666666666 0.08425925925925926
1 0.8109375 0.6800925925925926 0.01875 0.08055555555555556
2 0.7807291666666667 0.6777777777777778 0.051041666666666666 0.08703703703703704
3 0.9098958333333333 0.7245370370370371 0.17916666666666667 0.21574074074074073
