3 0.34609375 0.6680555555555555 0.06197916666666667 0.1175925925925926
3 0.38776041666666666 0.6819444444444445 0.034895833333333334 0.05277777777777778
4 0.44453125 0.6171296296296296 0.0953125 0.2564814814814815
2 0.5213541666666667 0.6898148148148148 0.009375 0.03888888888888889
2 0.5453125 0.6907407407407408 0.010416666666666666 0.044444444444444446
3 0.6166666666666667 0.6875 0.041666666666666664 0.03611111111111111
3 0.8278645833333333 0.7148148148148148 0.0546875 0.044444444444444446
3 0.7828125 0.7189814814814814 0.06145833333333333 0.049074074074074076
3 0.7231770833333333 0.7101851851851851 0.07239583333333334 0.06296296296296296
3 0.6557291666666667 0.6962962962962963 0.051041666666666666 0.037037037037037035
1 0.878125 0.7583333333333333 0.03333333333333333 0.17407407407407408
