4 0.07005208333333333 0.7921296296296296 0.1359375 0.3416666666666667
1 0.5424479166666667 0.7962962962962963 0.03177083333333333 0.17037037037037037
3 0.7486979166666666 0.8273148148148148 0.09010416666666667 0.12129629629629629
3 0.70859375 0.8092592592592592 0.0234375 0.03333333333333333
3 0.828125 0.7939814814814815 0.040625 0.07685185185185185
4 0.81171875 0.799537037037037 0.0234375 0.05462962962962963
3 0.7947916666666667 0.8115740740740741 0.01875 0.025
3 0.8572916666666667 0.8134259259259259 0.03333333333333333 0.04537037037037037
3 0.8393229166666667 0.8111111111111111 0.030729166666666665 0.046296296296296294
3 0.8828125 0.8157407407407408 0.04895833333333333 0.05925925925925926
