2 0.014583333333333334 0.6527777777777778 0.028125 0.1111111111111111
3 0.296875 0.6828703703703703 0.14895833333333333 0.1787037037037037
3 0.3809895833333333 0.6606481481481481 0.0671875 0.09351851851851851
3 0.4440104166666667 0.649537037037037 0.03177083333333333 0.05462962962962963
3 0.42473958333333334 0.638425925925926 0.025520833333333333 0.041666666666666664
3 0.47708333333333336 0.6337962962962963 0.015625 0.028703703703703703
2 0.5356770833333333 0.6518518518518519 0.011979166666666667 0.05
3 0.5307291666666667 0.6356481481481482 0.05 0.04537037037037037
3 0.575 0.6569444444444444 0.04583333333333333 0.06018518518518518
3 0.6026041666666667 0.6699074074074074 0.06354166666666666 0.08055555555555556
3 0.7388020833333333 0.7106481481481481 0.1265625 0.15833333333333333
2 0.64453125 0.6509259259259259 0.0078125 0.027777777777777776
2 0.6505208333333333 0.6513888888888889 0.008333333333333333 0.026851851851851852
