3 0.04973958333333333 0.7518518518518519 0.0984375 0.17592592592592593
3 0.13515625 0.6990740740740741 0.15364583333333334 0.17592592592592593
1 0.23932291666666666 0.625 0.0140625 0.07407407407407407
2 0.36354166666666665 0.6282407407407408 0.01875 0.04351851851851852
3 0.3848958333333333 0.6143518518518518 0.04791666666666667 0.032407407407407406
3 0.42473958333333334 0.6050925925925926 0.0171875 0.030555555555555555
3 0.43046875 0.6013888888888889 0.0203125 0.03425925925925926
3 0.45234375 0.5972222222222222 0.011979166666666667 0.022222222222222223
2 0.459375 0.6046296296296296 0.008333333333333333 0.027777777777777776
2 0.46640625 0.6125 0.008854166666666666 0.026851851851851852
3 0.503125 0.6208333333333333 0.059375 0.04537037037037037
3 0.475 0.5962962962962963 0.0125 0.016666666666666666
3 0.503125 0.5944444444444444 0.01875 0.020370370370370372
3 0.5638020833333334 0.600925925925926 0.050520833333333334 0.040740740740740744
3 0.6299479166666667 0.6333333333333333 0.09427083333333333 0.10740740740740741
3 0.690625 0.6388888888888888 0.13020833333333334 0.09259259259259259
3 0.753125 0.6310185185185185 0.1375 0.08611111111111111
5 0.73828125 0.5949074074074074 0.22447916666666667 0.12685185185185185
3 0.8278645833333333 0.6319444444444444 0.09739583333333333 0.0712962962962963
5 0.9489583333333333 0.5833333333333334 0.10104166666666667 0.11666666666666667
