3 0.8416666666666667 0.700462962962963 0.2677083333333333 0.25462962962962965
4 0.035416666666666666 0.5935185185185186 0.07083333333333333 0.11296296296296296
3 0.175 0.6083333333333333 0.046875 0.04814814814814815
5 0.48463541666666665 0.6046296296296296 0.03177083333333333 0.05
5 0.4510416666666667 0.6023148148148149 0.034375 0.04722222222222222
5 0.41875 0.5995370370370371 0.03125 0.04351851851851852
3 0.5151041666666667 0.6175925925925926 0.016666666666666666 0.022222222222222223
3 0.5486979166666667 0.6226851851851852 0.033854166666666664 0.03796296296296296
3 0.74296875 0.6162037037037037 0.0390625 0.04351851851851852
3 0.7127604166666667 0.6175925925925926 0.043229166666666666 0.040740740740740744
3 0.6471354166666666 0.6273148148148148 0.08177083333333333 0.13796296296296295
1 0.4825520833333333 0.6217592592592592 0.011979166666666667 0.04722222222222222
3 0.11848958333333333 0.6083333333333333 0.09010416666666667 0.046296296296296294
2 0.9955729166666667 0.6199074074074075 0.008854166666666666 0.041666666666666664
