3 0.8763020833333334 0.7685185185185185 0.24427083333333333 0.3314814814814815
3 0.6341145833333334 0.6939814814814815 0.1078125 0.13796296296296295
3 0.5653645833333333 0.6837962962962963 0.0546875 0.08796296296296297
3 0.5466145833333333 0.6828703703703703 0.0421875 0.06018518518518518
3 0.53125 0.6824074074074075 0.03229166666666667 0.053703703703703705
3 0.5182291666666666 0.6768518518518518 0.03125 0.05555555555555555
5 0.51015625 0.6611111111111111 0.0234375 0.06111111111111111
2 0.49661458333333336 0.6768518518518518 0.0140625 0.06851851851851852
2 0.48333333333333334 0.6726851851851852 0.0125 0.049074074074074076
3 0.4393229166666667 0.6995370370370371 0.0890625 0.12685185185185185
3 0.39869791666666665 0.6675925925925926 0.0140625 0.024074074074074074
2 0.3729166666666667 0.6791666666666667 0.0125 0.058333333333333334
3 0.3619791666666667 0.6736111111111112 0.026041666666666668 0.03796296296296296
3 0.3299479166666667 0.6791666666666667 0.058854166666666666 0.08425925925925926
1 0.23359375 0.6833333333333333 0.011979166666666667 0.06851851851851852
2 0.21614583333333334 0.6939814814814815 0.025 0.06944444444444445
2 0.10911458333333333 0.7018518518518518 0.011979166666666667 0.044444444444444446
