2 0.7934895833333333 0.6425925925925926 0.09635416666666667 0.19074074074074074
1 0.6932291666666667 0.6319444444444444 0.025 0.13240740740740742
1 0.7263020833333333 0.6175925925925926 0.019270833333333334 0.09259259259259259
1 0.7567708333333333 0.6189814814814815 0.014583333333333334 0.0824074074074074
1 0.6643229166666667 0.6208333333333333 0.0140625 0.0787037037037037
1 0.6802083333333333 0.6143518518518518 0.016666666666666666 0.08796296296296297
1 0.6283854166666667 0.6078703703703704 0.011979166666666667 0.058333333333333334
4 0.4947916666666667 0.6069444444444444 0.027083333333333334 0.06759259259259259
2 0.4734375 0.6189814814814815 0.010416666666666666 0.03796296296296296
3 0.45677083333333335 0.6143518518518518 0.0125 0.021296296296296296
3 0.446875 0.6175925925925926 0.016666666666666666 0.02962962962962963
3 0.4356770833333333 0.6180555555555556 0.021354166666666667 0.032407407407407406
3 0.42135416666666664 0.6185185185185185 0.026041666666666668 0.03888888888888889
3 0.37005208333333334 0.6435185185185185 0.0859375 0.11481481481481481
3 0.2765625 0.6351851851851852 0.078125 0.08703703703703704
3 0.22708333333333333 0.625462962962963 0.06354166666666666 0.09351851851851851
2 0.10703125 0.6361111111111111 0.030729166666666665 0.10740740740740741
2 0.04505208333333333 0.638425925925926 0.0328125 0.11574074074074074
