3 0.28072916666666664 0.6509259259259259 0.03958333333333333 0.046296296296296294
3 0.3028645833333333 0.6453703703703704 0.033854166666666664 0.046296296296296294
3 0.33645833333333336 0.6523148148148148 0.0375 0.04722222222222222
3 0.3575520833333333 0.6458333333333334 0.024479166666666666 0.041666666666666664
3 0.384375 0.6523148148148148 0.03333333333333333 0.04537037037037037
2 0.40520833333333334 0.6486111111111111 0.011458333333333333 0.04537037037037037
3 0.41354166666666664 0.6407407407407407 0.025 0.03888888888888889
4 0.4200520833333333 0.6236111111111111 0.024479166666666666 0.04537037037037037
3 0.47578125 0.6314814814814815 0.009895833333333333 0.012962962962962963
3 0.49609375 0.6449074074074074 0.0171875 0.028703703703703703
5 0.5106770833333333 0.6300925925925925 0.015104166666666667 0.028703703703703703
3 0.5502604166666667 0.6467592592592593 0.0234375 0.032407407407407406
3 0.6291666666666667 0.6467592592592593 0.029166666666666667 0.025
2 0.66796875 0.6731481481481482 0.018229166666666668 0.06296296296296296
2 0.7067708333333333 0.6842592592592592 0.053125 0.07777777777777778
1 0.7888020833333333 0.6731481481481482 0.019270833333333334 0.06851851851851852
2 0.8018229166666667 0.6921296296296297 0.027604166666666666 0.09722222222222222
2 0.9671875 0.7236111111111111 0.04895833333333333 0.15092592592592594
