2 0.3026041666666667 0.6148148148148148 0.015625 0.04814814814814815
2 0.3377604166666667 0.6152777777777778 0.0109375 0.04537037037037037
3 0.39375 0.611574074074074 0.029166666666666667 0.04537037037037037
4 0.40729166666666666 0.5944444444444444 0.03125 0.06851851851851852
3 0.44869791666666664 0.6092592592592593 0.0328125 0.04814814814814815
4 0.4591145833333333 0.5833333333333334 0.03177083333333333 0.08148148148148149
4 0.5338541666666666 0.5925925925925926 0.028125 0.06111111111111111
4 0.5658854166666667 0.5958333333333333 0.027604166666666666 0.05092592592592592
2 0.7059895833333333 0.6231481481481481 0.013020833333333334 0.06111111111111111
2 0.7815104166666667 0.6282407407407408 0.015104166666666667 0.05277777777777778
2 0.82890625 0.6333333333333333 0.021354166666666667 0.09444444444444444
2 0.9401041666666666 0.638425925925926 0.03333333333333333 0.05277777777777778
2 0.31197916666666664 0.6162037037037037 0.010416666666666666 0.03981481481481482
