3 0.07239583333333334 0.6819444444444445 0.14375 0.25462962962962965
3 0.14479166666666668 0.6458333333333334 0.07083333333333333 0.08611111111111111
3 0.20807291666666666 0.6462962962962963 0.09427083333333333 0.11851851851851852
4 0.2 0.5986111111111111 0.07916666666666666 0.13240740740740742
3 0.33151041666666664 0.6851851851851852 0.18697916666666667 0.32222222222222224
3 0.42265625 0.6310185185185185 0.022395833333333334 0.032407407407407406
3 0.47994791666666664 0.6416666666666667 0.0515625 0.08333333333333333
3 0.5138020833333333 0.6601851851851852 0.07864583333333333 0.09444444444444444
3 0.5622395833333333 0.6791666666666667 0.10989583333333333 0.12685185185185185
3 0.6833333333333333 0.6990740740740741 0.240625 0.26666666666666666
3 0.9158854166666667 0.7305555555555555 0.16510416666666666 0.2037037037037037
