2 0.5455729166666666 0.6736111111111112 0.12447916666666667 0.14351851851851852
2 0.16276041666666666 0.6462962962962963 0.0609375 0.0962962962962963
2 0.1140625 0.662962962962963 0.08645833333333333 0.10555555555555556
2 0.04869791666666667 0.6796296296296296 0.09739583333333333 0.14814814814814814
2 0.38723958333333336 0.6263888888888889 0.0140625 0.025
2 0.36875 0.6273148148148148 0.016666666666666666 0.026851851851851852
2 0.33151041666666664 0.6259259259259259 0.009895833333333333 0.016666666666666666
2 0.3143229166666667 0.6273148148148148 0.009895833333333333 0.013888888888888888
2 0.296875 0.6328703703703704 0.01875 0.023148148148148147
1 0.4783854166666667 0.6300925925925925 0.0078125 0.026851851851851852
0 0.45989583333333334 0.6273148148148148 0.005208333333333333 0.028703703703703703
0 0.7466145833333333 0.6467592592592593 0.0328125 0.12685185185185185
1 0.8247395833333333 0.6680555555555555 0.0359375 0.11574074074074074
1 0.8104166666666667 0.6587962962962963 0.035416666666666666 0.09722222222222222
1 0.9713541666666666 0.6796296296296296 0.057291666666666664 0.14074074074074075
