1 0.019270833333333334 0.6101851851851852 0.010416666666666666 0.05555555555555555
3 0.19895833333333332 0.7171296296296297 0.29270833333333335 0.287962962962963
3 0.36328125 0.612037037037037 0.027604166666666666 0.037037037037037035
4 0.41432291666666665 0.5930555555555556 0.0421875 0.07314814814814814
3 0.4354166666666667 0.6296296296296297 0.040625 0.06481481481481481
3 0.53125 0.7162037037037037 0.23125 0.35462962962962963
2 0.6260416666666667 0.6268518518518519 0.014583333333333334 0.05185185185185185
2 0.6809895833333334 0.6333333333333333 0.0171875 0.05740740740740741
2 0.7578125 0.6356481481481482 0.030208333333333334 0.075
1 0.8015625 0.6351851851851852 0.009375 0.053703703703703705
1 0.8643229166666667 0.6425925925925926 0.019270833333333334 0.08888888888888889
3 0.9619791666666667 0.6310185185185185 0.075 0.05648148148148148
