1 0.07942708333333333 0.687037037037037 0.0328125 0.19074074074074074
3 0.16927083333333334 0.6949074074074074 0.11458333333333333 0.11388888888888889
3 0.3145833333333333 0.7296296296296296 0.29583333333333334 0.37592592592592594
3 0.43723958333333335 0.6597222222222222 0.0453125 0.062037037037037036
1 0.4661458333333333 0.6638888888888889 0.008333333333333333 0.040740740740740744
4 0.5143229166666666 0.6518518518518519 0.034895833333333334 0.044444444444444446
4 0.5502604166666667 0.6731481481481482 0.0578125 0.08888888888888889
3 0.5692708333333333 0.6657407407407407 0.03229166666666667 0.06111111111111111
4 0.5885416666666666 0.6532407407407408 0.011458333333333333 0.030555555555555555
1 0.5307291666666667 0.6902777777777778 0.03333333333333333 0.13425925925925927
1 0.5963541666666666 0.6606481481481481 0.009375 0.04351851851851852
1 0.60390625 0.6583333333333333 0.0109375 0.03888888888888889
2 0.6458333333333334 0.6763888888888889 0.019791666666666666 0.08425925925925926
2 0.6653645833333334 0.6708333333333333 0.018229166666666668 0.08981481481481482
1 0.71875 0.6550925925925926 0.009375 0.06018518518518518
1 0.7309895833333333 0.6527777777777778 0.008854166666666666 0.06296296296296296
1 0.7830729166666667 0.6587962962962963 0.0171875 0.09537037037037037
