4 0.20416666666666666 0.6148148148148148 0.15104166666666666 0.17222222222222222
3 0.3302083333333333 0.6666666666666666 0.03125 0.03148148148148148
3 0.37552083333333336 0.6671296296296296 0.03125 0.026851851851851852
3 0.39427083333333335 0.6625 0.017708333333333333 0.023148148148148147
3 0.42291666666666666 0.6564814814814814 0.0125 0.018518518518518517
3 0.4390625 0.6527777777777778 0.011458333333333333 0.016666666666666666
3 0.45677083333333335 0.6597222222222222 0.0125 0.017592592592592594
4 0.4544270833333333 0.6430555555555556 0.021354166666666667 0.04351851851851852
3 0.4817708333333333 0.6513888888888889 0.0125 0.019444444444444445
3 0.4703125 0.65 0.009375 0.014814814814814815
4 0.48854166666666665 0.6435185185185185 0.0125 0.027777777777777776
3 0.5140625 0.6842592592592592 0.051041666666666666 0.08703703703703704
