3 0.22630208333333332 0.6129629629629629 0.05677083333333333 0.053703703703703705
2 0.3026041666666667 0.6134259259259259 0.013541666666666667 0.049074074074074076
3 0.29140625 0.6092592592592593 0.0359375 0.044444444444444446
3 0.35572916666666665 0.6064814814814815 0.014583333333333334 0.014814814814814815
3 0.39817708333333335 0.6342592592592593 0.0703125 0.1
3 0.4546875 0.6208333333333333 0.020833333333333332 0.026851851851851852
3 0.4817708333333333 0.6287037037037037 0.034375 0.04259259259259259
3 0.5385416666666667 0.6416666666666667 0.06666666666666667 0.07962962962962963
2 0.5510416666666667 0.6662037037037037 0.03958333333333333 0.16574074074074074
1 0.6354166666666666 0.6300925925925925 0.0125 0.07314814814814814
4 0.8325520833333333 0.5393518518518519 0.3307291666666667 0.7935185185185185
