2 0.78984375 0.6875 0.016145833333333335 0.06759259259259259
2 0.6184895833333334 0.6726851851851852 0.0078125 0.03796296296296296
2 0.6080729166666666 0.6694444444444444 0.008854166666666666 0.03518518518518519
3 0.5752604166666667 0.6578703703703703 0.030729166666666665 0.028703703703703703
3 0.5109375 0.6587962962962963 0.0125 0.021296296296296296
3 0.4822916666666667 0.6680555555555555 0.029166666666666667 0.04351851851851852
3 0.4635416666666667 0.6569444444444444 0.013541666666666667 0.021296296296296296
5 0.46822916666666664 0.6472222222222223 0.01875 0.037037037037037035
5 0.43776041666666665 0.6449074074074074 0.013020833333333334 0.030555555555555555
5 0.44765625 0.6453703703703704 0.0109375 0.03148148148148148
