3 0.090625 0.7527777777777778 0.18125 0.4
3 0.24270833333333333 0.674074074074074 0.1 0.1111111111111111
3 0.15390625 0.6828703703703703 0.10989583333333333 0.13425925925925927
3 0.3255208333333333 0.6620370370370371 0.06770833333333333 0.07037037037037037
2 0.39921875 0.6597222222222222 0.0140625 0.06388888888888888
3 0.3528645833333333 0.6601851851851852 0.0453125 0.06481481481481481
3 0.49713541666666666 0.6611111111111111 0.04114583333333333 0.06111111111111111
3 0.4432291666666667 0.6351851851851852 0.030208333333333334 0.027777777777777776
3 0.9208333333333333 0.7444444444444445 0.15833333333333333 0.25555555555555554
3 0.7096354166666666 0.6833333333333333 0.1359375 0.1
3 0.6596354166666667 0.6777777777777778 0.10989583333333333 0.07222222222222222
3 0.64609375 0.6671296296296296 0.09947916666666666 0.08796296296296297
