3 0.06015625 0.7171296296296297 0.1203125 0.525
3 0.42552083333333335 0.6726851851851852 0.12083333333333333 0.16944444444444445
1 0.12682291666666667 0.6134259259259259 0.0234375 0.12685185185185185
1 0.18515625 0.6087962962962963 0.0140625 0.06944444444444445
2 0.2171875 0.6319444444444444 0.028125 0.09722222222222222
2 0.32708333333333334 0.625 0.022916666666666665 0.08148148148148149
1 0.30885416666666665 0.6111111111111112 0.007291666666666667 0.03333333333333333
2 0.4986979166666667 0.6333333333333333 0.0171875 0.07222222222222222
2 0.5291666666666667 0.6694444444444444 0.03333333333333333 0.17222222222222222
2 0.5403645833333334 0.6671296296296296 0.0328125 0.15092592592592594
1 0.5653645833333333 0.6356481481481482 0.0171875 0.0824074074074074
2 0.5794270833333334 0.6504629629629629 0.0328125 0.12314814814814815
2 0.6513020833333333 0.6449074074074074 0.03177083333333333 0.06944444444444445
