2 0.21484375 0.687962962962963 0.027604166666666666 0.11851851851851852
2 0.29661458333333335 0.6791666666666667 0.0109375 0.06388888888888888
2 0.36041666666666666 0.6689814814814815 0.009375 0.04722222222222222
2 0.3216145833333333 0.6722222222222223 0.009895833333333333 0.05555555555555555
1 0.2828125 0.6648148148148149 0.008333333333333333 0.040740740740740744
4 0.415625 0.6407407407407407 0.03854166666666667 0.09444444444444444
3 0.4640625 0.6944444444444444 0.08958333333333333 0.13518518518518519
4 0.4744791666666667 0.6300925925925925 0.041666666666666664 0.11018518518518519
3 0.5260416666666666 0.6662037037037037 0.029166666666666667 0.03796296296296296
2 0.5325520833333334 0.6685185185185185 0.0109375 0.06111111111111111
2 0.8026041666666667 0.7069444444444445 0.04895833333333333 0.225
3 0.9208333333333333 0.6300925925925925 0.14791666666666667 0.08981481481481482
