4 0.08645833333333333 0.6462962962962963 0.171875 0.31851851851851853
3 0.24869791666666666 0.6925925925925925 0.06927083333333334 0.07037037037037037
3 0.30078125 0.6694444444444444 0.009895833333333333 0.014814814814814815
3 0.3182291666666667 0.6833333333333333 0.03854166666666667 0.04814814814814815
3 0.3484375 0.675 0.026041666666666668 0.027777777777777776
2 0.39817708333333335 0.6731481481481482 0.005729166666666666 0.027777777777777776
3 0.39765625 0.6722222222222223 0.0140625 0.018518518518518517
1 0.38671875 0.675 0.008854166666666666 0.02962962962962963
2 0.48072916666666665 0.6754629629629629 0.00625 0.026851851851851852
2 0.48984375 0.6800925925925926 0.008854166666666666 0.03796296296296296
1 0.6776041666666667 0.674537037037037 0.013541666666666667 0.06944444444444445
5 0.4544270833333333 0.6601851851851852 0.008854166666666666 0.016666666666666666
1 0.5559895833333334 0.6763888888888889 0.0067708333333333336 0.041666666666666664
