1 0.825 0.6898148148148148 0.010416666666666666 0.06481481481481481
1 0.8130208333333333 0.687037037037037 0.013541666666666667 0.06666666666666667
1 0.7846354166666667 0.6912037037037037 0.011979166666666667 0.062037037037037036
2 0.68984375 0.6925925925925925 0.06927083333333334 0.1
1 0.18880208333333334 0.6509259259259259 0.016145833333333335 0.05740740740740741
1 0.15208333333333332 0.65 0.013541666666666667 0.07407407407407407
1 0.09322916666666667 0.6476851851851851 0.008333333333333333 0.058333333333333334
2 0.05703125 0.6509259259259259 0.04010416666666667 0.07037037037037037
1 0.021354166666666667 0.6449074074074074 0.014583333333333334 0.06759259259259259
3 0.04348958333333333 0.6476851851851851 0.08489583333333334 0.05277777777777778
