3 0.09505208333333333 0.7337962962962963 0.19010416666666666 0.1824074074074074
3 0.16015625 0.7856481481481481 0.2578125 0.2564814814814815
3 0.20885416666666667 0.6773148148148148 0.09895833333333333 0.12314814814814815
3 0.27838541666666666 0.6712962962962963 0.07447916666666667 0.09074074074074075
1 0.12369791666666667 0.6481481481481481 0.019270833333333334 0.08703703703703704
1 0.18046875 0.649074074074074 0.021354166666666667 0.10555555555555556
1 0.2760416666666667 0.6328703703703704 0.014583333333333334 0.062037037037037036
3 0.32109375 0.65 0.05364583333333333 0.08888888888888889
3 0.35078125 0.6416666666666667 0.03697916666666667 0.07222222222222222
3 0.38307291666666665 0.6620370370370371 0.0671875 0.08518518518518518
3 0.3921875 0.6194444444444445 0.030208333333333334 0.04259259259259259
3 0.4427083333333333 0.6189814814814815 0.046875 0.03425925925925926
2 0.46822916666666664 0.6199074074074075 0.011458333333333333 0.041666666666666664
3 0.5036458333333333 0.6101851851851852 0.029166666666666667 0.024074074074074074
3 0.5432291666666667 0.6175925925925926 0.03854166666666667 0.03148148148148148
4 0.7497395833333333 0.6222222222222222 0.14947916666666666 0.0962962962962963
3 0.51171875 0.825925925925926 0.3619791666666667 0.34074074074074073
