3 0.0453125 0.6513888888888889 0.090625 0.13240740740740742
3 0.0609375 0.5925925925925926 0.12291666666666666 0.11851851851851852
3 0.16588541666666667 0.5935185185185186 0.12135416666666667 0.08888888888888889
3 0.21744791666666666 0.5944444444444444 0.1296875 0.0962962962962963
3 0.3067708333333333 0.6050925925925926 0.08229166666666667 0.058333333333333334
3 0.3731770833333333 0.6032407407407407 0.0640625 0.06018518518518518
3 0.42578125 0.6069444444444444 0.0484375 0.04722222222222222
3 0.46484375 0.6092592592592593 0.04114583333333333 0.04259259259259259
4 0.3828125 0.587037037037037 0.090625 0.07222222222222222
5 0.3736979166666667 0.575 0.09947916666666666 0.09259259259259259
3 0.5453125 0.6129629629629629 0.022916666666666665 0.025925925925925925
3 0.5739583333333333 0.6189814814814815 0.03854166666666667 0.049074074074074076
3 0.63203125 0.6106481481481482 0.015104166666666667 0.017592592592592594
3 0.6736979166666667 0.6208333333333333 0.0203125 0.026851851851851852
2 0.9375 0.7055555555555556 0.027083333333333334 0.1037037037037037
2 0.8692708333333333 0.6851851851851852 0.017708333333333333 0.07037037037037037
2 0.8106770833333333 0.6689814814814815 0.0078125 0.03611111111111111
2 0.75234375 0.6652777777777777 0.008854166666666666 0.03796296296296296
3 0.7807291666666667 0.6763888888888889 0.05 0.07314814814814814
3 0.71640625 0.6101851851851852 0.008854166666666666 0.012962962962962963
