3 0.008072916666666667 0.7023148148148148 0.016145833333333335 0.05277777777777778
1 0.022135416666666668 0.7041666666666667 0.0078125 0.04351851851851852
3 0.10442708333333334 0.750462962962963 0.12760416666666666 0.13796296296296295
3 0.165625 0.7152777777777778 0.022916666666666665 0.026851851851851852
3 0.18802083333333333 0.7162037037037037 0.015625 0.025
4 0.26848958333333334 0.6796296296296296 0.1640625 0.37962962962962965
3 0.3809895833333333 0.7472222222222222 0.03697916666666667 0.06481481481481481
3 0.3888020833333333 0.7569444444444444 0.04114583333333333 0.07314814814814814
2 0.42604166666666665 0.7435185185185185 0.008333333333333333 0.03518518518518519
2 0.440625 0.7467592592592592 0.009375 0.03425925925925926
2 0.45729166666666665 0.7509259259259259 0.010416666666666666 0.03888888888888889
2 0.46796875 0.7550925925925925 0.0109375 0.04351851851851852
2 0.47760416666666666 0.7518518518518519 0.008333333333333333 0.044444444444444446
2 0.49140625 0.7620370370370371 0.0140625 0.04814814814814815
2 0.5690104166666666 0.774074074074074 0.015104166666666667 0.07592592592592592
1 0.6091145833333333 0.7680555555555556 0.0140625 0.06018518518518518
2 0.72109375 0.7828703703703703 0.0390625 0.08981481481481482
2 0.7450520833333333 0.8125 0.050520833333333334 0.18425925925925926
2 0.9697916666666667 0.7958333333333333 0.051041666666666666 0.11574074074074074
