2 0.73828125 0.6296296296296297 0.0234375 0.07222222222222222
1 0.6403645833333333 0.611574074074074 0.008854166666666666 0.03981481481481482
2 0.5877604166666667 0.612037037037037 0.008854166666666666 0.027777777777777776
3 0.4908854166666667 0.624537037037037 0.0796875 0.125
4 0.50546875 0.5787037037037037 0.06302083333333333 0.17407407407407408
3 0.42552083333333335 0.6189814814814815 0.04895833333333333 0.08796296296296297
3 0.35520833333333335 0.6287037037037037 0.10520833333333333 0.15
5 0.41119791666666666 0.5935185185185186 0.0296875 0.05925925925925926
4 0.17994791666666668 0.6037037037037037 0.0984375 0.1111111111111111
5 0.32395833333333335 0.5972222222222222 0.04791666666666667 0.07407407407407407
3 0.39505208333333336 0.625462962962963 0.04739583333333333 0.08425925925925926
