3 0.02421875 0.6912037037037037 0.0484375 0.1287037037037037
1 0.14583333333333334 0.6518518518518519 0.013541666666666667 0.06296296296296296
1 0.16953125 0.6481481481481481 0.009895833333333333 0.06296296296296296
1 0.17994791666666668 0.6481481481481481 0.008854166666666666 0.06296296296296296
1 0.21744791666666666 0.6453703703703704 0.0078125 0.05185185185185185
1 0.24713541666666666 0.6444444444444445 0.0078125 0.044444444444444446
1 0.27369791666666665 0.6444444444444445 0.0078125 0.046296296296296294
3 0.4401041666666667 0.637962962962963 0.030208333333333334 0.04259259259259259
3 0.5330729166666667 0.6337962962962963 0.0203125 0.03425925925925926
3 0.5622395833333333 0.6328703703703704 0.016145833333333335 0.025
3 0.6833333333333333 0.6666666666666666 0.09791666666666667 0.1111111111111111
3 0.5091145833333334 0.6222222222222222 0.009895833333333333 0.011111111111111112
3 0.503125 0.6282407407407408 0.011458333333333333 0.01574074074074074
1 0.80234375 0.6388888888888888 0.011979166666666667 0.040740740740740744
3 0.4901041666666667 0.6277777777777778 0.0125 0.012962962962962963
