3 0.26484375 0.6171296296296296 0.08385416666666666 0.04722222222222222
2 0.3223958333333333 0.6226851851851852 0.010416666666666666 0.03611111111111111
2 0.31171875 0.6236111111111111 0.011979166666666667 0.04537037037037037
2 0.3341145833333333 0.6175925925925926 0.013020833333333334 0.046296296296296294
4 0.3736979166666667 0.6074074074074074 0.0453125 0.08518518518518518
3 0.4 0.6189814814814815 0.021875 0.03611111111111111
3 0.41744791666666664 0.6166666666666667 0.0171875 0.027777777777777776
5 0.459375 0.5995370370370371 0.07291666666666667 0.1398148148148148
2 0.52734375 0.6375 0.021354166666666667 0.08055555555555556
2 0.5018229166666667 0.6231481481481481 0.009895833333333333 0.03518518518518519
2 0.5565104166666667 0.6435185185185185 0.030729166666666665 0.08148148148148149
6 0.5794270833333334 0.6537037037037037 0.059895833333333336 0.06111111111111111
