1 0.01171875 0.6175925925925926 0.021354166666666667 0.10555555555555556
3 0.22838541666666667 0.6388888888888888 0.09010416666666667 0.11481481481481481
4 0.36380208333333336 0.5652777777777778 0.09739583333333333 0.20833333333333334
3 0.4708333333333333 0.5990740740740741 0.08333333333333333 0.18333333333333332
3 0.60625 0.6402777777777777 0.08229166666666667 0.10277777777777777
3 0.57734375 0.612037037037037 0.0578125 0.09814814814814815
3 0.559375 0.600925925925926 0.05625 0.06851851851851852
5 0.5278645833333333 0.5611111111111111 0.03177083333333333 0.06851851851851852
3 0.8963541666666667 0.5958333333333333 0.13020833333333334 0.08796296296296297
3 0.8065104166666667 0.5814814814814815 0.09635416666666667 0.07037037037037037
1 0.07447916666666667 0.6300925925925925 0.017708333333333333 0.06944444444444445
4 0.7265625 0.5745370370370371 0.059375 0.049074074074074076
3 0.41640625 0.5879629629629629 0.030729166666666665 0.04259259259259259
