1 0.7940104166666667 0.649074074074074 0.021354166666666667 0.08518518518518518
1 0.77265625 0.6481481481481481 0.018229166666666668 0.08703703703703704
2 0.6140625 0.649537037037037 0.013541666666666667 0.06574074074074074
2 0.5940104166666667 0.6467592592592593 0.013020833333333334 0.05648148148148148
1 0.56796875 0.637962962962963 0.0078125 0.03333333333333333
2 0.51484375 0.6439814814814815 0.0109375 0.03796296296296296
3 0.44453125 0.6680555555555555 0.0765625 0.11018518518518519
3 0.4119791666666667 0.6449074074074074 0.021875 0.03796296296296296
3 0.39895833333333336 0.638425925925926 0.011458333333333333 0.021296296296296296
4 0.3536458333333333 0.6092592592592593 0.07395833333333333 0.14444444444444443
3 0.32265625 0.6625 0.0734375 0.09166666666666666
3 0.28958333333333336 0.649074074074074 0.040625 0.05925925925925926
3 0.24661458333333333 0.6569444444444444 0.0671875 0.075
3 0.18932291666666667 0.6615740740740741 0.09322916666666667 0.10462962962962963
3 0.08463541666666667 0.6708333333333333 0.16197916666666667 0.16944444444444445
