3 0.5450520833333333 0.6134259259259259 0.0171875 0.023148148148148147
3 0.5130208333333334 0.6129629629629629 0.021875 0.03148148148148148
3 0.5234375 0.6148148148148148 0.013541666666666667 0.018518518518518517
1 0.46145833333333336 0.6069444444444444 0.010416666666666666 0.041666666666666664
3 0.38203125 0.6282407407407408 0.06302083333333333 0.0824074074074074
2 0.32057291666666665 0.611574074074074 0.013020833333333334 0.04537037037037037
2 0.28463541666666664 0.6106481481481482 0.015104166666666667 0.04351851851851852
2 0.178125 0.6106481481481482 0.028125 0.062037037037037036
3 0.041666666666666664 0.6416666666666667 0.08229166666666667 0.17407407407407408
2 0.41822916666666665 0.6069444444444444 0.007291666666666667 0.023148148148148147
1 0.40911458333333334 0.6037037037037037 0.0078125 0.02962962962962963
