3 0.15234375 0.675 0.0390625 0.040740740740740744
3 0.17057291666666666 0.675 0.0421875 0.040740740740740744
1 0.17708333333333334 0.674537037037037 0.010416666666666666 0.04351851851851852
3 0.19479166666666667 0.6726851851851852 0.030208333333333334 0.03796296296296296
3 0.22734375 0.6759259259259259 0.018229166666666668 0.025925925925925925
3 0.2552083333333333 0.6888888888888889 0.035416666666666666 0.044444444444444446
3 0.303125 0.6805555555555556 0.01875 0.025925925925925925
3 0.28072916666666664 0.674074074074074 0.022916666666666665 0.025925925925925925
3 0.33958333333333335 0.6777777777777778 0.015625 0.018518518518518517
3 0.35442708333333334 0.6731481481481482 0.019270833333333334 0.025925925925925925
6 0.3143229166666667 0.6805555555555556 0.0140625 0.03333333333333333
3 0.39947916666666666 0.6759259259259259 0.019791666666666666 0.027777777777777776
2 0.7059895833333333 0.7060185185185185 0.04010416666666667 0.1361111111111111
3 0.81640625 0.6828703703703703 0.10677083333333333 0.10648148148148148
3 0.9065104166666667 0.6851851851851852 0.0953125 0.08888888888888889
3 0.9692708333333333 0.6805555555555556 0.06145833333333333 0.08703703703703704
