3 0.8927083333333333 0.787962962962963 0.21458333333333332 0.42592592592592593
3 0.6145833333333334 0.6601851851851852 0.05416666666666667 0.09259259259259259
3 0.6755208333333333 0.6888888888888889 0.103125 0.13333333333333333
4 0.5484375 0.5976851851851852 0.171875 0.36944444444444446
3 0.5359375 0.5365740740740741 0.125 0.24537037037037038
3 0.45677083333333335 0.6430555555555556 0.016666666666666666 0.032407407407407406
3 0.44453125 0.6476851851851851 0.022395833333333334 0.032407407407407406
3 0.42213541666666665 0.649537037037037 0.0359375 0.04537037037037037
5 0.3828125 0.6231481481481481 0.06145833333333333 0.0962962962962963
3 0.30859375 0.6606481481481481 0.09322916666666667 0.09166666666666666
5 0.25416666666666665 0.6134259259259259 0.08020833333333334 0.16944444444444445
3 0.09348958333333333 0.7013888888888888 0.18697916666666667 0.2212962962962963
