1 0.9229166666666667 0.6680555555555555 0.023958333333333335 0.12685185185185185
1 0.9059895833333333 0.6578703703703703 0.0140625 0.10277777777777777
1 0.8927083333333333 0.6587962962962963 0.0125 0.09166666666666666
2 0.790625 0.6930555555555555 0.04375 0.175
1 0.7692708333333333 0.6351851851851852 0.014583333333333334 0.06666666666666667
1 0.7557291666666667 0.649074074074074 0.019791666666666666 0.1
1 0.7028645833333333 0.6527777777777778 0.009895833333333333 0.07037037037037037
2 0.6731770833333334 0.6935185185185185 0.050520833333333334 0.17777777777777778
2 0.62265625 0.6620370370370371 0.019270833333333334 0.09259259259259259
2 0.58984375 0.6555555555555556 0.015104166666666667 0.06666666666666667
1 0.6377604166666667 0.6407407407407407 0.009895833333333333 0.05740740740740741
3 0.53671875 0.6689814814814815 0.06927083333333334 0.09537037037037037
5 0.41770833333333335 0.6092592592592593 0.09479166666666666 0.1814814814814815
5 0.07265625 0.562962962962963 0.14427083333333332 0.6518518518518519
3 0.1984375 0.6611111111111111 0.09791666666666667 0.09074074074074075
1 0.25078125 0.638425925925926 0.0109375 0.05277777777777778
3 0.29739583333333336 0.6620370370370371 0.08125 0.09814814814814815
3 0.33984375 0.649074074074074 0.0484375 0.06666666666666667
5 0.32395833333333335 0.6277777777777778 0.05416666666666667 0.09074074074074075
3 0.49453125 0.6393518518518518 0.028645833333333332 0.04537037037037037
