3 0.17213541666666668 0.6111111111111112 0.07552083333333333 0.07407407407407407
3 0.23802083333333332 0.6087962962962963 0.065625 0.05462962962962963
3 0.2643229166666667 0.6097222222222223 0.06197916666666667 0.049074074074074076
3 0.27005208333333336 0.5972222222222222 0.0734375 0.053703703703703705
2 0.3932291666666667 0.6601851851851852 0.017708333333333333 0.06666666666666667
2 0.45859375 0.6157407407407407 0.0067708333333333336 0.025925925925925925
3 0.5049479166666667 0.6523148148148148 0.0515625 0.10092592592592593
3 0.54609375 0.6273148148148148 0.024479166666666666 0.03611111111111111
3 0.5677083333333334 0.6407407407407407 0.029166666666666667 0.044444444444444446
3 0.5927083333333333 0.6583333333333333 0.04375 0.06296296296296296
3 0.6736979166666667 0.7027777777777777 0.10572916666666667 0.1425925925925926
1 0.9661458333333334 0.6935185185185185 0.026041666666666668 0.10740740740740741
1 0.7997395833333333 0.8393518518518519 0.1015625 0.3194444444444444
3 0.8877604166666667 0.8662037037037037 0.22447916666666667 0.2657407407407407
