1 0.7783854166666667 0.6425925925925926 0.021354166666666667 0.07777777777777778
2 0.7041666666666667 0.6518518518518519 0.028125 0.0962962962962963
2 0.678125 0.6462962962962963 0.023958333333333335 0.08518518518518518
2 0.625 0.6300925925925925 0.013541666666666667 0.062037037037037036
2 0.5059895833333333 0.6342592592592593 0.009895833333333333 0.037037037037037035
2 0.49895833333333334 0.6305555555555555 0.008333333333333333 0.037037037037037035
2 0.4901041666666667 0.6319444444444444 0.009375 0.041666666666666664
3 0.45677083333333335 0.6481481481481481 0.057291666666666664 0.08333333333333333
3 0.425 0.6268518518518519 0.030208333333333334 0.05555555555555555
3 0.41041666666666665 0.6296296296296297 0.016666666666666666 0.03148148148148148
4 0.35572916666666665 0.5888888888888889 0.09166666666666666 0.17962962962962964
3 0.2838541666666667 0.6569444444444444 0.11979166666666667 0.13055555555555556
3 0.17395833333333333 0.6453703703703704 0.12291666666666666 0.12962962962962962
3 0.12838541666666667 0.6472222222222223 0.10677083333333333 0.08703703703703704
3 0.032552083333333336 0.6416666666666667 0.06302083333333333 0.21481481481481482
