3 0.4901041666666667 0.6361111111111111 0.035416666666666666 0.05925925925925926
3 0.4278645833333333 0.6291666666666667 0.05572916666666667 0.041666666666666664
3 0.30234375 0.6351851851851852 0.06510416666666667 0.04259259259259259
3 0.22838541666666667 0.6370370370370371 0.0859375 0.05925925925925926
2 0.2546875 0.6467592592592593 0.03125 0.09722222222222222
2 0.08229166666666667 0.6777777777777778 0.08229166666666667 0.1962962962962963
3 0.09895833333333333 0.6314814814814815 0.11458333333333333 0.06481481481481481
3 0.0203125 0.6393518518518518 0.03958333333333333 0.06388888888888888
2 0.8864583333333333 0.6370370370370371 0.027083333333333334 0.06111111111111111
2 0.68203125 0.6453703703703704 0.0109375 0.046296296296296294
3 0.6489583333333333 0.6328703703703704 0.021875 0.03425925925925926
1 0.9927083333333333 0.6421296296296296 0.014583333333333334 0.13425925925925927
