3 0.9494791666666667 0.6277777777777778 0.08333333333333333 0.10185185185185185
3 0.8893229166666666 0.6222222222222222 0.08385416666666666 0.08888888888888889
3 0.8169270833333333 0.6194444444444445 0.0703125 0.07407407407407407
3 0.7375 0.6138888888888889 0.07708333333333334 0.044444444444444446
2 0.6033854166666667 0.6527777777777778 0.1046875 0.17962962962962964
2 0.53359375 0.6171296296296296 0.011979166666666667 0.03611111111111111
5 0.5041666666666667 0.5949074074074074 0.0375 0.07685185185185185
3 0.48151041666666666 0.6083333333333333 0.0140625 0.020370370370370372
3 0.46197916666666666 0.6046296296296296 0.014583333333333334 0.024074074074074074
5 0.41041666666666665 0.600925925925926 0.01875 0.03333333333333333
3 0.3796875 0.6129629629629629 0.035416666666666666 0.044444444444444446
3 0.340625 0.6175925925925926 0.0375 0.04814814814814815
3 0.10286458333333333 0.6476851851851851 0.1296875 0.15833333333333333
