3 0.96640625 0.6439814814814815 0.06614583333333333 0.06944444444444445
1 0.8640625 0.6486111111111111 0.015625 0.0712962962962963
3 0.8604166666666667 0.6555555555555556 0.084375 0.06666666666666667
2 0.80078125 0.6768518518518518 0.04739583333333333 0.13333333333333333
2 0.7526041666666666 0.6643518518518519 0.026041666666666668 0.08611111111111111
3 0.5377604166666666 0.6865740740740741 0.08802083333333334 0.10648148148148148
3 0.490625 0.6606481481481481 0.027083333333333334 0.05462962962962963
5 0.49895833333333334 0.6458333333333334 0.04583333333333333 0.07314814814814814
3 0.4591145833333333 0.6601851851851852 0.0203125 0.03148148148148148
3 0.44244791666666666 0.6643518518518519 0.024479166666666666 0.04537037037037037
3 0.42083333333333334 0.6671296296296296 0.040625 0.06759259259259259
3 0.3815104166666667 0.6694444444444444 0.028645833333333332 0.03518518518518519
3 0.33489583333333334 0.674537037037037 0.051041666666666666 0.08425925925925926
3 0.0078125 0.7180555555555556 0.015625 0.10462962962962963
