1 0.09609375 0.6657407407407407 0.013020833333333334 0.07222222222222222
1 0.11796875 0.6550925925925926 0.0171875 0.08611111111111111
3 0.1515625 0.6504629629629629 0.08645833333333333 0.062037037037037036
3 0.23098958333333333 0.6884259259259259 0.14427083333333332 0.13796296296296295
3 0.34479166666666666 0.6481481481481481 0.051041666666666666 0.03518518518518519
3 0.42578125 0.6555555555555556 0.0421875 0.05
3 0.47734375 0.649074074074074 0.022395833333333334 0.03333333333333333
3 0.52421875 0.649537037037037 0.0171875 0.023148148148148147
3 0.5450520833333333 0.6486111111111111 0.011979166666666667 0.017592592592592594
2 0.5580729166666667 0.6509259259259259 0.0078125 0.027777777777777776
2 0.5692708333333333 0.6592592592592592 0.013541666666666667 0.046296296296296294
1 0.7013020833333333 0.6541666666666667 0.0203125 0.0787037037037037
3 0.08359375 0.6453703703703704 0.07760416666666667 0.05
