3 0.77421875 0.6314814814814815 0.11197916666666667 0.07222222222222222
3 0.74765625 0.6185185185185185 0.11510416666666666 0.08518518518518518
1 0.6765625 0.6083333333333333 0.009375 0.05
2 0.65703125 0.6375 0.0203125 0.09537037037037037
3 0.66640625 0.5837962962962963 0.013020833333333334 0.023148148148148147
3 0.6309895833333333 0.5851851851851851 0.027604166666666666 0.020370370370370372
3 0.6065104166666667 0.5879629629629629 0.016145833333333335 0.024074074074074074
3 0.5997395833333333 0.5907407407407408 0.013020833333333334 0.022222222222222223
4 0.58515625 0.5828703703703704 0.0296875 0.06574074074074074
5 0.5473958333333333 0.5949074074074074 0.06875 0.1287037037037037
4 0.49453125 0.5722222222222222 0.04010416666666667 0.05740740740740741
4 0.40572916666666664 0.5731481481481482 0.0125 0.027777777777777776
3 0.38385416666666666 0.6041666666666666 0.04583333333333333 0.049074074074074076
4 0.28802083333333334 0.5717592592592593 0.046875 0.0824074074074074
3 0.26536458333333335 0.6212962962962963 0.07447916666666667 0.07222222222222222
4 0.23229166666666667 0.5939814814814814 0.03854166666666667 0.05277777777777778
3 0.19114583333333332 0.5898148148148148 0.028125 0.037037037037037035
