3 0.05755208333333333 0.600925925925926 0.1140625 0.1962962962962963
3 0.1453125 0.6023148148148149 0.109375 0.1175925925925926
3 0.20130208333333333 0.5976851851851852 0.07135416666666666 0.08981481481481482
2 0.265625 0.5902777777777778 0.010416666666666666 0.041666666666666664
3 0.32265625 0.5916666666666667 0.0296875 0.037037037037037035
3 0.3776041666666667 0.5893518518518519 0.01875 0.025
4 0.40963541666666664 0.5828703703703704 0.022395833333333334 0.03425925925925926
3 0.4114583333333333 0.5981481481481481 0.027083333333333334 0.037037037037037035
3 0.43307291666666664 0.5893518518518519 0.03697916666666667 0.023148148148148147
2 0.44453125 0.5953703703703703 0.008854166666666666 0.027777777777777776
3 0.63671875 0.6018518518518519 0.044270833333333336 0.040740740740740744
3 0.7864583333333334 0.6319444444444444 0.096875 0.08425925925925926
