5 0.14609375 0.5694444444444444 0.0234375 0.020370370370370372
3 0.15286458333333333 0.5796296296296296 0.015104166666666667 0.020370370370370372
3 0.1625 0.6083333333333333 0.03958333333333333 0.05555555555555555
3 0.11796875 0.5787037037037037 0.0109375 0.016666666666666666
3 0.1078125 0.5842592592592593 0.013541666666666667 0.020370370370370372
3 0.10260416666666666 0.587037037037037 0.013541666666666667 0.020370370370370372
3 0.09583333333333334 0.5861111111111111 0.014583333333333334 0.02962962962962963
3 0.0859375 0.5921296296296297 0.021875 0.032407407407407406
3 0.06822916666666666 0.5953703703703703 0.022916666666666665 0.037037037037037035
3 0.015885416666666666 0.6231481481481481 0.03177083333333333 0.08148148148148149
2 0.09166666666666666 0.6129629629629629 0.03125 0.06851851851851852
