1 0.20572916666666666 0.7023148148148148 0.022916666666666665 0.075
1 0.19010416666666666 0.7180555555555556 0.0125 0.04351851851851852
3 0.49140625 0.7347222222222223 0.13177083333333334 0.19537037037037036
2 0.43984375 0.6754629629629629 0.013020833333333334 0.04351851851851852
2 0.5572916666666666 0.6555555555555556 0.00625 0.025925925925925925
2 0.5783854166666667 0.649074074074074 0.005729166666666666 0.022222222222222223
3 0.6059895833333333 0.6597222222222222 0.021354166666666667 0.030555555555555555
5 0.62421875 0.6361111111111111 0.018229166666666668 0.040740740740740744
2 0.6380208333333334 0.6620370370370371 0.007291666666666667 0.037037037037037035
2 0.6674479166666667 0.6592592592592592 0.0078125 0.02962962962962963
3 0.7203125 0.7217592592592592 0.1125 0.15092592592592594
1 0.79375 0.7189814814814814 0.04583333333333333 0.1638888888888889
1 0.8169270833333333 0.7134259259259259 0.0359375 0.16574074074074074
1 0.8388020833333333 0.7069444444444445 0.027604166666666666 0.14351851851851852
1 0.8588541666666667 0.712037037037037 0.034375 0.13703703703703704
1 0.8859375 0.6967592592592593 0.021875 0.12314814814814815
3 0.9153645833333334 0.7643518518518518 0.16822916666666668 0.21574074074074073
