3 0.11015625 0.6935185185185185 0.17864583333333334 0.1925925925925926
3 0.29661458333333335 0.7291666666666666 0.0515625 0.05277777777777778
3 0.32421875 0.725925925925926 0.034895833333333334 0.05185185185185185
1 0.3502604166666667 0.7236111111111111 0.0109375 0.058333333333333334
3 0.35911458333333335 0.7231481481481481 0.024479166666666666 0.037037037037037035
3 0.41640625 0.7189814814814814 0.0140625 0.021296296296296296
3 0.37265625 0.7240740740740741 0.0203125 0.03518518518518519
2 0.515625 0.7273148148148149 0.010416666666666666 0.041666666666666664
3 0.6026041666666667 0.7328703703703704 0.06354166666666666 0.09537037037037037
3 0.7911458333333333 0.7953703703703704 0.21770833333333334 0.20925925925925926
3 0.8869791666666667 0.8958333333333334 0.04375 0.14351851851851852
3 0.9484375 0.6944444444444444 0.10104166666666667 0.1111111111111111
4 0.49296875 0.7129629629629629 0.016145833333333335 0.02962962962962963
