2 0.9234375 0.6893518518518519 0.058333333333333334 0.11574074074074074
1 0.853125 0.6680555555555555 0.021875 0.0787037037037037
2 0.6479166666666667 0.649074074074074 0.014583333333333334 0.037037037037037035
3 0.6424479166666667 0.6439814814814815 0.0359375 0.03611111111111111
2 0.5723958333333333 0.6412037037037037 0.009375 0.019444444444444445
3 0.5424479166666667 0.6453703703703704 0.0234375 0.04814814814814815
4 0.5315104166666667 0.6412037037037037 0.022395833333333334 0.041666666666666664
5 0.521875 0.6314814814814815 0.023958333333333335 0.046296296296296294
3 0.4934895833333333 0.6481481481481481 0.025520833333333333 0.037037037037037035
3 0.6723958333333333 0.6421296296296296 0.03854166666666667 0.03425925925925926
