3 0.9552083333333333 0.6921296296296297 0.090625 0.10092592592592593
3 0.9338541666666667 0.6731481481481482 0.07708333333333334 0.08888888888888889
2 0.9130208333333333 0.7013888888888888 0.09375 0.16574074074074074
4 0.86328125 0.6402777777777777 0.08177083333333333 0.10277777777777777
3 0.8109375 0.6699074074074074 0.07708333333333334 0.08611111111111111
4 0.76484375 0.6402777777777777 0.018229166666666668 0.03611111111111111
3 0.7510416666666667 0.6643518518518519 0.040625 0.05648148148148148
3 0.6815104166666667 0.662962962962963 0.04739583333333333 0.07407407407407407
3 0.64609375 0.6574074074074074 0.0296875 0.040740740740740744
3 0.6307291666666667 0.6592592592592592 0.03229166666666667 0.05555555555555555
3 0.6190104166666667 0.6657407407407407 0.0453125 0.05925925925925926
2 0.5393229166666667 0.6662037037037037 0.022395833333333334 0.06574074074074074
2 0.4973958333333333 0.6671296296296296 0.020833333333333332 0.06759259259259259
1 0.48880208333333336 0.6587962962962963 0.013020833333333334 0.058333333333333334
2 0.46953125 0.6680555555555555 0.019270833333333334 0.062037037037037036
2 0.42109375 0.6666666666666666 0.03177083333333333 0.06666666666666667
3 0.0796875 0.6847222222222222 0.15833333333333333 0.21574074074074073
