1 0.7971354166666667 0.6574074074074074 0.018229166666666668 0.12407407407407407
2 0.83203125 0.7462962962962963 0.07552083333333333 0.2111111111111111
2 0.87734375 0.8203703703703704 0.1296875 0.3592592592592593
1 0.6122395833333333 0.6282407407407408 0.0140625 0.06388888888888888
2 0.5515625 0.6351851851851852 0.01875 0.07407407407407407
2 0.5263020833333333 0.6361111111111111 0.013020833333333334 0.05555555555555555
2 0.4901041666666667 0.6143518518518518 0.010416666666666666 0.03611111111111111
2 0.47890625 0.6060185185185185 0.009895833333333333 0.03796296296296296
2 0.4622395833333333 0.6041666666666666 0.008854166666666666 0.03611111111111111
1 0.44296875 0.5976851851851852 0.0046875 0.021296296296296296
3 0.41692708333333334 0.5972222222222222 0.0171875 0.025925925925925925
3 0.3963541666666667 0.5935185185185186 0.014583333333333334 0.024074074074074074
4 0.40260416666666665 0.5879629629629629 0.014583333333333334 0.025925925925925925
3 0.38359375 0.5972222222222222 0.019270833333333334 0.027777777777777776
3 0.37604166666666666 0.5912037037037037 0.010416666666666666 0.01574074074074074
3 0.3653645833333333 0.5921296296296297 0.015104166666666667 0.021296296296296296
3 0.34765625 0.5916666666666667 0.021354166666666667 0.03333333333333333
3 0.32838541666666665 0.6050925925925926 0.049479166666666664 0.06388888888888888
3 0.26067708333333334 0.5875 0.03697916666666667 0.05277777777777778
2 0.21197916666666666 0.5916666666666667 0.009375 0.02962962962962963
2 0.17682291666666666 0.5944444444444444 0.0140625 0.040740740740740744
2 0.15833333333333333 0.5981481481481481 0.013541666666666667 0.044444444444444446
3 0.0453125 0.5884259259259259 0.04791666666666667 0.03611111111111111
