3 0.96640625 0.5949074074074074 0.06822916666666666 0.075
2 0.8799479166666667 0.6018518518518519 0.027604166666666666 0.05740740740740741
3 0.8223958333333333 0.6134259259259259 0.12708333333333333 0.0787037037037037
3 0.78984375 0.6018518518518519 0.09114583333333333 0.06296296296296296
2 0.7072916666666667 0.6111111111111112 0.020833333333333332 0.044444444444444446
2 0.6856770833333333 0.611574074074074 0.025520833333333333 0.04537037037037037
2 0.65546875 0.611574074074074 0.0234375 0.04537037037037037
1 0.50859375 0.6851851851851852 0.0640625 0.43148148148148147
3 0.4895833333333333 0.6175925925925926 0.10104166666666667 0.06851851851851852
3 0.4518229166666667 0.6037037037037037 0.034895833333333334 0.053703703703703705
1 0.4388020833333333 0.6620370370370371 0.09322916666666667 0.40185185185185185
3 0.3580729166666667 0.6157407407407407 0.1484375 0.0962962962962963
3 0.2864583333333333 0.6185185185185185 0.09583333333333334 0.06666666666666667
3 0.22447916666666667 0.6476851851851851 0.11770833333333333 0.14907407407407408
3 0.06848958333333334 0.6300925925925925 0.13697916666666668 0.10277777777777777
2 0.02578125 0.6268518518518519 0.0515625 0.13333333333333333
