3 0.9307291666666667 0.7689814814814815 0.1375 0.2657407407407407
3 0.8778645833333333 0.6990740740740741 0.24322916666666666 0.29074074074074074
3 0.778125 0.6583333333333333 0.27395833333333336 0.19074074074074074
2 0.14921875 0.6486111111111111 0.05260416666666667 0.1935185185185185
1 0.20989583333333334 0.6074074074074074 0.016666666666666666 0.0962962962962963
1 0.23020833333333332 0.6162037037037037 0.0125 0.075
1 0.33203125 0.6231481481481481 0.013020833333333334 0.07407407407407407
2 0.3880208333333333 0.6166666666666667 0.014583333333333334 0.06481481481481481
3 0.41901041666666666 0.6189814814814815 0.03697916666666667 0.05462962962962963
3 0.4791666666666667 0.6263888888888889 0.042708333333333334 0.06018518518518518
3 0.6111979166666667 0.6263888888888889 0.13489583333333333 0.08611111111111111
3 0.6325520833333333 0.6361111111111111 0.13489583333333333 0.08333333333333333
3 0.6768229166666667 0.6476851851851851 0.1796875 0.11574074074074074
