1 0.8411458333333334 0.6662037037037037 0.016666666666666666 0.08055555555555556
1 0.5359375 0.7138888888888889 0.06041666666666667 0.2111111111111111
5 0.51953125 0.6402777777777777 0.0140625 0.026851851851851852
1 0.46119791666666665 0.6953703703703704 0.0734375 0.28888888888888886
1 0.36484375 0.7074074074074074 0.0515625 0.30925925925925923
5 0.30104166666666665 0.6231481481481481 0.11770833333333333 0.15185185185185185
2 0.15703125 0.7064814814814815 0.1203125 0.24444444444444444
1 0.10260416666666666 0.6662037037037037 0.03854166666666667 0.12314814814814815
2 0.038802083333333334 0.6550925925925926 0.04635416666666667 0.08425925925925926
1 0.01640625 0.6717592592592593 0.03177083333333333 0.11388888888888889
