3 0.8059895833333334 0.7101851851851851 0.11822916666666666 0.1259259259259259
3 0.7505208333333333 0.6949074074074074 0.0875 0.09907407407407408
3 0.6666666666666666 0.6805555555555556 0.04791666666666667 0.06666666666666667
1 0.6377604166666667 0.6754629629629629 0.0140625 0.06944444444444445
6 0.6122395833333333 0.6833333333333333 0.0453125 0.12962962962962962
3 0.63125 0.6680555555555555 0.030208333333333334 0.04351851851851852
1 0.4671875 0.6638888888888889 0.011458333333333333 0.07222222222222222
2 0.5294270833333333 0.6578703703703703 0.005729166666666666 0.028703703703703703
1 0.49765625 0.6504629629629629 0.0046875 0.025
3 0.5432291666666667 0.6541666666666667 0.011458333333333333 0.017592592592592594
3 0.5484375 0.6527777777777778 0.010416666666666666 0.014814814814814815
2 0.571875 0.6606481481481481 0.008333333333333333 0.026851851851851852
