3 0.05546875 0.6347222222222222 0.1109375 0.16574074074074074
1 0.12942708333333333 0.6430555555555556 0.013020833333333334 0.07685185185185185
2 0.29661458333333335 0.6365740740740741 0.021354166666666667 0.04537037037037037
3 0.30026041666666664 0.6375 0.0390625 0.04722222222222222
2 0.36484375 0.6625 0.043229166666666666 0.16018518518518518
3 0.4359375 0.625 0.004166666666666667 0.016666666666666666
4 0.44192708333333336 0.6180555555555556 0.0109375 0.023148148148148147
4 0.4510416666666667 0.6101851851851852 0.03333333333333333 0.024074074074074074
2 0.46119791666666665 0.6236111111111111 0.0078125 0.025
2 0.47890625 0.6231481481481481 0.0067708333333333336 0.025925925925925925
3 0.5013020833333334 0.6240740740740741 0.025520833333333333 0.03888888888888889
3 0.540625 0.6407407407407407 0.078125 0.12037037037037036
