3 0.12161458333333333 0.7185185185185186 0.1046875 0.11481481481481481
3 0.14921875 0.6625 0.04739583333333333 0.06574074074074074
3 0.24088541666666666 0.6583333333333333 0.0328125 0.03888888888888889
3 0.2604166666666667 0.6472222222222223 0.022916666666666665 0.03333333333333333
3 0.28541666666666665 0.6300925925925925 0.015625 0.025
3 0.30130208333333336 0.6282407407407408 0.0109375 0.017592592592592594
2 0.32005208333333335 0.6296296296296297 0.008854166666666666 0.02962962962962963
3 0.6786458333333333 0.6708333333333333 0.15625 0.08981481481481482
3 0.6276041666666666 0.6611111111111111 0.10520833333333333 0.09814814814814815
3 0.5526041666666667 0.6615740740740741 0.07395833333333333 0.07685185185185185
3 0.5229166666666667 0.6550925925925926 0.08125 0.06574074074074074
3 0.49322916666666666 0.6453703703703704 0.052083333333333336 0.05555555555555555
6 0.45078125 0.6819444444444445 0.04010416666666667 0.07685185185185185
1 0.7130208333333333 0.6375 0.015625 0.062037037037037036
