3 0.23255208333333333 0.6949074074074074 0.12239583333333333 0.14351851851851852
3 0.32109375 0.7152777777777778 0.1390625 0.175
3 0.37942708333333336 0.6662037037037037 0.034895833333333334 0.05277777777777778
3 0.4200520833333333 0.687962962962963 0.059895833333333336 0.07962962962962963
3 0.4505208333333333 0.6689814814814815 0.03229166666666667 0.049074074074074076
4 0.46822916666666664 0.6509259259259259 0.020833333333333332 0.04814814814814815
3 0.5010416666666667 0.6986111111111111 0.08229166666666667 0.14351851851851852
1 0.7341145833333333 0.6694444444444444 0.0140625 0.07037037037037037
1 0.7934895833333333 0.7175925925925926 0.028645833333333332 0.11851851851851852
3 0.7067708333333333 0.6606481481481481 0.051041666666666666 0.04722222222222222
