3 0.028125 0.6601851851851852 0.05625 0.06666666666666667
3 0.07994791666666666 0.6435185185185185 0.11510416666666666 0.07407407407407407
3 0.20286458333333332 0.6458333333333334 0.07864583333333333 0.05092592592592592
3 0.22421875 0.638425925925926 0.07239583333333334 0.049074074074074076
3 0.29661458333333335 0.6337962962962963 0.0578125 0.03611111111111111
3 0.3763020833333333 0.649537037037037 0.04635416666666667 0.05277777777777778
3 0.48802083333333335 0.6356481481481482 0.013541666666666667 0.023148148148148147
3 0.47734375 0.6347222222222222 0.021354166666666667 0.032407407407407406
3 0.4427083333333333 0.6449074074074074 0.04791666666666667 0.06759259259259259
3 0.52265625 0.638425925925926 0.025520833333333333 0.03611111111111111
3 0.5549479166666667 0.6481481481481481 0.049479166666666664 0.07222222222222222
5 0.8020833333333334 0.5958333333333333 0.228125 0.25092592592592594
2 0.23203125 0.6430555555555556 0.027604166666666666 0.05648148148148148
