2 0.019010416666666665 0.6685185185185185 0.03177083333333333 0.06851851851851852
2 0.29140625 0.6564814814814814 0.013020833333333334 0.05
3 0.4622395833333333 0.6467592592592593 0.0140625 0.017592592592592594
3 0.45 0.6449074074074074 0.015625 0.021296296296296296
3 0.4200520833333333 0.6486111111111111 0.0203125 0.025
4 0.5010416666666667 0.6518518518518519 0.08958333333333333 0.1425925925925926
3 0.49557291666666664 0.5879629629629629 0.06614583333333333 0.12962962962962962
5 0.54140625 0.6356481481481482 0.027604166666666666 0.062037037037037036
2 0.6333333333333333 0.6611111111111111 0.010416666666666666 0.037037037037037035
2 0.6473958333333333 0.6625 0.013541666666666667 0.03981481481481482
2 0.7783854166666667 0.6773148148148148 0.0234375 0.0712962962962963
