3 0.054947916666666666 0.6907407407407408 0.10989583333333333 0.16666666666666666
3 0.13619791666666667 0.6958333333333333 0.09010416666666667 0.10277777777777777
3 0.28072916666666664 0.6768518518518518 0.03229166666666667 0.044444444444444446
3 0.6098958333333333 0.674537037037037 0.036458333333333336 0.049074074074074076
3 0.58203125 0.675 0.030729166666666665 0.03888888888888889
2 0.546875 0.6819444444444445 0.013541666666666667 0.04537037037037037
2 0.53203125 0.6782407407407407 0.0109375 0.04351851851851852
3 0.40963541666666664 0.6884259259259259 0.044270833333333336 0.058333333333333334
3 0.44166666666666665 0.6782407407407407 0.022916666666666665 0.030555555555555555
3 0.39375 0.6782407407407407 0.023958333333333335 0.041666666666666664
3 0.33567708333333335 0.6759259259259259 0.018229166666666668 0.025925925925925925
3 0.35651041666666666 0.674537037037037 0.0171875 0.026851851851851852
5 0.36692708333333335 0.6657407407407407 0.021354166666666667 0.040740740740740744
5 0.3888020833333333 0.6643518518518519 0.011979166666666667 0.030555555555555555
