2 0.9822916666666667 0.7171296296296297 0.035416666666666666 0.1287037037037037
2 0.6588541666666666 0.6722222222222223 0.010416666666666666 0.04259259259259259
2 0.6130208333333333 0.6657407407407407 0.008333333333333333 0.03333333333333333
3 0.5645833333333333 0.6546296296296297 0.029166666666666667 0.024074074074074074
2 0.5356770833333333 0.6583333333333333 0.005729166666666666 0.022222222222222223
3 0.5174479166666667 0.6560185185185186 0.0140625 0.023148148148148147
3 0.4861979166666667 0.6652777777777777 0.030729166666666665 0.041666666666666664
5 0.4661458333333333 0.6416666666666667 0.019791666666666666 0.046296296296296294
3 0.45677083333333335 0.6560185185185186 0.019791666666666666 0.028703703703703703
5 0.4317708333333333 0.6407407407407407 0.014583333333333334 0.037037037037037035
5 0.4440104166666667 0.6421296296296296 0.0140625 0.03425925925925926
3 0.0140625 0.6402777777777777 0.029166666666666667 0.05462962962962963
