1 0.640625 0.7314814814814815 0.027083333333333334 0.1925925925925926
3 0.8 0.6259259259259259 0.011458333333333333 0.018518518518518517
2 0.7979166666666667 0.6287037037037037 0.00625 0.025925925925925925
3 0.8127604166666667 0.624537037037037 0.011979166666666667 0.01574074074074074
4 0.8083333333333333 0.6157407407407407 0.011458333333333333 0.02962962962962963
3 0.8213541666666667 0.6212962962962963 0.015625 0.03333333333333333
3 0.82890625 0.624537037037037 0.0203125 0.03796296296296296
3 0.8377604166666667 0.6342592592592593 0.022395833333333334 0.027777777777777776
3 0.7703125 0.6453703703703704 0.035416666666666666 0.04814814814814815
3 0.7380208333333333 0.6347222222222222 0.034375 0.032407407407407406
3 0.7591145833333334 0.6541666666666667 0.0390625 0.05648148148148148
3 0.7484375 0.6587962962962963 0.04375 0.06388888888888888
3 0.7361979166666667 0.6800925925925926 0.0671875 0.08796296296296297
