5 0.884375 0.5833333333333334 0.225 0.8185185185185185
3 0.6942708333333333 0.7856481481481481 0.17291666666666666 0.2638888888888889
3 0.5942708333333333 0.7810185185185186 0.10729166666666666 0.13240740740740742
3 0.5481770833333334 0.763425925925926 0.06302083333333333 0.08611111111111111
5 0.5614583333333333 0.725925925925926 0.06979166666666667 0.10740740740740741
3 0.5114583333333333 0.7546296296296297 0.042708333333333334 0.06296296296296296
4 0.47682291666666665 0.7162037037037037 0.0390625 0.075
3 0.434375 0.7356481481481482 0.021875 0.03611111111111111
3 0.38515625 0.725925925925926 0.027604166666666666 0.027777777777777776
2 0.3924479166666667 0.725925925925926 0.015104166666666667 0.02962962962962963
3 0.35572916666666665 0.7263888888888889 0.03854166666666667 0.025
3 0.3098958333333333 0.7194444444444444 0.035416666666666666 0.027777777777777776
1 0.0265625 0.6875 0.011458333333333333 0.04722222222222222
1 0.00703125 0.6861111111111111 0.011979166666666667 0.05555555555555555
