3 0.08020833333333334 0.6037037037037037 0.09479166666666666 0.0962962962962963
3 0.16302083333333334 0.6125 0.12291666666666666 0.12685185185185185
3 0.25729166666666664 0.6074074074074074 0.08020833333333334 0.07962962962962963
3 0.3216145833333333 0.6064814814814815 0.0953125 0.08518518518518518
3 0.4041666666666667 0.6157407407407407 0.06458333333333334 0.08148148148148149
3 0.471875 0.6078703703703704 0.07291666666666667 0.10648148148148148
3 0.65078125 0.6837962962962963 0.3921875 0.287962962962963
3 0.08125 0.7310185185185185 0.16145833333333334 0.2972222222222222
1 0.8083333333333333 0.6097222222222223 0.009375 0.058333333333333334
3 0.8880208333333334 0.6504629629629629 0.18645833333333334 0.14166666666666666
3 0.94609375 0.6472222222222223 0.10885416666666667 0.2074074074074074
