3 0.23489583333333333 0.6981481481481482 0.07083333333333333 0.07037037037037037
3 0.36666666666666664 0.6800925925925926 0.03125 0.05648148148148148
4 0.353125 0.6643518518518519 0.13125 0.06018518518518518
3 0.43255208333333334 0.687037037037037 0.021354166666666667 0.03888888888888889
3 0.46171875 0.6759259259259259 0.009895833333333333 0.014814814814814815
3 0.475 0.6939814814814815 0.028125 0.049074074074074076
3 0.48333333333333334 0.700925925925926 0.03333333333333333 0.05185185185185185
3 0.5161458333333333 0.6921296296296297 0.023958333333333335 0.03796296296296296
3 0.52578125 0.6958333333333333 0.0265625 0.049074074074074076
3 0.5494791666666666 0.7087962962962963 0.04479166666666667 0.06388888888888888
2 0.7200520833333334 0.725 0.03177083333333333 0.09259259259259259
