3 0.8830729166666667 0.7597222222222222 0.2359375 0.4787037037037037
3 0.74140625 0.7166666666666667 0.17864583333333334 0.18703703703703703
5 0.6278645833333333 0.6078703703703704 0.15364583333333334 0.2638888888888889
3 0.55625 0.6773148148148148 0.03854166666666667 0.06018518518518518
4 0.5401041666666667 0.6416666666666667 0.04895833333333333 0.10185185185185185
3 0.484375 0.6782407407407407 0.07083333333333333 0.1361111111111111
3 0.47421875 0.6388888888888888 0.04114583333333333 0.1
3 0.4427083333333333 0.6560185185185186 0.01875 0.028703703703703703
4 0.41432291666666665 0.6439814814814815 0.021354166666666667 0.04537037037037037
3 0.40859375 0.6564814814814814 0.021354166666666667 0.02962962962962963
4 0.27682291666666664 0.6578703703703703 0.04114583333333333 0.049074074074074076
3 0.20989583333333334 0.6662037037037037 0.03229166666666667 0.023148148148148147
