1 0.63984375 0.6092592592592593 0.027604166666666666 0.1388888888888889
1 0.6208333333333333 0.6166666666666667 0.016666666666666666 0.07962962962962963
4 0.4875 0.600462962962963 0.01875 0.049074074074074076
2 0.4666666666666667 0.612037037037037 0.00625 0.024074074074074074
3 0.44609375 0.6101851851851852 0.0140625 0.027777777777777776
3 0.428125 0.6106481481481482 0.021875 0.032407407407407406
3 0.4005208333333333 0.6268518518518519 0.05416666666666667 0.07592592592592592
3 0.33567708333333335 0.6175925925925926 0.0421875 0.05925925925925926
3 0.25625 0.6513888888888889 0.13854166666666667 0.14907407407407408
3 0.11692708333333333 0.7282407407407407 0.23072916666666668 0.5342592592592592
