3 0.7627604166666667 0.7171296296296297 0.18489583333333334 0.18611111111111112
3 0.52890625 0.6361111111111111 0.0171875 0.037037037037037035
3 0.5424479166666667 0.6472222222222223 0.024479166666666666 0.037037037037037035
3 0.5609375 0.6518518518518519 0.030208333333333334 0.053703703703703705
3 0.5890625 0.6550925925925926 0.05416666666666667 0.09166666666666666
3 0.5015625 0.6569444444444444 0.04791666666666667 0.08055555555555556
3 0.46536458333333336 0.6398148148148148 0.011979166666666667 0.018518518518518517
3 0.45598958333333334 0.6402777777777777 0.009895833333333333 0.013888888888888888
3 0.44140625 0.6430555555555556 0.015104166666666667 0.025
3 0.4278645833333333 0.6421296296296296 0.019270833333333334 0.028703703703703703
3 0.38984375 0.6453703703703704 0.0328125 0.044444444444444446
3 0.41328125 0.6388888888888888 0.0171875 0.03148148148148148
3 0.2390625 0.6791666666666667 0.17708333333333334 0.23981481481481481
