4 0.4354166666666667 0.5287037037037037 0.0125 0.025925925925925925
3 0.42109375 0.5287037037037037 0.0234375 0.020370370370370372
4 0.43854166666666666 0.5481481481481482 0.022916666666666665 0.03333333333333333
3 0.4549479166666667 0.5199074074074074 0.0078125 0.013888888888888888
3 0.46145833333333336 0.5435185185185185 0.015625 0.022222222222222223
3 0.46848958333333335 0.5263888888888889 0.011979166666666667 0.017592592592592594
4 0.496875 0.5819444444444445 0.05625 0.14166666666666666
4 0.5419270833333333 0.5550925925925926 0.03177083333333333 0.05092592592592592
4 0.6109375 0.575 0.11145833333333334 0.14814814814814814
4 0.8880208333333334 0.5888888888888889 0.22291666666666668 0.1925925925925926
