3 0.9674479166666666 0.6523148148148148 0.0640625 0.13240740740740742
3 0.9359375 0.6541666666666667 0.128125 0.13425925925925927
3 0.7817708333333333 0.6736111111111112 0.11354166666666667 0.06388888888888888
1 0.80703125 0.6601851851851852 0.013020833333333334 0.05925925925925926
1 0.18515625 0.7097222222222223 0.030729166666666665 0.175
3 0.2921875 0.6810185185185185 0.013541666666666667 0.017592592592592594
3 0.33098958333333334 0.6791666666666667 0.008854166666666666 0.012037037037037037
3 0.35390625 0.6768518518518518 0.0109375 0.016666666666666666
3 0.3770833333333333 0.6768518518518518 0.016666666666666666 0.022222222222222223
3 0.3927083333333333 0.6759259259259259 0.014583333333333334 0.018518518518518517
2 0.39401041666666664 0.6768518518518518 0.0078125 0.03148148148148148
3 0.41119791666666666 0.6782407407407407 0.015104166666666667 0.019444444444444445
3 0.46953125 0.6842592592592592 0.03802083333333333 0.05
3 0.49244791666666665 0.6837962962962963 0.043229166666666666 0.04537037037037037
3 0.5401041666666667 0.6652777777777777 0.04479166666666667 0.03981481481481482
3 0.56640625 0.6685185185185185 0.050520833333333334 0.03888888888888889
3 0.5989583333333334 0.6699074074074074 0.065625 0.03796296296296296
2 0.5846354166666666 0.6949074074074074 0.019270833333333334 0.0824074074074074
