2 0.01640625 0.6560185185185186 0.025520833333333333 0.041666666666666664
1 0.11197916666666667 0.6648148148148149 0.013541666666666667 0.05925925925925926
2 0.2234375 0.6773148148148148 0.019791666666666666 0.03796296296296296
2 0.3984375 0.6837962962962963 0.01875 0.030555555555555555
3 0.39479166666666665 0.6939814814814815 0.03333333333333333 0.05092592592592592
3 0.37447916666666664 0.6842592592592592 0.019791666666666666 0.025925925925925925
3 0.47265625 0.7699074074074074 0.18802083333333333 0.25092592592592594
2 0.3338541666666667 0.6833333333333333 0.021875 0.03518518518518519
3 0.7234375 0.7333333333333333 0.071875 0.06481481481481481
2 0.7361979166666667 0.7425925925925926 0.0359375 0.07592592592592592
2 0.7645833333333333 0.7439814814814815 0.034375 0.075
4 0.8747395833333333 0.7291666666666666 0.09322916666666667 0.06759259259259259
3 0.8979166666666667 0.7282407407407407 0.06666666666666667 0.06944444444444445
2 0.8971354166666666 0.7449074074074075 0.0328125 0.05648148148148148
4 0.9653645833333333 0.7180555555555556 0.0703125 0.08611111111111111
2 0.6104166666666667 0.712037037037037 0.014583333333333334 0.037037037037037035
