2 0.8229166666666666 0.7291666666666666 0.15520833333333334 0.262037037037037
4 0.9567708333333333 0.6523148148148148 0.08541666666666667 0.2175925925925926
1 0.6481770833333333 0.6837962962962963 0.0203125 0.10648148148148148
1 0.5231770833333333 0.7180555555555556 0.08072916666666667 0.3212962962962963
1 0.53046875 0.7435185185185185 0.06197916666666667 0.2518518518518518
1 0.4549479166666667 0.7069444444444445 0.06927083333333334 0.2638888888888889
1 0.5763020833333333 0.674537037037037 0.018229166666666668 0.09722222222222222
1 0.59296875 0.6708333333333333 0.0203125 0.11388888888888889
1 0.48671875 0.6884259259259259 0.016145833333333335 0.075
3 0.6247395833333333 0.6597222222222222 0.025520833333333333 0.062037037037037036
3 0.6143229166666667 0.662962962962963 0.027604166666666666 0.05185185185185185
3 0.66796875 0.6675925925925926 0.0359375 0.06111111111111111
1 0.6950520833333333 0.6763888888888889 0.018229166666666668 0.09351851851851851
4 0.7223958333333333 0.6884259259259259 0.0125 0.06944444444444445
4 0.715625 0.674074074074074 0.014583333333333334 0.08888888888888889
1 0.90390625 0.6856481481481481 0.015104166666666667 0.09907407407407408
1 0.89453125 0.687037037037037 0.018229166666666668 0.09814814814814815
3 0.31666666666666665 0.6893518518518519 0.34375 0.2490740740740741
1 0.17473958333333334 0.6722222222222223 0.033854166666666664 0.1537037037037037
1 0.18697916666666667 0.6759259259259259 0.021875 0.10185185185185185
1 0.20989583333333334 0.6800925925925926 0.01875 0.08425925925925926
1 0.21875 0.6625 0.015625 0.08611111111111111
3 0.3015625 0.6601851851851852 0.03333333333333333 0.06851851851851852
3 0.3567708333333333 0.6518518518518519 0.034375 0.05925925925925926
3 0.39114583333333336 0.6569444444444444 0.030208333333333334 0.04351851851851852
1 0.12552083333333333 0.7171296296296297 0.08854166666666667 0.2898148148148148
1 0.14348958333333334 0.7277777777777777 0.0609375 0.25
1 0.08072916666666667 0.700462962962963 0.03229166666666667 0.19537037037037036
1 0.058333333333333334 0.7287037037037037 0.03229166666666667 0.15185185185185185
1 0.05911458333333333 0.6921296296296297 0.0328125 0.17685185185185184
1 0.03411458333333333 0.6962962962962963 0.0328125 0.17407407407407408
1 0.008854166666666666 0.7194444444444444 0.016666666666666666 0.13518518518518519
1 0.77578125 0.7314814814814815 0.06197916666666667 0.18703703703703703
