3 0.06588541666666667 0.6611111111111111 0.13072916666666667 0.12222222222222222
3 0.17786458333333333 0.6638888888888889 0.15989583333333332 0.0962962962962963
2 0.3645833333333333 0.6592592592592592 0.04375 0.06481481481481481
1 0.253125 0.6509259259259259 0.009375 0.06111111111111111
3 0.48854166666666665 0.6648148148148149 0.1875 0.14074074074074075
1 0.4981770833333333 0.7078703703703704 0.0703125 0.23796296296296296
3 0.6236979166666666 0.663425925925926 0.0515625 0.05092592592592592
1 0.6669270833333333 0.7462962962962963 0.05677083333333333 0.337037037037037
2 0.8067708333333333 0.6717592592592593 0.022916666666666665 0.0712962962962963
1 0.8393229166666667 0.6606481481481481 0.011979166666666667 0.06018518518518518
3 0.9557291666666666 0.675 0.08854166666666667 0.13703703703703704
1 0.73515625 0.6675925925925926 0.019270833333333334 0.05
1 0.8919270833333334 0.6763888888888889 0.015104166666666667 0.049074074074074076
