1 0.3104166666666667 0.6569444444444444 0.05520833333333333 0.18425925925925926
3 0.20104166666666667 0.6555555555555556 0.19166666666666668 0.18518518518518517
3 0.06015625 0.6310185185185185 0.12135416666666667 0.3194444444444444
3 0.41380208333333335 0.6212962962962963 0.0640625 0.09074074074074075
1 0.5697916666666667 0.6736111111111112 0.041666666666666664 0.16574074074074074
3 0.6692708333333334 0.6407407407407407 0.06875 0.07592592592592592
3 0.7205729166666667 0.6601851851851852 0.08489583333333334 0.09074074074074075
1 0.72421875 0.6810185185185185 0.034895833333333334 0.09166666666666666
3 0.7705729166666667 0.6458333333333334 0.05364583333333333 0.05277777777777778
3 0.8375 0.6504629629629629 0.057291666666666664 0.049074074074074076
3 0.9010416666666666 0.6541666666666667 0.04479166666666667 0.04537037037037037
