1 0.14192708333333334 0.6078703703703704 0.009895833333333333 0.03796296296296296
1 0.21458333333333332 0.6064814814814815 0.009375 0.02962962962962963
3 0.30130208333333336 0.6129629629629629 0.018229166666666668 0.025925925925925925
3 0.31927083333333334 0.6134259259259259 0.01875 0.030555555555555555
3 0.3294270833333333 0.6138888888888889 0.016145833333333335 0.025925925925925925
3 0.3580729166666667 0.6162037037037037 0.018229166666666668 0.025
3 0.39088541666666665 0.6226851851851852 0.0328125 0.04722222222222222
3 0.45 0.6319444444444444 0.042708333333333334 0.058333333333333334
3 0.4934895833333333 0.6541666666666667 0.07864583333333333 0.10277777777777777
2 0.76015625 0.7023148148148148 0.06510416666666667 0.1787037037037037
1 0.8611979166666667 0.7166666666666667 0.0671875 0.2833333333333333
