3 0.5510416666666667 0.6347222222222222 0.06458333333333334 0.08055555555555556
3 0.5033854166666667 0.612037037037037 0.05260416666666667 0.06111111111111111
4 0.5510416666666667 0.5745370370370371 0.016666666666666666 0.041666666666666664
3 0.56328125 0.5800925925925926 0.0140625 0.025
4 0.5268229166666667 0.5694444444444444 0.0328125 0.06296296296296296
3 0.42083333333333334 0.5685185185185185 0.040625 0.027777777777777776
3 0.4427083333333333 0.5685185185185185 0.034375 0.02962962962962963
3 0.37083333333333335 0.5625 0.0375 0.025
4 0.39036458333333335 0.5439814814814815 0.0671875 0.058333333333333334
3 0.3268229166666667 0.5574074074074075 0.0265625 0.027777777777777776
3 0.3338541666666667 0.5518518518518518 0.03125 0.03333333333333333
4 0.28020833333333334 0.5328703703703703 0.03229166666666667 0.049074074074074076
