5 0.2765625 0.6125 0.12291666666666666 0.15648148148148147
3 0.40182291666666664 0.6449074074074074 0.033854166666666664 0.04351851851851852
4 0.4625 0.625 0.034375 0.08333333333333333
3 0.49609375 0.6851851851851852 0.10260416666666666 0.1537037037037037
3 0.5653645833333333 0.6560185185185186 0.03802083333333333 0.05092592592592592
3 0.5481770833333334 0.6425925925925926 0.013020833333333334 0.022222222222222223
2 0.584375 0.6476851851851851 0.009375 0.032407407407407406
2 0.6046875 0.6560185185185186 0.0125 0.049074074074074076
2 0.6145833333333334 0.6615740740740741 0.009375 0.03796296296296296
2 0.6348958333333333 0.6578703703703703 0.013541666666666667 0.049074074074074076
3 0.7205729166666667 0.6893518518518519 0.16197916666666667 0.19907407407407407
2 0.7986979166666667 0.6861111111111111 0.0359375 0.11666666666666667
2 0.89140625 0.6944444444444444 0.04010416666666667 0.11296296296296296
2 0.9447916666666667 0.7041666666666667 0.06875 0.14537037037037037
