1 0.6544270833333333 0.611574074074074 0.0109375 0.05092592592592592
2 0.6161458333333333 0.6314814814814815 0.017708333333333333 0.07592592592592592
1 0.5971354166666667 0.6152777777777778 0.0109375 0.049074074074074076
6 0.5375 0.6069444444444444 0.013541666666666667 0.03611111111111111
4 0.4752604166666667 0.6148148148148148 0.1390625 0.2037037037037037
4 0.384375 0.5884259259259259 0.03958333333333333 0.032407407407407406
4 0.35182291666666665 0.5884259259259259 0.0203125 0.028703703703703703
3 0.3234375 0.5949074074074074 0.017708333333333333 0.025
3 0.3171875 0.6018518518518519 0.014583333333333334 0.016666666666666666
2 0.26640625 0.6185185185185185 0.009895833333333333 0.037037037037037035
2 0.23671875 0.6231481481481481 0.013020833333333334 0.037037037037037035
2 0.16614583333333333 0.6324074074074074 0.016666666666666666 0.04814814814814815
2 0.04401041666666667 0.65 0.022395833333333334 0.06851851851851852
