3 0.15859375 0.7171296296296297 0.3109375 0.3472222222222222
3 0.3260416666666667 0.6930555555555555 0.12083333333333333 0.15648148148148147
4 0.3059895833333333 0.6328703703703704 0.049479166666666664 0.0787037037037037
3 0.42135416666666664 0.6699074074074074 0.053125 0.075
3 0.4453125 0.6560185185185186 0.030208333333333334 0.05648148148148148
3 0.4973958333333333 0.6912037037037037 0.08854166666666667 0.13425925925925927
5 0.5208333333333334 0.6402777777777777 0.03229166666666667 0.06759259259259259
5 0.5927083333333333 0.6356481481481482 0.10208333333333333 0.16018518518518518
3 0.665625 0.6930555555555555 0.11979166666666667 0.15833333333333333
4 0.8440104166666667 0.5587962962962963 0.30572916666666666 0.8564814814814815
