3 0.12317708333333334 0.6851851851851852 0.2453125 0.2351851851851852
2 0.28671875 0.6282407407407408 0.018229166666666668 0.07314814814814814
2 0.3502604166666667 0.6291666666666667 0.008854166666666666 0.03981481481481482
2 0.3578125 0.6282407407407408 0.009375 0.04351851851851852
3 0.39036458333333335 0.6361111111111111 0.043229166666666666 0.053703703703703705
3 0.4466145833333333 0.6662037037037037 0.09427083333333333 0.125
3 0.50546875 0.6398148148148148 0.034895833333333334 0.05
2 0.5364583333333334 0.6472222222222223 0.022916666666666665 0.08703703703703704
2 0.5924479166666666 0.6606481481481481 0.0296875 0.11388888888888889
1 0.7815104166666667 0.6472222222222223 0.027604166666666666 0.1425925925925926
2 0.04583333333333333 0.6597222222222222 0.06041666666666667 0.1824074074074074
