4 0.8611979166666667 0.45694444444444443 0.27760416666666665 0.9138888888888889
3 0.6190104166666667 0.6388888888888888 0.04635416666666667 0.06481481481481481
3 0.5229166666666667 0.6958333333333333 0.15520833333333334 0.22685185185185186
3 0.06015625 0.6675925925925926 0.1203125 0.12407407407407407
3 0.215625 0.6962962962962963 0.23645833333333333 0.2962962962962963
3 0.3033854166666667 0.662962962962963 0.08177083333333333 0.15555555555555556
3 0.3919270833333333 0.6259259259259259 0.025520833333333333 0.03518518518518519
3 0.3640625 0.6222222222222222 0.017708333333333333 0.024074074074074074
3 0.409375 0.6175925925925926 0.01875 0.03333333333333333
3 0.4236979166666667 0.6152777777777778 0.016145833333333335 0.026851851851851852
3 0.3184895833333333 0.637962962962963 0.06302083333333333 0.12037037037037036
3 0.37864583333333335 0.6203703703703703 0.017708333333333333 0.027777777777777776
2 0.6572916666666667 0.6287037037037037 0.007291666666666667 0.03148148148148148
4 0.43125 0.5967592592592592 0.019791666666666666 0.04351851851851852
