1 0.07630208333333334 0.6606481481481481 0.019270833333333334 0.075
2 0.1828125 0.6537037037037037 0.021875 0.06666666666666667
3 0.24869791666666666 0.6662037037037037 0.13072916666666667 0.14722222222222223
3 0.40390625 0.649074074074074 0.0390625 0.05
2 0.3380208333333333 0.6486111111111111 0.010416666666666666 0.03796296296296296
3 0.47291666666666665 0.6680555555555555 0.075 0.11018518518518519
3 0.5036458333333333 0.6435185185185185 0.016666666666666666 0.027777777777777776
3 0.53359375 0.649074074074074 0.027604166666666666 0.044444444444444446
3 0.5192708333333333 0.6402777777777777 0.009375 0.01574074074074074
3 0.5817708333333333 0.6592592592592592 0.06770833333333333 0.09814814814814815
2 0.6390625 0.6620370370370371 0.013541666666666667 0.06111111111111111
2 0.7096354166666666 0.6773148148148148 0.024479166666666666 0.10092592592592593
2 0.76875 0.6810185185185185 0.034375 0.11203703703703703
2 0.8588541666666667 0.7069444444444445 0.052083333333333336 0.1527777777777778
