3 0.3 0.6699074074074074 0.09895833333333333 0.1287037037037037
2 0.38203125 0.5990740740740741 0.013020833333333334 0.046296296296296294
3 0.42630208333333336 0.5685185185185185 0.019270833333333334 0.027777777777777776
1 0.5080729166666667 0.5962962962962963 0.009895833333333333 0.046296296296296294
2 0.46015625 0.5726851851851852 0.0067708333333333336 0.03425925925925926
2 0.40651041666666665 0.5810185185185185 0.0078125 0.03425925925925926
3 0.86875 0.7828703703703703 0.2625 0.38981481481481484
3 0.6903645833333333 0.6842592592592592 0.17447916666666666 0.2351851851851852
3 0.9161458333333333 0.6111111111111112 0.16770833333333332 0.11851851851851852
3 0.7966145833333333 0.5912037037037037 0.05677083333333333 0.062037037037037036
