5 0.47369791666666666 0.6208333333333333 0.1609375 0.30277777777777776
3 0.62109375 0.6064814814814815 0.0296875 0.03333333333333333
3 0.6390625 0.6148148148148148 0.028125 0.044444444444444446
2 0.6286458333333333 0.6435185185185185 0.025 0.07777777777777778
2 0.59609375 0.6268518518518519 0.028645833333333332 0.05185185185185185
3 0.37552083333333336 0.5763888888888888 0.0125 0.017592592592592594
3 0.38645833333333335 0.6189814814814815 0.041666666666666664 0.06018518518518518
4 0.3606770833333333 0.5805555555555556 0.028645833333333332 0.044444444444444446
3 0.34479166666666666 0.5787037037037037 0.0125 0.024074074074074074
4 0.3065104166666667 0.5740740740740741 0.027604166666666666 0.053703703703703705
3 0.26510416666666664 0.5893518518518519 0.06979166666666667 0.1175925925925926
3 0.20651041666666667 0.6087962962962963 0.0640625 0.05648148148148148
2 0.10651041666666666 0.5916666666666667 0.027604166666666666 0.037037037037037035
1 0.06302083333333333 0.5824074074074074 0.009375 0.03518518518518519
2 0.016927083333333332 0.5962962962962963 0.016145833333333335 0.05185185185185185
3 0.23697916666666666 0.7199074074074074 0.16979166666666667 0.18611111111111112
