3 0.0484375 0.711574074074074 0.09479166666666666 0.175
3 0.12916666666666668 0.6949074074074074 0.10208333333333333 0.12685185185185185
3 0.19713541666666667 0.6902777777777778 0.0734375 0.10462962962962963
3 0.246875 0.6884259259259259 0.05625 0.07314814814814814
3 0.27890625 0.6856481481481481 0.0546875 0.062037037037037036
3 0.3138020833333333 0.6819444444444445 0.0296875 0.04537037037037037
3 0.33098958333333334 0.6824074074074075 0.03697916666666667 0.040740740740740744
3 0.36171875 0.687037037037037 0.0421875 0.04814814814814815
3 0.4200520833333333 0.6791666666666667 0.0265625 0.03981481481481482
3 0.45234375 0.6819444444444445 0.030729166666666665 0.03981481481481482
3 0.48463541666666665 0.6819444444444445 0.04010416666666667 0.06944444444444445
2 0.53828125 0.6986111111111111 0.024479166666666666 0.11388888888888889
2 0.5838541666666667 0.6995370370370371 0.027083333333333334 0.11203703703703703
3 0.6424479166666667 0.6972222222222222 0.07864583333333333 0.08518518518518518
3 0.76640625 0.7143518518518519 0.11510416666666666 0.14351851851851852
