1 0.07682291666666667 0.7111111111111111 0.024479166666666666 0.06666666666666667
2 0.14453125 0.7166666666666667 0.016145833333333335 0.05555555555555555
4 0.2921875 0.6981481481481482 0.042708333333333334 0.08333333333333333
3 0.3424479166666667 0.712037037037037 0.028645833333333332 0.053703703703703705
3 0.35989583333333336 0.7263888888888889 0.036458333333333336 0.041666666666666664
3 0.4395833333333333 0.7388888888888889 0.11770833333333333 0.21481481481481482
2 0.6591145833333333 0.7597222222222222 0.034895833333333334 0.09351851851851851
3 0.6828125 0.7351851851851852 0.14375 0.13518518518518519
3 0.92734375 0.7518518518518519 0.10052083333333334 0.07592592592592592
3 0.9809895833333333 0.7351851851851852 0.0390625 0.11481481481481481
