1 0.11848958333333333 0.6388888888888888 0.0109375 0.046296296296296294
1 0.14505208333333333 0.6375 0.0140625 0.06018518518518518
1 0.16197916666666667 0.6425925925925926 0.016666666666666666 0.053703703703703705
2 0.22760416666666666 0.6467592592592593 0.016666666666666666 0.049074074074074076
3 0.2755208333333333 0.6416666666666667 0.06354166666666666 0.08333333333333333
4 0.31640625 0.6046296296296296 0.0796875 0.11481481481481481
3 0.34479166666666666 0.6481481481481481 0.046875 0.053703703703703705
3 0.37994791666666666 0.6333333333333333 0.03802083333333333 0.06666666666666667
3 0.4075520833333333 0.6430555555555556 0.0234375 0.03425925925925926
3 0.4388020833333333 0.6592592592592592 0.05677083333333333 0.07592592592592592
3 0.5546875 0.7069444444444445 0.171875 0.26944444444444443
2 0.634375 0.662962962962963 0.017708333333333333 0.08333333333333333
3 0.6760416666666667 0.6398148148148148 0.042708333333333334 0.04814814814814815
3 0.7028645833333333 0.649537037037037 0.0390625 0.049074074074074076
3 0.7440104166666667 0.6513888888888889 0.03802083333333333 0.05092592592592592
1 0.8515625 0.6430555555555556 0.008333333333333333 0.05277777777777778
1 0.8622395833333333 0.6407407407407407 0.008854166666666666 0.044444444444444446
3 0.87578125 0.6606481481481481 0.03697916666666667 0.05092592592592592
3 0.9291666666666667 0.6625 0.042708333333333334 0.05277777777777778
3 0.9763020833333333 0.6574074074074074 0.034895833333333334 0.053703703703703705
3 0.9778645833333334 0.6717592592592593 0.044270833333333336 0.05648148148148148
