5 0.19270833333333334 0.4685185185185185 0.10104166666666667 0.06111111111111111
3 0.23359375 0.47175925925925927 0.05364583333333333 0.04722222222222222
3 0.37994791666666666 0.45416666666666666 0.06927083333333334 0.05092592592592592
3 0.5276041666666667 0.4439814814814815 0.06666666666666667 0.05277777777777778
3 0.66328125 0.4337962962962963 0.07447916666666667 0.058333333333333334
5 0.6247395833333333 0.4162037037037037 0.16197916666666667 0.10092592592592593
2 0.85703125 0.6462962962962963 0.033854166666666664 0.08888888888888889
3 0.7263020833333333 0.65 0.13802083333333334 0.1
3 0.34479166666666666 0.6486111111111111 0.05416666666666667 0.06388888888888888
3 0.40260416666666665 0.6365740740740741 0.046875 0.0787037037037037
3 0.46145833333333336 0.649537037037037 0.06666666666666667 0.05648148148148148
3 0.49661458333333336 0.6523148148148148 0.10989583333333333 0.08611111111111111
3 0.58359375 0.6574074074074074 0.10989583333333333 0.07037037037037037
