3 0.8744791666666667 0.7569444444444444 0.25 0.30833333333333335
3 0.6817708333333333 0.649537037037037 0.146875 0.23796296296296296
3 0.7682291666666666 0.6398148148148148 0.03854166666666667 0.03148148148148148
3 0.61328125 0.6777777777777778 0.0609375 0.08518518518518518
3 0.5682291666666667 0.6657407407407407 0.04583333333333333 0.05740740740740741
5 0.46015625 0.6416666666666667 0.0234375 0.037037037037037035
3 0.4388020833333333 0.6601851851851852 0.03802083333333333 0.05925925925925926
3 0.41640625 0.6560185185185186 0.0140625 0.017592592592592594
2 0.3567708333333333 0.6583333333333333 0.015625 0.04259259259259259
3 0.23411458333333332 0.6722222222222223 0.059895833333333336 0.08518518518518518
2 0.15052083333333333 0.6717592592592593 0.015625 0.04722222222222222
