1 0.9541666666666667 0.6615740740740741 0.023958333333333335 0.1175925925925926
2 0.7010416666666667 0.6856481481481481 0.05 0.1712962962962963
2 0.6677083333333333 0.6652777777777777 0.034375 0.10462962962962963
3 0.4484375 0.6388888888888888 0.042708333333333334 0.06111111111111111
3 0.40677083333333336 0.6226851851851852 0.009375 0.013888888888888888
3 0.38723958333333336 0.6291666666666667 0.013020833333333334 0.019444444444444445
3 0.3645833333333333 0.6291666666666667 0.04479166666666667 0.08055555555555556
4 0.30625 0.6 0.058333333333333334 0.10555555555555556
3 0.2140625 0.6939814814814815 0.21145833333333333 0.21944444444444444
3 0.16666666666666666 0.6361111111111111 0.09270833333333334 0.10185185185185185
3 0.0265625 0.6625 0.052083333333333336 0.225
