1 0.02265625 0.6555555555555556 0.0171875 0.07037037037037037
1 0.06197916666666667 0.6662037037037037 0.030208333333333334 0.11388888888888889
2 0.09036458333333333 0.6541666666666667 0.018229166666666668 0.05648148148148148
6 0.11302083333333333 0.649537037037037 0.025 0.03981481481481482
2 0.17447916666666666 0.6467592592592593 0.011458333333333333 0.05092592592592592
2 0.16119791666666666 0.6453703703703704 0.013020833333333334 0.04814814814814815
2 0.21119791666666668 0.6467592592592593 0.015104166666666667 0.03796296296296296
2 0.25234375 0.6444444444444445 0.0109375 0.04259259259259259
2 0.2838541666666667 0.6407407407407407 0.019791666666666666 0.044444444444444446
2 0.3453125 0.6407407407407407 0.009375 0.03518518518518519
3 0.43359375 0.6314814814814815 0.022395833333333334 0.04259259259259259
3 0.40911458333333334 0.6370370370370371 0.0171875 0.027777777777777776
3 0.3966145833333333 0.6393518518518518 0.022395833333333334 0.032407407407407406
5 0.4197916666666667 0.6203703703703703 0.03229166666666667 0.05555555555555555
3 0.5145833333333333 0.7240740740740741 0.225 0.2851851851851852
5 0.6458333333333334 0.6041666666666666 0.1375 0.2175925925925926
2 0.7135416666666666 0.6365740740740741 0.013541666666666667 0.04722222222222222
2 0.7447916666666666 0.637962962962963 0.011458333333333333 0.04259259259259259
3 0.8619791666666666 0.7199074074074074 0.275 0.2675925925925926
