3 0.062239583333333334 0.6157407407407407 0.1234375 0.12407407407407407
4 0.31015625 0.5819444444444445 0.16822916666666668 0.2361111111111111
3 0.41744791666666664 0.6365740740740741 0.08072916666666667 0.08425925925925926
3 0.4666666666666667 0.6356481481481482 0.04895833333333333 0.06574074074074074
3 0.5005208333333333 0.6282407407407408 0.034375 0.041666666666666664
3 0.53828125 0.625462962962963 0.0421875 0.04537037037037037
3 0.5682291666666667 0.6277777777777778 0.03125 0.03333333333333333
3 0.59375 0.6287037037037037 0.022916666666666665 0.027777777777777776
2 0.728125 0.6680555555555555 0.028125 0.09166666666666666
2 0.7338541666666667 0.6819444444444445 0.034375 0.12129629629629629
2 0.7622395833333333 0.6759259259259259 0.0234375 0.08518518518518518
2 0.8213541666666667 0.6824074074074075 0.03333333333333333 0.12777777777777777
2 0.8861979166666667 0.6944444444444444 0.03802083333333333 0.11296296296296296
2 0.9419270833333333 0.7050925925925926 0.07760416666666667 0.15462962962962962
