3 0.13932291666666666 0.6694444444444444 0.08697916666666666 0.08148148148148149
3 0.20494791666666667 0.6597222222222222 0.0546875 0.06944444444444445
3 0.91484375 0.6648148148148149 0.06822916666666666 0.07037037037037037
3 0.84609375 0.6699074074074074 0.06822916666666666 0.06018518518518518
4 0.9106770833333333 0.6402777777777777 0.09739583333333333 0.09537037037037037
4 0.8830729166666667 0.6310185185185185 0.0890625 0.06759259259259259
3 0.80078125 0.6652777777777777 0.049479166666666664 0.03796296296296296
3 0.7473958333333334 0.6597222222222222 0.03333333333333333 0.03611111111111111
3 0.47239583333333335 0.6393518518518518 0.0125 0.017592592592592594
3 0.4830729166666667 0.6305555555555555 0.009895833333333333 0.018518518518518517
4 0.5033854166666667 0.6240740740740741 0.022395833333333334 0.053703703703703705
3 0.5333333333333333 0.6402777777777777 0.013541666666666667 0.023148148148148147
