3 0.82265625 0.6638888888888889 0.10052083333333334 0.06111111111111111
1 0.59375 0.6847222222222222 0.009375 0.04351851851851852
3 0.5916666666666667 0.6791666666666667 0.026041666666666668 0.03981481481481482
2 0.5674479166666667 0.674537037037037 0.005729166666666666 0.032407407407407406
2 0.54453125 0.6777777777777778 0.008854166666666666 0.03888888888888889
4 0.575 0.6578703703703703 0.03333333333333333 0.03796296296296296
2 0.48515625 0.6699074074074074 0.005729166666666666 0.023148148148148147
1 0.39479166666666665 0.6671296296296296 0.007291666666666667 0.03796296296296296
2 0.3729166666666667 0.6768518518518518 0.014583333333333334 0.05555555555555555
4 0.5903645833333333 0.6611111111111111 0.021354166666666667 0.03888888888888889
