3 0.19609375 0.674074074074074 0.2546875 0.3055555555555556
3 0.34713541666666664 0.6546296296296297 0.0984375 0.11481481481481481
3 0.38177083333333334 0.6430555555555556 0.06145833333333333 0.08425925925925926
3 0.4083333333333333 0.6282407407407408 0.046875 0.07314814814814814
3 0.42734375 0.624537037037037 0.028645833333333332 0.05277777777777778
2 0.49270833333333336 0.6263888888888889 0.009375 0.028703703703703703
2 0.503125 0.6263888888888889 0.008333333333333333 0.028703703703703703
3 0.47578125 0.625 0.03802083333333333 0.022222222222222223
1 0.43645833333333334 0.6273148148148148 0.021875 0.032407407407407406
1 0.8682291666666667 0.6430555555555556 0.053125 0.20092592592592592
