3 0.06536458333333334 0.7263888888888889 0.1296875 0.30462962962962964
2 0.2838541666666667 0.687037037037037 0.028125 0.11666666666666667
3 0.21953125 0.6800925925925926 0.08697916666666666 0.09537037037037037
3 0.2598958333333333 0.6532407407407408 0.05520833333333333 0.08611111111111111
3 0.28151041666666665 0.6481481481481481 0.044270833333333336 0.06296296296296296
3 0.3028645833333333 0.6439814814814815 0.033854166666666664 0.05092592592592592
3 0.31484375 0.6305555555555555 0.034895833333333334 0.05740740740740741
2 0.3619791666666667 0.6370370370370371 0.013541666666666667 0.053703703703703705
3 0.43125 0.6310185185185185 0.026041666666666668 0.03425925925925926
3 0.43125 0.6208333333333333 0.021875 0.028703703703703703
1 0.8395833333333333 0.6657407407407407 0.029166666666666667 0.16296296296296298
1 0.9067708333333333 0.6597222222222222 0.04479166666666667 0.13055555555555556
1 0.6252604166666667 0.6402777777777777 0.011979166666666667 0.06759259259259259
