3 0.36614583333333334 0.6356481481481482 0.13333333333333333 0.07314814814814814
2 0.5083333333333333 0.6333333333333333 0.13229166666666667 0.08518518518518518
3 0.58984375 0.6268518518518519 0.1171875 0.08333333333333333
2 0.6106770833333334 0.6578703703703703 0.0359375 0.12129629629629629
2 0.6653645833333334 0.6578703703703703 0.03697916666666667 0.13055555555555556
3 0.11744791666666667 0.6226851851851852 0.13489583333333333 0.08055555555555556
2 0.8614583333333333 0.7398148148148148 0.0125 0.15555555555555556
2 0.7046875 0.6657407407407407 0.041666666666666664 0.13518518518518519
2 0.7278645833333334 0.6620370370370371 0.04114583333333333 0.12962962962962962
2 0.7557291666666667 0.6504629629629629 0.03125 0.10462962962962963
2 0.7934895833333333 0.6171296296296296 0.17447916666666666 0.1287037037037037
2 0.803125 0.649537037037037 0.03229166666666667 0.09166666666666666
2 0.8546875 0.6504629629629629 0.04479166666666667 0.08611111111111111
3 0.81171875 0.6412037037037037 0.10052083333333334 0.07314814814814814
1 0.95390625 0.6393518518518518 0.018229166666666668 0.09537037037037037
3 0.21796875 0.6328703703703704 0.021354166666666667 0.041666666666666664
