3 0.03125 0.7291666666666666 0.0625 0.1361111111111111
3 0.05755208333333333 0.6824074074074075 0.0734375 0.08888888888888889
3 0.10286458333333333 0.7092592592592593 0.10364583333333334 0.09814814814814815
2 0.10442708333333334 0.7245370370370371 0.05572916666666667 0.15462962962962962
3 0.17265625 0.7 0.0609375 0.07777777777777778
3 0.22864583333333333 0.6842592592592592 0.059375 0.08518518518518518
2 0.24114583333333334 0.6962962962962963 0.03333333333333333 0.10925925925925926
3 0.26614583333333336 0.6768518518518518 0.027083333333333334 0.040740740740740744
5 0.3140625 0.65 0.07291666666666667 0.13333333333333333
2 0.34713541666666664 0.6972222222222222 0.04010416666666667 0.09814814814814815
2 0.8348958333333333 0.7319444444444444 0.0875 0.2601851851851852
1 0.7377604166666667 0.6662037037037037 0.015104166666666667 0.0824074074074074
2 0.6635416666666667 0.6861111111111111 0.027083333333333334 0.10185185185185185
3 0.440625 0.6708333333333333 0.030208333333333334 0.03425925925925926
2 0.41953125 0.6703703703703704 0.0078125 0.037037037037037035
2 0.3984375 0.6699074074074074 0.007291666666666667 0.03611111111111111
2 0.39088541666666665 0.6699074074074074 0.0078125 0.03425925925925926
2 0.36354166666666665 0.6685185185185185 0.00625 0.024074074074074074
