3 0.25026041666666665 0.6601851851851852 0.08385416666666666 0.08703703703703704
3 0.425 0.6324074074074074 0.0375 0.05925925925925926
3 0.3953125 0.6342592592592593 0.03125 0.044444444444444446
3 0.45208333333333334 0.625462962962963 0.013541666666666667 0.019444444444444445
3 0.49635416666666665 0.6273148148148148 0.026041666666666668 0.03981481481481482
3 0.5171875 0.6199074074074075 0.009375 0.013888888888888888
3 0.534375 0.6287037037037037 0.01875 0.02962962962962963
2 0.8080729166666667 0.6324074074074074 0.027604166666666666 0.06666666666666667
3 0.96875 0.6476851851851851 0.0625 0.07314814814814814
3 0.8138020833333334 0.6333333333333333 0.0953125 0.05740740740740741
3 0.7596354166666667 0.6296296296296297 0.07135416666666666 0.05
3 0.9385416666666667 0.637962962962963 0.11458333333333333 0.07222222222222222
3 0.4713541666666667 0.6222222222222222 0.008333333333333333 0.012962962962962963
3 0.46119791666666665 0.6231481481481481 0.0109375 0.018518518518518517
