3 0.69140625 0.6703703703703704 0.2869791666666667 0.4166666666666667
2 0.10026041666666667 0.6523148148148148 0.0296875 0.0712962962962963
3 0.21822916666666667 0.662962962962963 0.13125 0.12037037037037036
3 0.5486979166666667 0.6231481481481481 0.013020833333333334 0.024074074074074074
3 0.5244791666666667 0.6236111111111111 0.013541666666666667 0.021296296296296296
3 0.50078125 0.6203703703703703 0.0078125 0.012962962962962963
3 0.4734375 0.6259259259259259 0.014583333333333334 0.022222222222222223
3 0.4546875 0.6277777777777778 0.021875 0.025925925925925925
3 0.39401041666666664 0.6305555555555555 0.030729166666666665 0.037037037037037035
2 0.9916666666666667 0.6763888888888889 0.017708333333333333 0.10833333333333334
1 0.9109375 0.6509259259259259 0.022916666666666665 0.13148148148148148
2 0.8307291666666666 0.6476851851851851 0.014583333333333334 0.06018518518518518
