3 0.023697916666666666 0.6990740740740741 0.04739583333333333 0.17037037037037037
3 0.09296875 0.700462962962963 0.11197916666666667 0.11388888888888889
3 0.17682291666666666 0.7 0.06614583333333333 0.08333333333333333
3 0.22213541666666667 0.6888888888888889 0.0546875 0.07222222222222222
3 0.2565104166666667 0.6731481481481482 0.05364583333333333 0.07962962962962963
3 0.3216145833333333 0.675 0.03177083333333333 0.037037037037037035
2 0.38776041666666666 0.6814814814814815 0.024479166666666666 0.053703703703703705
3 0.3614583333333333 0.6671296296296296 0.017708333333333333 0.03611111111111111
3 0.43984375 0.6717592592592593 0.0203125 0.030555555555555555
2 0.4778645833333333 0.674074074074074 0.0078125 0.03333333333333333
5 0.4791666666666667 0.6606481481481481 0.021875 0.04351851851851852
3 0.5375 0.6791666666666667 0.042708333333333334 0.0712962962962963
3 0.5625 0.6819444444444445 0.05 0.08981481481481482
3 0.5752604166666667 0.700462962962963 0.04635416666666667 0.07685185185185185
3 0.60390625 0.7037037037037037 0.059895833333333336 0.09259259259259259
3 0.7513020833333334 0.7296296296296296 0.30052083333333335 0.35
3 0.9375 0.762962962962963 0.12395833333333334 0.29074074074074074
