4 0.8096354166666667 0.43148148148148147 0.3796875 0.8629629629629629
3 0.4796875 0.6902777777777778 0.146875 0.2101851851851852
4 0.20520833333333333 0.6277777777777778 0.08541666666666667 0.09444444444444444
2 0.26197916666666665 0.6282407407407408 0.011458333333333333 0.03981481481481482
3 0.2950520833333333 0.6342592592592593 0.043229166666666666 0.04814814814814815
3 0.36223958333333334 0.6310185185185185 0.03802083333333333 0.041666666666666664
3 0.3885416666666667 0.6231481481481481 0.029166666666666667 0.037037037037037035
3 0.41640625 0.6194444444444445 0.0203125 0.027777777777777776
3 0.60859375 0.6361111111111111 0.03697916666666667 0.06296296296296296
3 0.58515625 0.6189814814814815 0.0234375 0.03796296296296296
3 0.5536458333333333 0.6134259259259259 0.014583333333333334 0.023148148148148147
4 0.0234375 0.5611111111111111 0.046875 0.23148148148148148
3 0.5372395833333333 0.6291666666666667 0.0359375 0.049074074074074076
3 0.56953125 0.6046296296296296 0.0109375 0.016666666666666666
