5 0.15416666666666667 0.47824074074074074 0.30833333333333335 0.9564814814814815
3 0.44453125 0.7796296296296297 0.36614583333333334 0.43148148148148147
5 0.28541666666666665 0.5898148148148148 0.1875 0.12962962962962962
2 0.5734375 0.6481481481481481 0.05416666666666667 0.09074074074074075
2 0.6598958333333333 0.6819444444444445 0.04583333333333333 0.1787037037037037
2 0.78515625 0.649537037037037 0.0203125 0.04722222222222222
2 0.8197916666666667 0.6537037037037037 0.021875 0.04259259259259259
3 0.9625 0.6462962962962963 0.07604166666666666 0.22962962962962963
4 0.9325520833333333 0.5847222222222223 0.1359375 0.30277777777777776
1 0.8700520833333333 0.6671296296296296 0.021354166666666667 0.09166666666666666
