4 0.8109375 0.6939814814814815 0.21875 0.225
4 0.5380208333333333 0.6625 0.042708333333333334 0.09907407407407408
3 0.4015625 0.6787037037037037 0.020833333333333332 0.03518518518518519
3 0.30442708333333335 0.687037037037037 0.0390625 0.046296296296296294
4 0.32421875 0.6782407407407407 0.0265625 0.05092592592592592
3 0.36041666666666666 0.6731481481481482 0.021875 0.03888888888888889
3 0.3453125 0.6708333333333333 0.025 0.05092592592592592
1 0.209375 0.6861111111111111 0.019791666666666666 0.07037037037037037
2 0.14557291666666666 0.6847222222222222 0.0140625 0.05092592592592592
3 0.12942708333333333 0.6842592592592592 0.0578125 0.03518518518518519
4 0.4046875 0.6509259259259259 0.027083333333333334 0.07222222222222222
