2 0.8731770833333333 0.7189814814814814 0.06822916666666666 0.16574074074074074
2 0.7447916666666666 0.6972222222222222 0.029166666666666667 0.10555555555555556
3 0.6390625 0.6708333333333333 0.034375 0.03796296296296296
2 0.66953125 0.6787037037037037 0.0234375 0.06666666666666667
3 0.503125 0.7527777777777778 0.19791666666666666 0.2833333333333333
3 0.40963541666666664 0.6722222222222223 0.05260416666666667 0.07037037037037037
5 0.3893229166666667 0.6472222222222223 0.024479166666666666 0.05
3 0.3536458333333333 0.6912037037037037 0.10833333333333334 0.125
5 0.3111979166666667 0.6421296296296296 0.07239583333333334 0.08981481481481482
3 0.11145833333333334 0.6708333333333333 0.10520833333333333 0.10648148148148148
