2 0.43333333333333335 0.8004629629629629 0.11666666666666667 0.39351851851851855
1 0.26927083333333335 0.6731481481481482 0.013541666666666667 0.08148148148148149
3 0.01015625 0.6907407407407408 0.0203125 0.053703703703703705
3 0.02265625 0.687962962962963 0.03697916666666667 0.053703703703703705
3 0.05651041666666667 0.687037037037037 0.050520833333333334 0.05555555555555555
3 0.09375 0.6763888888888889 0.030208333333333334 0.041666666666666664
3 0.12526041666666668 0.6787037037037037 0.030729166666666665 0.046296296296296294
3 0.1734375 0.6763888888888889 0.027083333333333334 0.04537037037037037
5 0.21328125 0.6662037037037037 0.0171875 0.04351851851851852
2 0.21354166666666666 0.6828703703703703 0.016666666666666666 0.05462962962962963
