3 0.016145833333333335 0.6365740740740741 0.03333333333333333 0.04537037037037037
3 0.04192708333333333 0.6486111111111111 0.07760416666666667 0.058333333333333334
3 0.3125 0.6592592592592592 0.06145833333333333 0.07407407407407407
3 0.37552083333333336 0.6462962962962963 0.03333333333333333 0.024074074074074074
3 0.40911458333333334 0.6597222222222222 0.03177083333333333 0.04351851851851852
3 0.45260416666666664 0.6652777777777777 0.03229166666666667 0.04351851851851852
3 0.48932291666666666 0.6509259259259259 0.0203125 0.025925925925925925
3 0.509375 0.6546296296296297 0.042708333333333334 0.03333333333333333
3 0.5932291666666667 0.6569444444444444 0.016666666666666666 0.017592592592592594
4 0.23046875 0.4759259259259259 0.11927083333333334 0.08888888888888889
3 0.5635416666666667 0.6560185185185186 0.011458333333333333 0.01574074074074074
3 0.5658854166666667 0.6504629629629629 0.009895833333333333 0.023148148148148147
1 0.6752604166666667 0.6615740740740741 0.0078125 0.023148148148148147
