3 0.16588541666666667 0.7888888888888889 0.3307291666666667 0.4185185185185185
3 0.340625 0.7037037037037037 0.115625 0.16296296296296298
3 0.37838541666666664 0.687037037037037 0.05364583333333333 0.10185185185185185
4 0.4015625 0.6509259259259259 0.030208333333333334 0.05740740740740741
3 0.4205729166666667 0.6643518518518519 0.024479166666666666 0.03796296296296296
3 0.4328125 0.6648148148148149 0.019791666666666666 0.03148148148148148
3 0.44192708333333336 0.6643518518518519 0.015104166666666667 0.028703703703703703
3 0.4505208333333333 0.662962962962963 0.014583333333333334 0.025925925925925925
3 0.5390625 0.7481481481481481 0.17916666666666667 0.2759259259259259
2 0.7424479166666667 0.6935185185185185 0.021354166666666667 0.1037037037037037
2 0.7244791666666667 0.700925925925926 0.03229166666666667 0.10925925925925926
