3 0.9619791666666667 0.6194444444444445 0.07395833333333333 0.1037037037037037
2 0.9244791666666666 0.6134259259259259 0.03854166666666667 0.09351851851851851
2 0.8549479166666667 0.625 0.0703125 0.1
1 0.82578125 0.6282407407407408 0.034895833333333334 0.17685185185185184
1 0.7919270833333333 0.6365740740740741 0.021354166666666667 0.09722222222222222
1 0.7510416666666667 0.6282407407407408 0.027083333333333334 0.11203703703703703
2 0.16640625 0.6023148148148149 0.018229166666666668 0.09907407407407408
2 0.1125 0.5916666666666667 0.014583333333333334 0.05555555555555555
5 0.06640625 0.5708333333333333 0.0453125 0.04722222222222222
3 0.015364583333333333 0.5861111111111111 0.0234375 0.040740740740740744
3 0.007552083333333333 0.5898148148148148 0.013020833333333334 0.04814814814814815
