4 0.16614583333333333 0.5949074074074074 0.33229166666666665 0.15648148148148147
3 0.40234375 0.637962962962963 0.14010416666666667 0.09074074074074075
4 0.5552083333333333 0.6175925925925926 0.14583333333333334 0.10555555555555556
5 0.7 0.5962962962962963 0.2916666666666667 0.18703703703703703
6 0.9645833333333333 0.6689814814814815 0.07083333333333333 0.18796296296296297
3 0.8567708333333334 0.65 0.042708333333333334 0.037037037037037035
1 0.8760416666666667 0.6444444444444445 0.010416666666666666 0.05555555555555555
1 0.88828125 0.6439814814814815 0.0109375 0.05277777777777778
1 0.8979166666666667 0.6439814814814815 0.011458333333333333 0.05092592592592592
2 0.9143229166666667 0.6402777777777777 0.013020833333333334 0.06018518518518518
