3 0.07369791666666667 0.6976851851851852 0.1484375 0.6046296296296296
3 0.23046875 0.6657407407407407 0.08177083333333333 0.08148148148148149
3 0.2955729166666667 0.6560185185185186 0.03802083333333333 0.05092592592592592
3 0.34375 0.6884259259259259 0.125 0.14537037037037037
5 0.365625 0.6185185185185185 0.12708333333333333 0.1537037037037037
3 0.43046875 0.6523148148148148 0.013020833333333334 0.023148148148148147
3 0.4393229166666667 0.6513888888888889 0.0140625 0.025
3 0.45416666666666666 0.6550925925925926 0.017708333333333333 0.032407407407407406
3 0.4791666666666667 0.6680555555555555 0.04479166666666667 0.062037037037037036
3 0.5015625 0.6597222222222222 0.022916666666666665 0.04351851851851852
3 0.9721354166666667 0.6884259259259259 0.05572916666666667 0.049074074074074076
3 0.89375 0.6824074074074075 0.065625 0.053703703703703705
3 0.8575520833333333 0.6861111111111111 0.07447916666666667 0.053703703703703705
2 0.6565104166666667 0.6902777777777778 0.0203125 0.05277777777777778
