1 0.9078125 0.6962962962962963 0.014583333333333334 0.07222222222222222
1 0.8963541666666667 0.6898148148148148 0.0125 0.06666666666666667
1 0.8341145833333333 0.6893518518518519 0.0171875 0.0712962962962963
1 0.8140625 0.687962962962963 0.015625 0.07407407407407407
1 0.7854166666666667 0.6893518518518519 0.013541666666666667 0.06759259259259259
2 0.5859375 0.6828703703703703 0.036458333333333336 0.05462962962962963
1 0.20286458333333332 0.6527777777777778 0.0109375 0.05185185185185185
1 0.19036458333333334 0.6527777777777778 0.0140625 0.05740740740740741
1 0.153125 0.649537037037037 0.013541666666666667 0.075
1 0.09583333333333334 0.6467592592592593 0.011458333333333333 0.05648148148148148
2 0.05651041666666667 0.6541666666666667 0.04114583333333333 0.06388888888888888
1 0.023177083333333334 0.6449074074074074 0.0171875 0.06574074074074074
1 0.011979166666666667 0.6439814814814815 0.013541666666666667 0.062037037037037036
