1 0.9356770833333333 0.6810185185185185 0.018229166666666668 0.08055555555555556
3 0.8169270833333333 0.7388888888888889 0.2526041666666667 0.28888888888888886
3 0.5856770833333333 0.6671296296296296 0.05260416666666667 0.08981481481481482
3 0.6364583333333333 0.6842592592592592 0.10208333333333333 0.11666666666666667
4 0.5231770833333333 0.6152777777777778 0.12135416666666667 0.25462962962962965
3 0.5122395833333333 0.5731481481481482 0.0859375 0.16666666666666666
3 0.45338541666666665 0.6532407407407408 0.03177083333333333 0.05092592592592592
3 0.42552083333333335 0.6476851851851851 0.022916666666666665 0.03981481481481482
3 0.41067708333333336 0.65 0.033854166666666664 0.05185185185185185
3 0.3763020833333333 0.6592592592592592 0.05260416666666667 0.05925925925925926
5 0.30885416666666665 0.6208333333333333 0.10104166666666667 0.1361111111111111
3 0.15859375 0.6912037037037037 0.1921875 0.16944444444444445
3 0.06380208333333333 0.6819444444444445 0.12447916666666667 0.13055555555555556
5 0.1359375 0.6134259259259259 0.11979166666666667 0.17685185185185184
