3 0.11692708333333333 0.7296296296296296 0.23177083333333334 0.40185185185185185
3 0.2760416666666667 0.6731481481481482 0.165625 0.1685185185185185
3 0.3848958333333333 0.6574074074074074 0.075 0.0962962962962963
3 0.3984375 0.48842592592592593 0.046875 0.028703703703703703
5 0.4661458333333333 0.4787037037037037 0.134375 0.05925925925925926
5 0.7208333333333333 0.4722222222222222 0.13645833333333332 0.06851851851851852
5 0.5197916666666667 0.6125 0.11770833333333333 0.24351851851851852
1 0.7140625 0.6546296296296297 0.007291666666666667 0.04814814814814815
2 0.84375 0.6953703703703704 0.03854166666666667 0.12407407407407407
2 0.8223958333333333 0.6680555555555555 0.019791666666666666 0.08425925925925926
1 0.9588541666666667 0.6722222222222223 0.019791666666666666 0.10555555555555556
