3 0.0640625 0.7268518518518519 0.128125 0.18333333333333332
3 0.15911458333333334 0.6902777777777778 0.1203125 0.13796296296296295
3 0.22890625 0.6824074074074075 0.06614583333333333 0.1037037037037037
3 0.27578125 0.6726851851851852 0.0640625 0.08981481481481482
3 0.2986979166666667 0.6671296296296296 0.04114583333333333 0.07685185185185185
3 0.3221354166666667 0.6666666666666666 0.03697916666666667 0.06111111111111111
3 0.3416666666666667 0.6606481481481481 0.03229166666666667 0.058333333333333334
3 0.40911458333333334 0.649074074074074 0.0203125 0.03333333333333333
3 0.4484375 0.6782407407407407 0.071875 0.10833333333333334
1 0.5299479166666666 0.6412037037037037 0.009895833333333333 0.03796296296296296
2 0.5651041666666666 0.6587962962962963 0.016666666666666666 0.0824074074074074
