3 0.06354166666666666 0.7171296296296297 0.12604166666666666 0.5546296296296296
3 0.2375 0.6953703703703704 0.24270833333333333 0.24814814814814815
2 0.41484375 0.6226851851851852 0.0109375 0.04537037037037037
3 0.4395833333333333 0.625462962962963 0.03333333333333333 0.04351851851851852
3 0.5010416666666667 0.6388888888888888 0.0875 0.10740740740740741
2 0.49765625 0.6805555555555556 0.058854166666666666 0.1962962962962963
2 0.5234375 0.7462962962962963 0.090625 0.40925925925925927
2 0.56328125 0.6421296296296296 0.024479166666666666 0.10833333333333334
2 0.5864583333333333 0.6523148148148148 0.034375 0.16018518518518518
2 0.6940104166666666 0.7449074074074075 0.09114583333333333 0.4212962962962963
1 0.7252604166666666 0.6319444444444444 0.0203125 0.13055555555555556
