4 0.18776041666666668 0.6370370370370371 0.2796875 0.43148148148148147
5 0.43203125 0.6486111111111111 0.0484375 0.0712962962962963
3 0.403125 0.6657407407407407 0.06354166666666666 0.06296296296296296
3 0.5098958333333333 0.7199074074074074 0.15104166666666666 0.20462962962962963
3 0.5822916666666667 0.6819444444444445 0.10416666666666667 0.1398148148148148
3 0.665625 0.6513888888888889 0.015625 0.058333333333333334
3 0.7067708333333333 0.6509259259259259 0.09479166666666666 0.07407407407407407
1 0.76796875 0.6625 0.016145833333333335 0.09166666666666666
3 0.8184895833333333 0.649537037037037 0.11197916666666667 0.08611111111111111
1 0.9833333333333333 0.6537037037037037 0.03229166666666667 0.18518518518518517
2 0.9427083333333334 0.6476851851851851 0.057291666666666664 0.11388888888888889
