2 0.7716145833333333 0.7189814814814814 0.0609375 0.19537037037037036
3 0.8596354166666667 0.6462962962962963 0.12239583333333333 0.07962962962962963
2 0.6466145833333333 0.6907407407407408 0.04739583333333333 0.1648148148148148
6 0.51015625 0.6324074074074074 0.024479166666666666 0.05555555555555555
3 0.425 0.6291666666666667 0.03958333333333333 0.06018518518518518
4 0.4127604166666667 0.6027777777777777 0.0171875 0.044444444444444446
3 0.37734375 0.638425925925926 0.0671875 0.08425925925925926
3 0.340625 0.6268518518518519 0.05416666666666667 0.07222222222222222
5 0.23255208333333333 0.6023148148148149 0.08385416666666666 0.1175925925925926
3 0.17213541666666668 0.6925925925925925 0.24739583333333334 0.26296296296296295
3 0.1 0.6444444444444445 0.13125 0.1388888888888889
3 0.44114583333333335 0.6282407407407408 0.022916666666666665 0.03981481481481482
