3 0.10963541666666667 0.7930555555555555 0.21822916666666667 0.32314814814814813
3 0.21901041666666668 0.7027777777777777 0.044270833333333336 0.037037037037037035
4 0.3424479166666667 0.7185185185185186 0.05364583333333333 0.08703703703703704
4 0.4309895833333333 0.6861111111111111 0.1015625 0.10185185185185185
3 0.434375 0.7810185185185186 0.15 0.21574074074074073
3 0.609375 0.7453703703703703 0.0625 0.09074074074074075
3 0.6734375 0.7620370370370371 0.11041666666666666 0.10925925925925926
2 0.7484375 0.7518518518518519 0.022916666666666665 0.07592592592592592
2 0.7755208333333333 0.7518518518518519 0.021875 0.07407407407407407
2 0.7984375 0.7513888888888889 0.019791666666666666 0.0787037037037037
3 0.7471354166666667 0.7268518518518519 0.04739583333333333 0.037037037037037035
4 0.9458333333333333 0.7268518518518519 0.08958333333333333 0.06296296296296296
3 0.8763020833333334 0.7282407407407407 0.033854166666666664 0.023148148148148147
