4 0.04973958333333333 0.6125 0.10052083333333334 0.125
3 0.32708333333333334 0.6226851851851852 0.014583333333333334 0.017592592592592594
2 0.9169270833333333 0.7180555555555556 0.0890625 0.2361111111111111
3 0.4859375 0.6259259259259259 0.007291666666666667 0.009259259259259259
3 0.4674479166666667 0.6296296296296297 0.018229166666666668 0.03148148148148148
3 0.45364583333333336 0.625462962962963 0.008333333333333333 0.013888888888888888
3 0.44609375 0.6277777777777778 0.011979166666666667 0.016666666666666666
3 0.43463541666666666 0.6305555555555555 0.018229166666666668 0.027777777777777776
3 0.4234375 0.6263888888888889 0.0125 0.021296296296296296
4 0.42265625 0.6175925925925926 0.018229166666666668 0.027777777777777776
3 0.4125 0.625462962962963 0.008333333333333333 0.01574074074074074
4 0.4049479166666667 0.6171296296296296 0.016145833333333335 0.03981481481481482
4 0.39817708333333335 0.6152777777777778 0.0203125 0.04351851851851852
4 0.3927083333333333 0.6166666666666667 0.020833333333333332 0.040740740740740744
3 0.3919270833333333 0.6277777777777778 0.0140625 0.022222222222222223
3 0.38125 0.6180555555555556 0.020833333333333332 0.04351851851851852
3 0.3768229166666667 0.6296296296296297 0.016145833333333335 0.025925925925925925
3 0.36822916666666666 0.6300925925925925 0.016666666666666666 0.026851851851851852
3 0.35885416666666664 0.6277777777777778 0.023958333333333335 0.037037037037037035
