2 0.016927083333333332 0.6995370370370371 0.034895833333333334 0.20833333333333334
3 0.03958333333333333 0.6736111111111112 0.07708333333333334 0.08981481481481482
2 0.09817708333333333 0.7046296296296296 0.044270833333333336 0.13148148148148148
2 0.32578125 0.6736111111111112 0.015104166666666667 0.06018518518518518
2 0.35520833333333335 0.6717592592592593 0.009375 0.05092592592592592
3 0.36223958333333334 0.6657407407407407 0.04739583333333333 0.03148148148148148
3 0.41432291666666665 0.6699074074074074 0.04010416666666667 0.06018518518518518
3 0.43307291666666664 0.6652777777777777 0.025520833333333333 0.03981481481481482
4 0.47578125 0.6425925925925926 0.03177083333333333 0.07777777777777778
3 0.5341145833333333 0.6712962962962963 0.0890625 0.1
3 0.71796875 0.7203703703703703 0.3578125 0.20925925925925926
1 0.796875 0.637962962962963 0.022916666666666665 0.07037037037037037
1 0.8244791666666667 0.6453703703703704 0.015625 0.08148148148148149
2 0.840625 0.6620370370370371 0.04479166666666667 0.09444444444444444
3 0.9247395833333333 0.6865740740740741 0.14947916666666666 0.1527777777777778
