2 0.009375 0.7337962962962963 0.017708333333333333 0.075
3 0.13515625 0.7597222222222222 0.11927083333333334 0.12685185185185185
3 0.24765625 0.7189814814814814 0.05364583333333333 0.06388888888888888
3 0.3203125 0.7509259259259259 0.07395833333333333 0.09074074074074075
3 0.39166666666666666 0.7300925925925926 0.03333333333333333 0.03796296296296296
3 0.41119791666666666 0.725 0.0234375 0.03148148148148148
3 0.45416666666666666 0.7476851851851852 0.05520833333333333 0.07685185185185185
3 0.48125 0.7273148148148149 0.023958333333333335 0.025
3 0.5591145833333333 0.7379629629629629 0.028645833333333332 0.05740740740740741
3 0.584375 0.7453703703703703 0.052083333333333336 0.06111111111111111
3 0.60703125 0.7319444444444444 0.024479166666666666 0.04537037037037037
3 0.6190104166666667 0.7268518518518519 0.0390625 0.03148148148148148
3 0.6731770833333334 0.7231481481481481 0.0453125 0.025925925925925925
2 0.6661458333333333 0.7393518518518518 0.016666666666666666 0.05277777777777778
2 0.6846354166666667 0.7379629629629629 0.0140625 0.046296296296296294
2 0.7 0.7388888888888889 0.010416666666666666 0.05
3 0.7333333333333333 0.7212962962962963 0.03125 0.025925925925925925
2 0.8302083333333333 0.7509259259259259 0.028125 0.08703703703703704
3 0.5484375 0.7282407407407407 0.028125 0.026851851851851852
4 0.83359375 0.7231481481481481 0.0640625 0.046296296296296294
