3 0.9713541666666666 0.6462962962962963 0.057291666666666664 0.08703703703703704
3 0.7669270833333334 0.6462962962962963 0.13802083333333334 0.08518518518518518
3 0.70078125 0.6240740740740741 0.06302083333333333 0.053703703703703705
2 0.53984375 0.6361111111111111 0.0234375 0.06666666666666667
2 0.5026041666666666 0.625462962962963 0.010416666666666666 0.03796296296296296
3 0.4354166666666667 0.6300925925925925 0.04895833333333333 0.08055555555555556
3 0.36276041666666664 0.6263888888888889 0.04739583333333333 0.06759259259259259
3 0.40520833333333334 0.6189814814814815 0.013541666666666667 0.021296296296296296
3 0.2630208333333333 0.6541666666666667 0.11979166666666667 0.1361111111111111
3 0.029427083333333333 0.6444444444444445 0.058854166666666666 0.1537037037037037
3 0.09765625 0.6425925925925926 0.1078125 0.08518518518518518
2 0.18072916666666666 0.625462962962963 0.013541666666666667 0.03981481481481482
3 0.6307291666666667 0.6189814814814815 0.051041666666666666 0.04722222222222222
3 0.6625 0.6217592592592592 0.04895833333333333 0.03796296296296296
