3 0.7890625 0.6453703703703704 0.121875 0.07962962962962963
1 0.7828125 0.6375 0.017708333333333333 0.11388888888888889
4 0.5572916666666666 0.6305555555555555 0.06145833333333333 0.14814814814814814
3 0.5177083333333333 0.6675925925925926 0.08854166666666667 0.06851851851851852
3 0.44036458333333334 0.6675925925925926 0.016145833333333335 0.020370370370370372
3 0.35989583333333336 0.6726851851851852 0.034375 0.03981481481481482
3 0.328125 0.6638888888888889 0.05520833333333333 0.07037037037037037
3 0.26119791666666664 0.6643518518518519 0.06822916666666666 0.09722222222222222
3 0.16614583333333333 0.6925925925925925 0.084375 0.08888888888888889
3 0.06770833333333333 0.6699074074074074 0.13541666666666666 0.1787037037037037
