1 0.03515625 0.6305555555555555 0.0171875 0.1
1 0.020052083333333335 0.6388888888888888 0.013020833333333334 0.07777777777777778
1 0.09713541666666667 0.6412037037037037 0.016145833333333335 0.08055555555555556
1 0.07838541666666667 0.6439814814814815 0.018229166666666668 0.08611111111111111
1 0.19322916666666667 0.6412037037037037 0.014583333333333334 0.0787037037037037
1 0.2713541666666667 0.6444444444444445 0.008333333333333333 0.06111111111111111
3 0.3611979166666667 0.6550925925925926 0.06614583333333333 0.06944444444444445
3 0.4315104166666667 0.6467592592592593 0.03177083333333333 0.041666666666666664
3 0.45 0.6425925925925926 0.01875 0.02962962962962963
3 0.5119791666666667 0.6365740740740741 0.022916666666666665 0.019444444444444445
3 0.49296875 0.637962962962963 0.009895833333333333 0.014814814814814815
3 0.45729166666666665 0.638425925925926 0.014583333333333334 0.019444444444444445
3 0.47161458333333334 0.6398148148148148 0.016145833333333335 0.020370370370370372
3 0.9341145833333333 0.8097222222222222 0.1296875 0.36018518518518516
1 0.9770833333333333 0.687962962962963 0.03854166666666667 0.18888888888888888
3 0.8088541666666667 0.7208333333333333 0.24895833333333334 0.28055555555555556
3 0.6932291666666667 0.6921296296296297 0.10104166666666667 0.13796296296296295
3 0.621875 0.6611111111111111 0.084375 0.11851851851851852
3 0.5854166666666667 0.6615740740740741 0.040625 0.062037037037037036
3 0.56484375 0.65 0.03177083333333333 0.04814814814814815
3 0.5497395833333333 0.6375 0.024479166666666666 0.04351851851851852
