3 0.8591145833333333 0.8055555555555556 0.27447916666666666 0.37777777777777777
3 0.6791666666666667 0.7412037037037037 0.16041666666666668 0.175
1 0.5713541666666667 0.6949074074074074 0.00625 0.03611111111111111
3 0.5231770833333333 0.6893518518518519 0.0109375 0.017592592592592594
3 0.45286458333333335 0.7351851851851852 0.1234375 0.17777777777777778
3 0.36875 0.6875 0.019791666666666666 0.026851851851851852
3 0.3580729166666667 0.6902777777777778 0.0171875 0.025
3 0.34609375 0.6907407407407408 0.021354166666666667 0.027777777777777776
3 0.3302083333333333 0.6884259259259259 0.017708333333333333 0.026851851851851852
3 0.31640625 0.687037037037037 0.021354166666666667 0.03518518518518519
3 0.27786458333333336 0.6912037037037037 0.059895833333333336 0.05648148148148148
3 0.22447916666666667 0.6912037037037037 0.03958333333333333 0.03796296296296296
3 0.17161458333333332 0.6907407407407408 0.05677083333333333 0.05
