1 0.8864583333333333 0.6888888888888889 0.03854166666666667 0.18333333333333332
1 0.75546875 0.6856481481481481 0.0140625 0.0712962962962963
2 0.4940104166666667 0.6921296296296297 0.0067708333333333336 0.030555555555555555
3 0.4640625 0.6898148148148148 0.011458333333333333 0.016666666666666666
3 0.44947916666666665 0.6902777777777778 0.017708333333333333 0.025
3 0.4276041666666667 0.6888888888888889 0.020833333333333332 0.02962962962962963
3 0.3932291666666667 0.6925925925925925 0.025 0.03333333333333333
3 0.34739583333333335 0.6962962962962963 0.034375 0.040740740740740744
3 0.30104166666666665 0.6856481481481481 0.0625 0.08425925925925926
1 0.22447916666666667 0.6824074074074075 0.009375 0.06296296296296296
3 0.21484375 0.6888888888888889 0.07760416666666667 0.05555555555555555
3 0.0859375 0.6828703703703703 0.08020833333333334 0.075
3 0.024739583333333332 0.6787037037037037 0.0484375 0.09444444444444444
