1 0.7828125 0.6773148148148148 0.016666666666666666 0.07685185185185185
2 0.48125 0.6893518518518519 0.007291666666666667 0.028703703703703703
2 0.4700520833333333 0.6884259259259259 0.005729166666666666 0.021296296296296296
3 0.45807291666666666 0.6856481481481481 0.0078125 0.012037037037037037
3 0.45 0.6875 0.0125 0.017592592592592594
3 0.43697916666666664 0.6865740740740741 0.014583333333333334 0.023148148148148147
3 0.41875 0.687962962962963 0.013541666666666667 0.018518518518518517
3 0.38229166666666664 0.6907407407407408 0.025 0.03148148148148148
3 0.33619791666666665 0.6944444444444444 0.03697916666666667 0.04259259259259259
3 0.29348958333333336 0.6837962962962963 0.059895833333333336 0.0787037037037037
2 0.21067708333333332 0.7032407407407407 0.033854166666666664 0.10648148148148148
1 0.1609375 0.6819444444444445 0.013541666666666667 0.075
3 0.15182291666666667 0.6851851851851852 0.0640625 0.06296296296296296
3 0.08697916666666666 0.6828703703703703 0.07083333333333333 0.07685185185185185
3 0.026822916666666665 0.6787037037037037 0.05260416666666667 0.08888888888888889
