2 0.7122395833333334 0.6523148148148148 0.043229166666666666 0.12129629629629629
3 0.50078125 0.6351851851851852 0.043229166666666666 0.04814814814814815
3 0.45364583333333336 0.6726851851851852 0.09583333333333334 0.15092592592592594
3 0.011197916666666667 0.6509259259259259 0.0234375 0.12407407407407407
1 0.08385416666666666 0.6314814814814815 0.005208333333333333 0.025925925925925925
1 0.10208333333333333 0.6287037037037037 0.00625 0.02962962962962963
1 0.11744791666666667 0.6287037037037037 0.005729166666666666 0.03333333333333333
1 0.11067708333333333 0.6333333333333333 0.0067708333333333336 0.020370370370370372
2 0.14479166666666668 0.6351851851851852 0.010416666666666666 0.04259259259259259
3 0.20885416666666667 0.6375 0.04895833333333333 0.049074074074074076
5 0.28098958333333335 0.6078703703703704 0.05364583333333333 0.0712962962962963
3 0.3203125 0.6287037037037037 0.027083333333333334 0.037037037037037035
3 0.33489583333333334 0.6282407407407408 0.01875 0.028703703703703703
3 0.3536458333333333 0.6291666666666667 0.01875 0.026851851851851852
3 0.3697916666666667 0.6305555555555555 0.015625 0.020370370370370372
3 0.3796875 0.6291666666666667 0.019791666666666666 0.025
3 0.39296875 0.6300925925925925 0.0140625 0.021296296296296296
5 0.42942708333333335 0.6106481481481482 0.05677083333333333 0.08055555555555556
