2 0.04895833333333333 0.6662037037037037 0.03854166666666667 0.06388888888888888
1 0.08046875 0.6666666666666666 0.008854166666666666 0.03518518518518519
1 0.08854166666666667 0.6648148148148149 0.008333333333333333 0.044444444444444446
1 0.1359375 0.6625 0.009375 0.041666666666666664
1 0.14296875 0.6620370370370371 0.008854166666666666 0.040740740740740744
2 0.15546875 0.6592592592592592 0.016145833333333335 0.05
2 0.23697916666666666 0.6615740740740741 0.010416666666666666 0.03611111111111111
3 0.340625 0.6902777777777778 0.153125 0.17685185185185184
3 0.4265625 0.6541666666666667 0.027083333333333334 0.03425925925925926
5 0.4044270833333333 0.6430555555555556 0.030729166666666665 0.05462962962962963
3 0.48984375 0.649537037037037 0.0109375 0.01574074074074074
3 0.5028645833333333 0.649074074074074 0.0109375 0.016666666666666666
3 0.5125 0.649537037037037 0.015625 0.023148148148148147
4 0.796875 0.6314814814814815 0.13541666666666666 0.1
2 0.8869791666666667 0.6962962962962963 0.06875 0.14074074074074075
3 0.9533854166666667 0.6569444444444444 0.0921875 0.05462962962962963
3 0.98125 0.6560185185185186 0.036458333333333336 0.05092592592592592
3 0.44088541666666664 0.6523148148148148 0.013020833333333334 0.023148148148148147
4 0.8966145833333333 0.6277777777777778 0.1171875 0.10740740740740741
