3 0.11796875 0.7111111111111111 0.2328125 0.18888888888888888
2 0.2903645833333333 0.6555555555555556 0.009895833333333333 0.025925925925925925
3 0.31666666666666665 0.6708333333333333 0.029166666666666667 0.03796296296296296
3 0.3533854166666667 0.6685185185185185 0.028645833333333332 0.04259259259259259
3 0.36223958333333334 0.6625 0.022395833333333334 0.03981481481481482
3 0.40703125 0.6680555555555555 0.05260416666666667 0.06574074074074074
3 0.4354166666666667 0.6416666666666667 0.015625 0.027777777777777776
3 0.45989583333333334 0.6671296296296296 0.026041666666666668 0.03425925925925926
3 0.4864583333333333 0.6587962962962963 0.021875 0.028703703703703703
2 0.5203125 0.6398148148148148 0.005208333333333333 0.020370370370370372
3 0.6947916666666667 0.674537037037037 0.15104166666666666 0.09907407407407408
3 0.7671875 0.6763888888888889 0.096875 0.062037037037037036
3 0.9401041666666666 0.6643518518518519 0.11666666666666667 0.09351851851851851
