4 0.019270833333333334 0.6393518518518518 0.03854166666666667 0.11944444444444445
5 0.23177083333333334 0.6074074074074074 0.24791666666666667 0.362962962962963
3 0.42552083333333335 0.6814814814814815 0.057291666666666664 0.08148148148148149
4 0.12552083333333333 0.6449074074074074 0.09375 0.19537037037037036
3 0.459375 0.6652777777777777 0.019791666666666666 0.028703703703703703
3 0.46770833333333334 0.6583333333333333 0.010416666666666666 0.016666666666666666
3 0.47578125 0.6569444444444444 0.008854166666666666 0.013888888888888888
3 0.490625 0.6643518518518519 0.016666666666666666 0.023148148148148147
3 0.5026041666666666 0.6666666666666666 0.022916666666666665 0.040740740740740744
3 0.5385416666666667 0.6875 0.08229166666666667 0.1638888888888889
2 0.6114583333333333 0.6699074074074074 0.019791666666666666 0.03425925925925926
2 0.6916666666666667 0.6722222222222223 0.020833333333333332 0.037037037037037035
3 0.7830729166666667 0.6759259259259259 0.0578125 0.046296296296296294
3 0.8192708333333333 0.6777777777777778 0.042708333333333334 0.03518518518518519
3 0.8669270833333333 0.6791666666666667 0.0609375 0.03981481481481482
2 0.8028645833333333 0.7171296296296297 0.050520833333333334 0.12685185185185185
