5 0.77578125 0.6388888888888888 0.29322916666666665 0.35555555555555557
3 0.5815104166666667 0.6675925925925926 0.0171875 0.027777777777777776
4 0.565625 0.6657407407407407 0.020833333333333332 0.04259259259259259
3 0.5494791666666666 0.6736111111111112 0.015625 0.021296296296296296
4 0.528125 0.6671296296296296 0.03333333333333333 0.06018518518518518
3 0.49973958333333335 0.6717592592592593 0.03177083333333333 0.05462962962962963
3 0.4703125 0.6893518518518519 0.035416666666666666 0.041666666666666664
3 0.4484375 0.6884259259259259 0.040625 0.04537037037037037
3 0.41354166666666664 0.6833333333333333 0.042708333333333334 0.05925925925925926
3 0.38671875 0.6898148148148148 0.058854166666666666 0.06296296296296296
3 0.3536458333333333 0.6865740740740741 0.051041666666666666 0.05277777777777778
4 0.26223958333333336 0.6222222222222222 0.20052083333333334 0.2462962962962963
4 0.10572916666666667 0.6597222222222222 0.21041666666666667 0.23796296296296296
