1 0.0515625 0.6458333333333334 0.014583333333333334 0.058333333333333334
1 0.044270833333333336 0.6444444444444445 0.009375 0.040740740740740744
2 0.15807291666666667 0.6462962962962963 0.018229166666666668 0.04259259259259259
3 0.2171875 0.65 0.08229166666666667 0.08518518518518518
4 0.3528645833333333 0.6046296296296296 0.04635416666666667 0.10185185185185185
3 0.39921875 0.6319444444444444 0.04739583333333333 0.0712962962962963
4 0.4622395833333333 0.6111111111111112 0.019270833333333334 0.044444444444444446
3 0.48776041666666664 0.6180555555555556 0.008854166666666666 0.013888888888888888
1 0.8403645833333333 0.6347222222222222 0.025520833333333333 0.13055555555555556
2 0.9671875 0.6833333333333333 0.057291666666666664 0.2
3 0.896875 0.6342592592592593 0.10416666666666667 0.06296296296296296
3 0.7997395833333333 0.6259259259259259 0.0640625 0.04259259259259259
3 0.44192708333333336 0.6212962962962963 0.0109375 0.014814814814814815
