3 0.10729166666666666 0.6425925925925926 0.11041666666666666 0.05185185185185185
2 0.2552083333333333 0.649537037037037 0.014583333333333334 0.03425925925925926
2 0.35052083333333334 0.6467592592592593 0.00625 0.025
3 0.37447916666666664 0.6430555555555556 0.021875 0.03611111111111111
3 0.38776041666666666 0.6453703703703704 0.018229166666666668 0.02962962962962963
5 0.39401041666666664 0.6324074074074074 0.034895833333333334 0.05185185185185185
3 0.4125 0.6467592592592593 0.01875 0.028703703703703703
3 0.4265625 0.6458333333333334 0.013541666666666667 0.017592592592592594
4 0.44765625 0.6375 0.0203125 0.04537037037037037
3 0.46901041666666665 0.6458333333333334 0.008854166666666666 0.012037037037037037
3 0.5520833333333334 0.6527777777777778 0.10416666666666667 0.05555555555555555
3 0.5966145833333333 0.6523148148148148 0.09427083333333333 0.06388888888888888
4 0.76171875 0.6416666666666667 0.1265625 0.08518518518518518
2 0.9158854166666667 0.6712962962962963 0.025520833333333333 0.07777777777777778
2 0.8776041666666666 0.6578703703703703 0.020833333333333332 0.062037037037037036
3 0.8830729166666667 0.6458333333333334 0.11302083333333333 0.0824074074074074
