3 0.23880208333333333 0.6212962962962963 0.0328125 0.020370370370370372
3 0.32838541666666665 0.6935185185185185 0.07760416666666667 0.09814814814814815
3 0.3885416666666667 0.6402777777777777 0.03125 0.041666666666666664
3 0.42526041666666664 0.6240740740740741 0.021354166666666667 0.027777777777777776
3 0.4890625 0.6388888888888888 0.034375 0.046296296296296294
3 0.53984375 0.6300925925925925 0.025520833333333333 0.041666666666666664
3 0.5622395833333333 0.638425925925926 0.04010416666666667 0.05277777777777778
3 0.6197916666666666 0.6662037037037037 0.07916666666666666 0.10462962962962963
3 0.75625 0.6129629629629629 0.059375 0.03888888888888889
3 0.44765625 0.6097222222222223 0.009895833333333333 0.013888888888888888
4 0.4981770833333333 0.5995370370370371 0.0171875 0.04351851851851852
3 0.5286458333333334 0.6236111111111111 0.01875 0.026851851851851852
4 0.2799479166666667 0.612037037037037 0.0171875 0.03148148148148148
