3 0.8916666666666667 0.7782407407407408 0.21458333333333332 0.44166666666666665
4 0.6205729166666667 0.6287037037037037 0.05364583333333333 0.03888888888888889
3 0.6 0.6425925925925926 0.03125 0.03888888888888889
3 0.5903645833333333 0.6388888888888888 0.025520833333333333 0.040740740740740744
3 0.5518229166666667 0.6402777777777777 0.03177083333333333 0.04722222222222222
3 0.5361979166666667 0.6328703703703704 0.0421875 0.030555555555555555
3 0.5072916666666667 0.6310185185185185 0.01875 0.032407407407407406
1 0.4908854166666667 0.6328703703703704 0.0078125 0.03611111111111111
2 0.48515625 0.6314814814814815 0.018229166666666668 0.03518518518518519
3 0.5002604166666667 0.6324074074074074 0.03697916666666667 0.025925925925925925
3 0.46197916666666666 0.6319444444444444 0.042708333333333334 0.028703703703703703
2 0.4359375 0.6310185185185185 0.009375 0.028703703703703703
2 0.39296875 0.6398148148148148 0.0140625 0.03518518518518519
3 0.3815104166666667 0.6337962962962963 0.0359375 0.028703703703703703
3 0.2677083333333333 0.6796296296296296 0.15625 0.1537037037037037
3 0.059895833333333336 0.6560185185185186 0.09791666666666667 0.0787037037037037
