6 0.020572916666666666 0.711574074074074 0.0265625 0.06944444444444445
2 0.12890625 0.7157407407407408 0.0171875 0.05555555555555555
2 0.19661458333333334 0.7208333333333333 0.018229166666666668 0.04722222222222222
4 0.32760416666666664 0.7046296296296296 0.034375 0.06666666666666667
3 0.36953125 0.7203703703703703 0.0234375 0.04814814814814815
3 0.38307291666666665 0.7291666666666666 0.0421875 0.07314814814814814
3 0.4471354166666667 0.7398148148148148 0.10885416666666667 0.1925925925925926
3 0.5442708333333334 0.725462962962963 0.09166666666666666 0.11574074074074074
2 0.5971354166666667 0.7555555555555555 0.024479166666666666 0.07037037037037037
2 0.7497395833333333 0.7578703703703704 0.027604166666666666 0.04722222222222222
3 0.8322916666666667 0.7675925925925926 0.08333333333333333 0.05925925925925926
3 0.8552083333333333 0.7462962962962963 0.06666666666666667 0.053703703703703705
3 0.92421875 0.7337962962962963 0.10364583333333334 0.09722222222222222
