2 0.03463541666666667 0.6689814814814815 0.06822916666666666 0.125
2 0.032552083333333336 0.6777777777777778 0.06302083333333333 0.13333333333333333
3 0.07291666666666667 0.6541666666666667 0.14375 0.11574074074074074
1 0.28671875 0.6523148148148148 0.0109375 0.06018518518518518
3 0.38046875 0.662962962962963 0.18072916666666666 0.13703703703703704
3 0.5760416666666667 0.663425925925926 0.171875 0.12129629629629629
1 0.6955729166666667 0.6638888888888889 0.009895833333333333 0.04814814814814815
2 0.7166666666666667 0.6694444444444444 0.04479166666666667 0.07592592592592592
1 0.7598958333333333 0.662962962962963 0.009375 0.05555555555555555
3 0.9338541666666667 0.6856481481481481 0.13125 0.1175925925925926
1 0.8411458333333334 0.6611111111111111 0.010416666666666666 0.05740740740740741
