2 0.10260416666666666 0.6773148148148148 0.05520833333333333 0.16018518518518518
3 0.11119791666666666 0.6652777777777777 0.15364583333333334 0.1398148148148148
3 0.20703125 0.6685185185185185 0.07135416666666666 0.09074074074074075
3 0.2794270833333333 0.6611111111111111 0.0453125 0.05555555555555555
6 0.29739583333333336 0.6574074074074074 0.051041666666666666 0.11851851851851852
3 0.31744791666666666 0.6527777777777778 0.0265625 0.04259259259259259
3 0.5138020833333333 0.6689814814814815 0.058854166666666666 0.08055555555555556
1 0.8268229166666666 0.6666666666666666 0.018229166666666668 0.09444444444444444
3 0.8760416666666667 0.675 0.084375 0.10555555555555556
3 0.8263020833333333 0.65 0.0796875 0.09259259259259259
3 0.7627604166666667 0.6578703703703703 0.07447916666666667 0.06388888888888888
3 0.74921875 0.6523148148148148 0.07135416666666666 0.062037037037037036
3 0.70703125 0.6453703703703704 0.05677083333333333 0.05
