3 0.09296875 0.7481481481481481 0.18489583333333334 0.2740740740740741
3 0.17708333333333334 0.6759259259259259 0.08020833333333334 0.06851851851851852
3 0.26171875 0.6842592592592592 0.04635416666666667 0.05185185185185185
2 0.29635416666666664 0.6861111111111111 0.019791666666666666 0.07037037037037037
6 0.31484375 0.6814814814814815 0.019270833333333334 0.06296296296296296
3 0.428125 0.6782407407407407 0.017708333333333333 0.025
3 0.43776041666666665 0.6731481481481482 0.008854166666666666 0.012962962962962963
3 0.20651041666666667 0.6796296296296296 0.0765625 0.05740740740740741
4 0.47942708333333334 0.6319444444444444 0.07760416666666667 0.175
3 0.559375 0.7101851851851851 0.18333333333333332 0.3611111111111111
