1 0.013802083333333333 0.6421296296296296 0.016145833333333335 0.06759259259259259
3 0.115625 0.6731481481481482 0.071875 0.07592592592592592
5 0.21223958333333334 0.6375 0.0796875 0.08981481481481482
5 0.2734375 0.6416666666666667 0.06666666666666667 0.07407407407407407
1 0.3828125 0.6611111111111111 0.010416666666666666 0.06481481481481481
3 0.4122395833333333 0.6638888888888889 0.024479166666666666 0.027777777777777776
5 0.4578125 0.6467592592592593 0.06666666666666667 0.08611111111111111
3 0.5283854166666667 0.6967592592592593 0.11510416666666666 0.14537037037037037
5 0.39895833333333336 0.6453703703703704 0.07291666666666667 0.05555555555555555
1 0.7299479166666667 0.6569444444444444 0.008854166666666666 0.06759259259259259
1 0.036458333333333336 0.6333333333333333 0.011458333333333333 0.06296296296296296
