1 0.19036458333333334 0.6347222222222222 0.0067708333333333336 0.03611111111111111
1 0.23802083333333332 0.6319444444444444 0.007291666666666667 0.03981481481481482
2 0.42682291666666666 0.6259259259259259 0.008854166666666666 0.020370370370370372
3 0.4265625 0.625 0.026041666666666668 0.024074074074074074
3 0.39739583333333334 0.6282407407407408 0.036458333333333336 0.06018518518518518
3 0.35703125 0.6337962962962963 0.034895833333333334 0.04722222222222222
3 0.3026041666666667 0.6342592592592593 0.08229166666666667 0.1
3 0.5369791666666667 0.624537037037037 0.013541666666666667 0.025
3 0.5052083333333334 0.6305555555555555 0.04583333333333333 0.09259259259259259
2 0.5971354166666667 0.6277777777777778 0.009895833333333333 0.027777777777777776
3 0.684375 0.6694444444444444 0.11666666666666667 0.13148148148148148
1 0.7932291666666667 0.6435185185185185 0.015625 0.046296296296296294
1 0.78828125 0.6370370370370371 0.0109375 0.040740740740740744
2 0.7578125 0.6458333333333334 0.017708333333333333 0.06018518518518518
1 0.8489583333333334 0.6375 0.013541666666666667 0.075
2 0.9041666666666667 0.6648148148148149 0.030208333333333334 0.09814814814814815
