4 0.22578125 0.5638888888888889 0.4505208333333333 0.3925925925925926
3 0.1296875 0.7861111111111111 0.259375 0.42592592592592593
3 0.4046875 0.8643518518518518 0.3885416666666667 0.26944444444444443
3 0.6328125 0.65 0.13645833333333332 0.12407407407407407
2 0.7369791666666666 0.7050925925925926 0.058333333333333334 0.16203703703703703
2 0.7958333333333333 0.8305555555555556 0.10520833333333333 0.30185185185185187
2 0.78984375 0.7356481481481482 0.05572916666666667 0.18981481481481483
2 0.8453125 0.7375 0.06145833333333333 0.18611111111111112
2 0.93359375 0.8018518518518518 0.0890625 0.2777777777777778
2 0.8072916666666666 0.6296296296296297 0.03125 0.05185185185185185
