3 0.06770833333333333 0.7773148148148148 0.134375 0.44351851851851853
5 0.1125 0.5833333333333334 0.2 0.21296296296296297
3 0.25338541666666664 0.6398148148148148 0.07447916666666667 0.07962962962962963
3 0.32786458333333335 0.6486111111111111 0.07135416666666666 0.09722222222222222
3 0.37447916666666664 0.6370370370370371 0.03854166666666667 0.05925925925925926
3 0.38984375 0.6310185185185185 0.028645833333333332 0.05277777777777778
3 0.4083333333333333 0.6328703703703704 0.028125 0.032407407407407406
3 0.4244791666666667 0.6273148148148148 0.017708333333333333 0.028703703703703703
4 0.4049479166666667 0.6134259259259259 0.0203125 0.049074074074074076
3 0.4596354166666667 0.6328703703703704 0.04635416666666667 0.04537037037037037
2 0.50546875 0.6356481481481482 0.008854166666666666 0.03981481481481482
2 0.5265625 0.6532407407407408 0.016666666666666666 0.06574074074074074
2 0.5559895833333334 0.6532407407407408 0.022395833333333334 0.06574074074074074
2 0.6044270833333333 0.6685185185185185 0.033854166666666664 0.10185185185185185
6 0.48671875 0.637962962962963 0.0171875 0.04814814814814815
2 0.91171875 0.7620370370370371 0.11510416666666666 0.31296296296296294
1 0.6059895833333333 0.6606481481481481 0.024479166666666666 0.08055555555555556
1 0.9205729166666666 0.7194444444444444 0.08697916666666666 0.22962962962962963
