2 0.90859375 0.7023148148148148 0.0140625 0.05277777777777778
1 0.7958333333333333 0.6962962962962963 0.020833333333333332 0.07407407407407407
3 0.815625 0.6958333333333333 0.053125 0.06944444444444445
3 0.7875 0.6828703703703703 0.0375 0.058333333333333334
4 0.7848958333333333 0.6587962962962963 0.05 0.09907407407407408
3 0.72421875 0.6828703703703703 0.03697916666666667 0.05462962962962963
3 0.7015625 0.6680555555555555 0.015625 0.023148148148148147
3 0.6463541666666667 0.6680555555555555 0.03854166666666667 0.025
3 0.6231770833333333 0.6652777777777777 0.015104166666666667 0.023148148148148147
1 0.57734375 0.6652777777777777 0.0078125 0.03981481481481482
1 0.5713541666666667 0.6662037037037037 0.007291666666666667 0.03796296296296296
3 0.5640625 0.6625 0.03333333333333333 0.026851851851851852
3 0.5302083333333333 0.6620370370370371 0.040625 0.040740740740740744
3 0.49192708333333335 0.6578703703703703 0.03697916666666667 0.023148148148148147
3 0.44140625 0.6703703703703704 0.0859375 0.09259259259259259
3 0.34661458333333334 0.6393518518518518 0.0734375 0.06944444444444445
3 0.32265625 0.6527777777777778 0.05572916666666667 0.040740740740740744
5 0.12890625 0.55 0.2546875 0.42777777777777776
