4 0.19401041666666666 0.6351851851851852 0.10989583333333333 0.08333333333333333
3 0.22630208333333332 0.6550925925925926 0.08489583333333334 0.09351851851851851
2 0.27239583333333334 0.6504629629629629 0.009375 0.032407407407407406
2 0.284375 0.6523148148148148 0.0125 0.03796296296296296
4 0.40520833333333334 0.6199074074074075 0.06770833333333333 0.14351851851851852
4 0.45755208333333336 0.6430555555555556 0.008854166666666666 0.019444444444444445
3 0.4705729166666667 0.6449074074074074 0.0078125 0.012037037037037037
3 0.48072916666666665 0.6439814814814815 0.010416666666666666 0.021296296296296296
5 0.5046875 0.6393518518518518 0.016666666666666666 0.03796296296296296
3 0.5067708333333333 0.6472222222222223 0.017708333333333333 0.025925925925925925
2 0.68359375 0.6726851851851852 0.015104166666666667 0.075
4 0.5578125 0.6106481481481482 0.06979166666666667 0.16574074074074074
5 0.3580729166666667 0.6453703703703704 0.0067708333333333336 0.024074074074074074
