1 0.9455729166666667 0.6541666666666667 0.022395833333333334 0.10277777777777777
1 0.96484375 0.6625 0.025520833333333333 0.09722222222222222
1 0.7971354166666667 0.6555555555555556 0.016145833333333335 0.08148148148148149
3 0.5692708333333333 0.6537037037037037 0.053125 0.08888888888888889
3 0.5252604166666667 0.6467592592592593 0.030729166666666665 0.03981481481481482
3 0.3497395833333333 0.6449074074074074 0.0421875 0.05277777777777778
5 0.34817708333333336 0.6287037037037037 0.027604166666666666 0.053703703703703705
3 0.39817708333333335 0.6388888888888888 0.0234375 0.04259259259259259
3 0.43828125 0.637962962962963 0.018229166666666668 0.025925925925925925
3 0.4640625 0.638425925925926 0.021875 0.026851851851851852
3 0.4861979166666667 0.6365740740740741 0.013020833333333334 0.019444444444444445
3 0.47369791666666666 0.6365740740740741 0.0140625 0.021296296296296296
5 0.43359375 0.6282407407407408 0.022395833333333334 0.04351851851851852
3 0.40911458333333334 0.6412037037037037 0.015104166666666667 0.023148148148148147
5 0.4510416666666667 0.6268518518518519 0.022916666666666665 0.040740740740740744
3 0.41770833333333335 0.6351851851851852 0.009375 0.011111111111111112
1 0.18177083333333333 0.6388888888888888 0.010416666666666666 0.03888888888888889
1 0.25390625 0.6356481481481482 0.009895833333333333 0.04537037037037037
3 0.7510416666666667 0.6504629629629629 0.05 0.041666666666666664
