3 0.11796875 0.6861111111111111 0.2359375 0.22407407407407406
4 0.5046875 0.6143518518518518 0.005208333333333333 0.013888888888888888
4 0.46484375 0.6083333333333333 0.0328125 0.07037037037037037
5 0.4393229166666667 0.6083333333333333 0.043229166666666666 0.09074074074074075
3 0.40598958333333335 0.6287037037037037 0.021354166666666667 0.037037037037037035
3 0.39557291666666666 0.6319444444444444 0.0234375 0.03796296296296296
4 0.41432291666666665 0.6097222222222223 0.021354166666666667 0.05462962962962963
3 0.32916666666666666 0.6347222222222222 0.13020833333333334 0.0712962962962963
4 0.5341145833333333 0.6222222222222222 0.0171875 0.03518518518518519
3 0.9578125 0.6398148148148148 0.084375 0.08333333333333333
2 0.27682291666666664 0.6342592592592593 0.0328125 0.05555555555555555
