3 0.0421875 0.6444444444444445 0.058333333333333334 0.04814814814814815
1 0.25442708333333336 0.638425925925926 0.008854166666666666 0.041666666666666664
1 0.24739583333333334 0.6361111111111111 0.009375 0.044444444444444446
1 0.2359375 0.6416666666666667 0.009375 0.040740740740740744
3 0.3893229166666667 0.6277777777777778 0.016145833333333335 0.020370370370370372
3 0.4388020833333333 0.6416666666666667 0.058854166666666666 0.09074074074074075
3 0.47421875 0.6226851851851852 0.011979166666666667 0.017592592592592594
5 0.47760416666666666 0.6134259259259259 0.016666666666666666 0.03611111111111111
3 0.4942708333333333 0.6212962962962963 0.011458333333333333 0.020370370370370372
3 0.4627604166666667 0.6180555555555556 0.011979166666666667 0.019444444444444445
