4 0.8765625 0.5319444444444444 0.23854166666666668 0.8490740740740741
4 0.6153645833333333 0.6666666666666666 0.10885416666666667 0.15
3 0.5606770833333333 0.6810185185185185 0.043229166666666666 0.06388888888888888
4 0.55 0.6342592592592593 0.06145833333333333 0.12037037037037036
3 0.48463541666666665 0.7282407407407407 0.13489583333333333 0.20462962962962963
5 0.37994791666666666 0.6402777777777777 0.0796875 0.14166666666666666
3 0.33255208333333336 0.6152777777777778 0.019270833333333334 0.021296296296296296
4 0.33203125 0.6555555555555556 0.049479166666666664 0.07222222222222222
4 0.27734375 0.6328703703703704 0.07447916666666667 0.125
4 0.11041666666666666 0.6101851851851852 0.21666666666666667 0.3277777777777778
