3 0.03177083333333333 0.6773148148148148 0.06354166666666666 0.04351851851851852
3 0.18151041666666667 0.6782407407407407 0.03697916666666667 0.03425925925925926
3 0.23046875 0.674074074074074 0.0359375 0.044444444444444446
5 0.26171875 0.6601851851851852 0.0671875 0.05925925925925926
3 0.2578125 0.6777777777777778 0.029166666666666667 0.03333333333333333
3 0.28229166666666666 0.6782407407407407 0.020833333333333332 0.026851851851851852
1 0.50546875 0.687962962962963 0.011979166666666667 0.04259259259259259
2 0.5622395833333333 0.6921296296296297 0.0109375 0.03981481481481482
3 0.4671875 0.6796296296296296 0.009375 0.012962962962962963
2 0.6630208333333333 0.6944444444444444 0.016666666666666666 0.07222222222222222
2 0.7455729166666667 0.7240740740740741 0.03802083333333333 0.13703703703703704
