1 0.015625 0.6648148148148149 0.03125 0.10555555555555556
2 0.12864583333333332 0.7069444444444445 0.06979166666666667 0.15462962962962962
3 0.22682291666666668 0.6453703703703704 0.0765625 0.06111111111111111
3 0.20182291666666666 0.6388888888888888 0.0578125 0.07592592592592592
3 0.24791666666666667 0.6310185185185185 0.046875 0.05648148148148148
1 0.37265625 0.6263888888888889 0.009895833333333333 0.05462962962962963
3 0.40546875 0.6185185185185185 0.0234375 0.04259259259259259
3 0.41822916666666665 0.6148148148148148 0.016666666666666666 0.03518518518518519
4 0.4596354166666667 0.6027777777777777 0.022395833333333334 0.05555555555555555
3 0.4471354166666667 0.6240740740740741 0.024479166666666666 0.037037037037037035
3 0.48203125 0.6439814814814815 0.0484375 0.06574074074074074
3 0.47291666666666665 0.6962962962962963 0.084375 0.1259259259259259
2 0.5197916666666667 0.6287037037037037 0.0125 0.046296296296296294
3 0.4973958333333333 0.600925925925926 0.010416666666666666 0.018518518518518517
5 0.48671875 0.5916666666666667 0.008854166666666666 0.018518518518518517
3 0.47942708333333334 0.600462962962963 0.0109375 0.017592592592592594
3 0.5708333333333333 0.6032407407407407 0.03333333333333333 0.026851851851851852
3 0.5841145833333333 0.6069444444444444 0.0359375 0.025
3 0.6067708333333334 0.6078703703703704 0.042708333333333334 0.03611111111111111
4 0.6442708333333333 0.5958333333333333 0.0625 0.10277777777777777
3 0.884375 0.6203703703703703 0.13645833333333332 0.08888888888888889
1 0.9427083333333334 0.7074074074074074 0.046875 0.16111111111111112
3 0.9786458333333333 0.6865740740740741 0.042708333333333334 0.15092592592592594
