1 0.6083333333333333 0.6587962962962963 0.022916666666666665 0.1527777777777778
1 0.4322916666666667 0.725925925925926 0.07916666666666666 0.3351851851851852
1 0.4895833333333333 0.6726851851851852 0.041666666666666664 0.2064814814814815
1 0.40286458333333336 0.6638888888888889 0.03697916666666667 0.17777777777777778
1 0.37890625 0.6736111111111112 0.0359375 0.17314814814814813
1 0.3390625 0.6898148148148148 0.040625 0.3148148148148148
1 0.2625 0.6638888888888889 0.0375 0.1388888888888889
1 0.21432291666666667 0.6787037037037037 0.0546875 0.2833333333333333
1 0.1953125 0.6592592592592592 0.025 0.14629629629629629
1 0.14036458333333332 0.6828703703703703 0.0515625 0.33425925925925926
1 0.06510416666666667 0.6708333333333333 0.019791666666666666 0.11388888888888889
1 0.0421875 0.6842592592592592 0.035416666666666666 0.23333333333333334
1 0.019791666666666666 0.6708333333333333 0.035416666666666666 0.23055555555555557
