1 0.85703125 0.6722222222222223 0.034895833333333334 0.13703703703703704
2 0.8028645833333333 0.6703703703703704 0.03802083333333333 0.1037037037037037
3 0.6059895833333333 0.6699074074074074 0.12239583333333333 0.14722222222222223
2 0.98515625 0.7013888888888888 0.030729166666666665 0.11574074074074074
3 0.5309895833333333 0.6305555555555555 0.05364583333333333 0.06666666666666667
3 0.49973958333333335 0.6138888888888889 0.018229166666666668 0.027777777777777776
3 0.4875 0.6208333333333333 0.023958333333333335 0.03796296296296296
3 0.46588541666666666 0.6240740740740741 0.033854166666666664 0.053703703703703705
4 0.4513020833333333 0.6055555555555555 0.028645833333333332 0.05555555555555555
3 0.4166666666666667 0.6111111111111112 0.029166666666666667 0.03333333333333333
4 0.4348958333333333 0.5949074074074074 0.015625 0.03796296296296296
3 0.3703125 0.6148148148148148 0.029166666666666667 0.044444444444444446
3 0.33880208333333334 0.6208333333333333 0.05260416666666667 0.0712962962962963
3 0.32734375 0.5967592592592592 0.0328125 0.03981481481481482
3 0.27786458333333336 0.612037037037037 0.05364583333333333 0.06111111111111111
3 0.027083333333333334 0.5916666666666667 0.05416666666666667 0.08148148148148149
1 0.16927083333333334 0.5939814814814814 0.009375 0.03981481481481482
1 0.16067708333333333 0.5953703703703703 0.0109375 0.04259259259259259
