3 0.2635416666666667 0.6680555555555555 0.07291666666666667 0.0787037037037037
1 0.17213541666666668 0.6666666666666666 0.015104166666666667 0.08703703703703704
4 0.18359375 0.6518518518518519 0.05260416666666667 0.07222222222222222
5 0.4432291666666667 0.625462962962963 0.03958333333333333 0.0712962962962963
4 0.41640625 0.625462962962963 0.0421875 0.08611111111111111
3 0.38645833333333335 0.6476851851851851 0.036458333333333336 0.05277777777777778
5 0.38776041666666666 0.6226851851851852 0.06197916666666667 0.06388888888888888
3 0.33880208333333334 0.6768518518518518 0.1171875 0.1388888888888889
3 0.5221354166666666 0.6805555555555556 0.10885416666666667 0.16111111111111112
1 0.06692708333333333 0.6597222222222222 0.0109375 0.04722222222222222
1 0.04635416666666667 0.6689814814814815 0.0125 0.05648148148148148
1 0.029166666666666667 0.6773148148148148 0.0125 0.075
2 0.22083333333333333 0.6671296296296296 0.017708333333333333 0.058333333333333334
