2 0.20208333333333334 0.6819444444444445 0.028125 0.049074074074074076
2 0.22630208333333332 0.6851851851851852 0.024479166666666666 0.044444444444444446
4 0.40859375 0.7 0.1453125 0.14814814814814814
2 0.515625 0.7 0.030208333333333334 0.05185185185185185
1 0.54609375 0.6995370370370371 0.008854166666666666 0.05092592592592592
2 0.6239583333333333 0.7074074074074074 0.034375 0.06296296296296296
2 0.6434895833333333 0.7125 0.009895833333333333 0.04351851851851852
1 0.6528645833333333 0.7106481481481481 0.008854166666666666 0.04537037037037037
3 0.7848958333333333 0.7175925925925926 0.11875 0.07962962962962963
3 0.90703125 0.7342592592592593 0.17239583333333333 0.12407407407407407
