3 0.39166666666666666 0.649537037037037 0.04791666666666667 0.062037037037037036
3 0.36822916666666666 0.6513888888888889 0.028125 0.041666666666666664
3 0.4388020833333333 0.6472222222222223 0.024479166666666666 0.03148148148148148
3 0.45729166666666665 0.6402777777777777 0.015625 0.021296296296296296
3 0.490625 0.6699074074074074 0.07083333333333333 0.10648148148148148
3 0.5375 0.6513888888888889 0.03125 0.04351851851851852
3 0.5802083333333333 0.662962962962963 0.075 0.10555555555555556
2 0.6403645833333333 0.6638888888888889 0.0171875 0.06851851851851852
2 0.6622395833333333 0.6722222222222223 0.019270833333333334 0.07962962962962963
2 0.6190104166666667 0.6574074074074074 0.008854166666666666 0.04259259259259259
2 0.6807291666666667 0.6703703703703704 0.020833333333333332 0.10925925925925926
2 0.7239583333333334 0.6824074074074075 0.028125 0.10185185185185185
2 0.7380208333333333 0.6824074074074075 0.03229166666666667 0.13148148148148148
2 0.83203125 0.700925925925926 0.0640625 0.18518518518518517
2 0.8830729166666667 0.7050925925925926 0.06197916666666667 0.16944444444444445
3 0.884375 0.6847222222222222 0.10833333333333334 0.09722222222222222
1 0.9830729166666666 0.6731481481481482 0.025520833333333333 0.13148148148148148
