3 0.12786458333333334 0.6666666666666666 0.10885416666666667 0.09074074074074075
2 0.23619791666666667 0.675 0.013020833333333334 0.046296296296296294
2 0.3026041666666667 0.65 0.00625 0.024074074074074074
3 0.3171875 0.6703703703703704 0.03125 0.037037037037037035
3 0.353125 0.6680555555555555 0.029166666666666667 0.04537037037037037
3 0.36302083333333335 0.6620370370370371 0.023958333333333335 0.044444444444444446
3 0.4125 0.6736111111111112 0.058333333333333334 0.04722222222222222
3 0.4453125 0.6523148148148148 0.019791666666666666 0.03611111111111111
3 0.48671875 0.6564814814814814 0.022395833333333334 0.027777777777777776
3 0.5434895833333333 0.6819444444444445 0.1859375 0.11388888888888889
3 0.9473958333333333 0.6685185185185185 0.103125 0.08703703703703704
