4 0.6484375 0.6754629629629629 0.13958333333333334 0.18796296296296297
3 0.5736979166666667 0.687962962962963 0.05364583333333333 0.07407407407407407
4 0.5591145833333333 0.6310185185185185 0.0609375 0.13240740740740742
4 0.47708333333333336 0.6412037037037037 0.029166666666666667 0.06759259259259259
3 0.48359375 0.7273148148148149 0.1234375 0.18611111111111112
3 0.41901041666666666 0.6703703703703704 0.0265625 0.02962962962962963
5 0.3572916666666667 0.6375 0.10625 0.17685185185185184
4 0.2869791666666667 0.6597222222222222 0.06770833333333333 0.10277777777777777
4 0.21770833333333334 0.6291666666666667 0.115625 0.1675925925925926
3 0.06640625 0.6703703703703704 0.0578125 0.044444444444444446
3 0.04192708333333333 0.6685185185185185 0.06197916666666667 0.05
