6 0.9666666666666667 0.762962962962963 0.06458333333333334 0.15
1 0.8671875 0.7736111111111111 0.03125 0.13240740740740742
1 0.6841145833333333 0.7490740740740741 0.019270833333333334 0.1
1 0.6049479166666667 0.7893518518518519 0.0421875 0.18796296296296297
1 0.5768229166666666 0.7412037037037037 0.0203125 0.1175925925925926
1 0.4747395833333333 0.7310185185185185 0.016145833333333335 0.09537037037037037
1 0.403125 0.7712962962962963 0.0375 0.17592592592592593
2 0.20208333333333334 0.7652777777777777 0.125 0.2064814814814815
1 0.090625 0.7319444444444444 0.03229166666666667 0.225
3 0.15572916666666667 0.7597222222222222 0.2677083333333333 0.18055555555555555
3 0.05546875 0.8032407407407407 0.10989583333333333 0.3861111111111111
