3 0.13619791666666667 0.6638888888888889 0.11927083333333334 0.10925925925925926
4 0.14088541666666668 0.6388888888888888 0.1234375 0.1
3 0.26015625 0.6606481481481481 0.050520833333333334 0.05462962962962963
3 0.2890625 0.6537037037037037 0.05520833333333333 0.07037037037037037
3 0.33359375 0.6625 0.06302083333333333 0.062037037037037036
3 0.371875 0.6546296296296297 0.03125 0.037037037037037035
6 0.39166666666666666 0.6453703703703704 0.021875 0.03518518518518519
3 0.48723958333333334 0.65 0.0296875 0.046296296296296294
3 0.5247395833333334 0.6976851851851852 0.1078125 0.1527777777777778
3 0.5315104166666667 0.6430555555555556 0.033854166666666664 0.06944444444444445
2 0.7 0.6671296296296296 0.014583333333333334 0.03611111111111111
3 0.63515625 0.649537037037037 0.0265625 0.019444444444444445
