4 0.91015625 0.4527777777777778 0.1765625 0.8981481481481481
1 0.7002604166666667 0.6513888888888889 0.009895833333333333 0.03611111111111111
3 0.6106770833333334 0.6541666666666667 0.04635416666666667 0.075
3 0.5580729166666667 0.6462962962962963 0.03697916666666667 0.040740740740740744
3 0.5083333333333333 0.6458333333333334 0.027083333333333334 0.030555555555555555
3 0.4640625 0.6435185185185185 0.028125 0.02962962962962963
3 0.4315104166666667 0.6435185185185185 0.022395833333333334 0.03148148148148148
3 0.4197916666666667 0.6458333333333334 0.03125 0.04537037037037037
3 0.3776041666666667 0.6620370370370371 0.07083333333333333 0.08333333333333333
3 0.34869791666666666 0.6361111111111111 0.009895833333333333 0.014814814814814815
3 0.325 0.6342592592592593 0.010416666666666666 0.014814814814814815
3 0.3 0.6333333333333333 0.008333333333333333 0.011111111111111112
3 0.09036458333333333 0.6722222222222223 0.1796875 0.11481481481481481
