3 0.07708333333333334 0.7078703703703704 0.15520833333333334 0.21944444444444444
3 0.35234375 0.6810185185185185 0.0984375 0.10833333333333334
4 0.275 0.3425925925925926 0.14791666666666667 0.12222222222222222
2 0.5947916666666667 0.6689814814814815 0.017708333333333333 0.03611111111111111
2 0.4153645833333333 0.6537037037037037 0.0078125 0.03333333333333333
2 0.43776041666666665 0.6537037037037037 0.008854166666666666 0.03888888888888889
2 0.446875 0.6541666666666667 0.008333333333333333 0.03796296296296296
3 0.4895833333333333 0.6569444444444444 0.015625 0.025
3 0.5057291666666667 0.6611111111111111 0.01875 0.027777777777777776
3 0.5197916666666667 0.6606481481481481 0.014583333333333334 0.023148148148148147
3 0.5348958333333333 0.663425925925926 0.019791666666666666 0.025
5 0.5645833333333333 0.649537037037037 0.017708333333333333 0.03796296296296296
3 0.6760416666666667 0.6703703703703704 0.017708333333333333 0.022222222222222223
2 0.9559895833333333 0.7157407407407408 0.033854166666666664 0.09259259259259259
2 0.9216145833333333 0.6953703703703704 0.021354166666666667 0.04814814814814815
1 0.8911458333333333 0.6930555555555555 0.013541666666666667 0.03796296296296296
1 0.8552083333333333 0.6861111111111111 0.009375 0.03333333333333333
2 0.97890625 0.7050925925925926 0.0171875 0.03796296296296296
1 0.853125 0.6800925925925926 0.007291666666666667 0.028703703703703703
2 0.8221354166666667 0.6847222222222222 0.013020833333333334 0.03425925925925926
