3 0.022395833333333334 0.6541666666666667 0.042708333333333334 0.04537037037037037
5 0.36302083333333335 0.6555555555555556 0.03958333333333333 0.05185185185185185
3 0.40130208333333334 0.6703703703703704 0.044270833333333336 0.053703703703703705
3 0.48776041666666664 0.6930555555555555 0.09739583333333333 0.16944444444444445
3 0.5575520833333333 0.6763888888888889 0.0359375 0.032407407407407406
3 0.5885416666666666 0.6893518518518519 0.042708333333333334 0.075
3 0.6151041666666667 0.6898148148148148 0.06666666666666667 0.10740740740740741
2 0.70625 0.6865740740740741 0.017708333333333333 0.05277777777777778
1 0.7221354166666667 0.6824074074074075 0.009895833333333333 0.040740740740740744
2 0.74375 0.687037037037037 0.027083333333333334 0.04814814814814815
