5 0.18776041666666668 0.5587962962962963 0.3359375 0.4898148148148148
3 0.45338541666666665 0.6675925925925926 0.0765625 0.1037037037037037
5 0.33307291666666666 0.6092592592592593 0.1015625 0.18333333333333332
3 0.38333333333333336 0.6388888888888888 0.03125 0.05
5 0.37916666666666665 0.6222222222222222 0.041666666666666664 0.1
1 0.5140625 0.6296296296296297 0.00625 0.02962962962962963
1 0.50703125 0.6268518518518519 0.0046875 0.03148148148148148
2 0.5239583333333333 0.65 0.015625 0.07037037037037037
2 0.5697916666666667 0.662962962962963 0.021875 0.10555555555555556
2 0.67578125 0.7018518518518518 0.06927083333333334 0.2111111111111111
1 0.7979166666666667 0.6625 0.026041666666666668 0.16203703703703703
2 0.8463541666666666 0.7296296296296296 0.08854166666666667 0.31296296296296294
1 0.7130208333333333 0.649074074074074 0.016666666666666666 0.1
