3 0.11223958333333334 0.7625 0.2234375 0.4046296296296296
5 0.221875 0.6222222222222222 0.11979166666666667 0.1574074074074074
3 0.2955729166666667 0.6472222222222223 0.10052083333333334 0.16666666666666666
3 0.3455729166666667 0.6453703703703704 0.0296875 0.05740740740740741
5 0.3880208333333333 0.6226851851851852 0.065625 0.11203703703703703
3 0.3971354166666667 0.649074074074074 0.0640625 0.07592592592592592
5 0.4283854166666667 0.6361111111111111 0.024479166666666666 0.06111111111111111
3 0.45729166666666665 0.65 0.03125 0.053703703703703705
3 0.496875 0.6509259259259259 0.016666666666666666 0.025925925925925925
3 0.4895833333333333 0.6416666666666667 0.014583333333333334 0.03518518518518519
3 0.5841145833333333 0.6694444444444444 0.15364583333333334 0.08518518518518518
2 0.6533854166666667 0.6666666666666666 0.015104166666666667 0.06666666666666667
3 0.9393229166666667 0.6657407407407407 0.1203125 0.08518518518518518
3 0.47760416666666666 0.649074074074074 0.013541666666666667 0.022222222222222223
