2 0.91796875 0.700925925925926 0.05572916666666667 0.08888888888888889
3 0.58671875 0.6652777777777777 0.011979166666666667 0.01574074074074074
3 0.54375 0.6703703703703704 0.014583333333333334 0.022222222222222223
3 0.5364583333333334 0.663425925925926 0.011458333333333333 0.019444444444444445
1 0.6080729166666666 0.6680555555555555 0.005729166666666666 0.023148148148148147
2 0.5020833333333333 0.687037037037037 0.053125 0.11296296296296296
4 0.48880208333333336 0.6435185185185185 0.011979166666666667 0.027777777777777776
3 0.4674479166666667 0.6611111111111111 0.0171875 0.02962962962962963
3 0.45208333333333334 0.6657407407407407 0.025 0.046296296296296294
3 0.43776041666666665 0.6754629629629629 0.0328125 0.04351851851851852
3 0.38567708333333334 0.674537037037037 0.03802083333333333 0.041666666666666664
3 0.06770833333333333 0.6712962962962963 0.134375 0.10185185185185185
