4 0.7997395833333333 0.6532407407407408 0.3984375 0.20833333333333334
2 0.53984375 0.6708333333333333 0.008854166666666666 0.03425925925925926
2 0.5338541666666666 0.6652777777777777 0.007291666666666667 0.026851851851851852
3 0.49505208333333334 0.6546296296296297 0.0078125 0.012962962962962963
3 0.4859375 0.6569444444444444 0.0125 0.019444444444444445
4 0.4432291666666667 0.6421296296296296 0.019791666666666666 0.03981481481481482
3 0.42682291666666666 0.6555555555555556 0.013020833333333334 0.020370370370370372
3 0.3984375 0.662962962962963 0.019791666666666666 0.025925925925925925
3 0.37473958333333335 0.6638888888888889 0.0234375 0.03518518518518519
3 0.3611979166666667 0.6652777777777777 0.028645833333333332 0.041666666666666664
3 0.340625 0.6694444444444444 0.03333333333333333 0.040740740740740744
3 0.315625 0.6717592592592593 0.03854166666666667 0.049074074074074076
3 0.30104166666666665 0.6731481481481482 0.04791666666666667 0.05740740740740741
5 0.17838541666666666 0.6439814814814815 0.1078125 0.11574074074074074
3 0.09973958333333334 0.700925925925926 0.19739583333333333 0.1648148148148148
