4 0.06197916666666667 0.5893518518518519 0.12395833333333334 0.2101851851851852
3 0.26796875 0.6069444444444444 0.04739583333333333 0.04351851851851852
3 0.30182291666666666 0.6050925925925926 0.04010416666666667 0.03796296296296296
3 0.3453125 0.6328703703703704 0.071875 0.11944444444444445
3 0.49947916666666664 0.6041666666666666 0.01875 0.03425925925925926
3 0.51484375 0.6175925925925926 0.03177083333333333 0.05185185185185185
2 0.5598958333333334 0.6319444444444444 0.026041666666666668 0.05277777777777778
1 0.59453125 0.6351851851851852 0.013020833333333334 0.07592592592592592
3 0.42135416666666664 0.7606481481481482 0.18125 0.3453703703703704
3 0.9161458333333333 0.6601851851851852 0.09791666666666667 0.05740740740740741
3 0.7888020833333333 0.7912037037037037 0.30572916666666666 0.3675925925925926
2 0.5838541666666667 0.611574074074074 0.00625 0.026851851851851852
