3 0.284375 0.6537037037037037 0.13645833333333332 0.17037037037037037
2 0.35598958333333336 0.6287037037037037 0.015104166666666667 0.06481481481481481
3 0.4375 0.687037037037037 0.134375 0.18703703703703703
2 0.51171875 0.6398148148148148 0.013020833333333334 0.07222222222222222
2 0.52890625 0.6587962962962963 0.0296875 0.12314814814814815
2 0.5489583333333333 0.6773148148148148 0.040625 0.18611111111111112
2 0.56640625 0.6763888888888889 0.025520833333333333 0.16018518518518518
1 0.5807291666666666 0.6444444444444445 0.016666666666666666 0.10185185185185185
2 0.15546875 0.6236111111111111 0.04739583333333333 0.07685185185185185
1 0.17161458333333332 0.6175925925925926 0.0171875 0.10740740740740741
3 0.05703125 0.6092592592592593 0.049479166666666664 0.04814814814814815
3 0.027604166666666666 0.6208333333333333 0.05520833333333333 0.06944444444444445
