3 0.8286458333333333 0.7263888888888889 0.303125 0.33425925925925926
3 0.62421875 0.6819444444444445 0.08697916666666666 0.11203703703703703
5 0.5666666666666667 0.6328703703703704 0.0625 0.11018518518518519
3 0.4942708333333333 0.7101851851851851 0.13020833333333334 0.1925925925925926
3 0.39348958333333334 0.6541666666666667 0.0359375 0.032407407407407406
3 0.3182291666666667 0.65 0.040625 0.03888888888888889
3 0.24791666666666667 0.6509259259259259 0.053125 0.03148148148148148
3 0.14713541666666666 0.649074074074074 0.0421875 0.02962962962962963
3 0.1109375 0.649074074074074 0.046875 0.03333333333333333
3 0.04479166666666667 0.6592592592592592 0.08854166666666667 0.06481481481481481
