1 0.9911458333333333 0.6097222222222223 0.014583333333333334 0.08611111111111111
1 0.9583333333333334 0.6023148148148149 0.0125 0.0787037037037037
1 0.9354166666666667 0.6041666666666666 0.014583333333333334 0.0787037037037037
2 0.8270833333333333 0.6476851851851851 0.04479166666666667 0.1287037037037037
5 0.79296875 0.6449074074074074 0.033854166666666664 0.09907407407407408
5 0.6299479166666667 0.5398148148148149 0.2015625 0.37777777777777777
4 0.096875 0.3388888888888889 0.0625 0.562962962962963
3 0.24635416666666668 0.6185185185185185 0.051041666666666666 0.053703703703703705
3 0.31640625 0.6203703703703703 0.06197916666666667 0.07222222222222222
3 0.515625 0.6143518518518518 0.028125 0.041666666666666664
3 0.4236979166666667 0.6101851851851852 0.011979166666666667 0.016666666666666666
3 0.43671875 0.6106481481481482 0.0140625 0.021296296296296296
3 0.45208333333333334 0.6083333333333333 0.010416666666666666 0.012962962962962963
