4 0.10677083333333333 0.612037037037037 0.21354166666666666 0.2962962962962963
3 0.22734375 0.6916666666666667 0.0671875 0.06851851851851852
4 0.32005208333333335 0.6550925925925926 0.09322916666666667 0.16018518518518518
3 0.38046875 0.6884259259259259 0.03177083333333333 0.05648148148148148
3 0.4 0.6856481481481481 0.021875 0.04537037037037037
3 0.459375 0.6828703703703703 0.07083333333333333 0.15833333333333333
4 0.5453125 0.6555555555555556 0.08229166666666667 0.2074074074074074
3 0.65078125 0.7333333333333333 0.13489583333333333 0.1925925925925926
3 0.5036458333333333 0.7476851851851852 0.18541666666666667 0.2861111111111111
3 0.8830729166666667 0.6152777777777778 0.23177083333333334 0.7657407407407407
