3 0.28880208333333335 0.6893518518518519 0.15364583333333334 0.17685185185185184
3 0.7046875 0.6421296296296296 0.029166666666666667 0.049074074074074076
3 0.6716145833333333 0.6398148148148148 0.0203125 0.025925925925925925
3 0.5536458333333333 0.6435185185185185 0.011458333333333333 0.016666666666666666
5 0.4875 0.637962962962963 0.015625 0.02962962962962963
3 0.46432291666666664 0.6481481481481481 0.024479166666666666 0.02962962962962963
3 0.4265625 0.65 0.022916666666666665 0.027777777777777776
6 0.4088541666666667 0.649537037037037 0.011458333333333333 0.023148148148148147
2 0.39140625 0.6513888888888889 0.005729166666666666 0.023148148148148147
3 0.3703125 0.6439814814814815 0.021875 0.032407407407407406
