3 0.07890625 0.6208333333333333 0.07239583333333334 0.058333333333333334
3 0.37447916666666664 0.6435185185185185 0.058333333333333334 0.06481481481481481
3 0.453125 0.6907407407407408 0.08020833333333334 0.13333333333333333
3 0.5721354166666667 0.7069444444444445 0.09010416666666667 0.11203703703703703
3 0.5447916666666667 0.6851851851851852 0.057291666666666664 0.08518518518518518
3 0.52578125 0.6726851851851852 0.05260416666666667 0.0712962962962963
3 0.60078125 0.6819444444444445 0.0546875 0.09537037037037037
3 0.66015625 0.6953703703703704 0.0859375 0.1037037037037037
3 0.6802083333333333 0.6462962962962963 0.059375 0.037037037037037035
3 0.8518229166666667 0.8625 0.29739583333333336 0.27685185185185185
3 0.8700520833333333 0.750462962962963 0.2390625 0.19722222222222222
