5 0.058333333333333334 0.5833333333333334 0.11666666666666667 0.22962962962962963
1 0.19088541666666667 0.6407407407407407 0.0046875 0.03333333333333333
1 0.19453125 0.6421296296296296 0.0078125 0.03796296296296296
3 0.25494791666666666 0.649537037037037 0.03697916666666667 0.03796296296296296
3 0.35052083333333334 0.6504629629629629 0.029166666666666667 0.03796296296296296
3 0.39895833333333336 0.6398148148148148 0.014583333333333334 0.020370370370370372
3 0.4153645833333333 0.6398148148148148 0.0078125 0.012962962962962963
4 0.42109375 0.6342592592592593 0.0109375 0.022222222222222223
3 0.44895833333333335 0.6453703703703704 0.016666666666666666 0.018518518518518517
4 0.4783854166666667 0.6310185185185185 0.0328125 0.0824074074074074
3 0.49322916666666666 0.6453703703703704 0.010416666666666666 0.018518518518518517
3 0.5033854166666667 0.6504629629629629 0.018229166666666668 0.025
5 0.5223958333333333 0.6365740740740741 0.026041666666666668 0.05277777777777778
3 0.5419270833333333 0.6546296296296297 0.04010416666666667 0.07777777777777778
3 0.590625 0.6722222222222223 0.07604166666666666 0.10740740740740741
1 0.66640625 0.6518518518518519 0.011979166666666667 0.04814814814814815
2 0.71796875 0.6703703703703704 0.0234375 0.07222222222222222
2 0.8546875 0.6949074074074074 0.034375 0.10833333333333334
3 0.81484375 0.6388888888888888 0.0484375 0.05
