3 0.05546875 0.8708333333333333 0.1109375 0.25833333333333336
3 0.05234375 0.6916666666666667 0.1046875 0.07962962962962963
2 0.19375 0.6587962962962963 0.014583333333333334 0.04537037037037037
3 0.27447916666666666 0.6759259259259259 0.128125 0.07592592592592592
3 0.35546875 0.6527777777777778 0.034895833333333334 0.03888888888888889
3 0.41171875 0.649074074074074 0.0296875 0.03888888888888889
3 0.45989583333333334 0.6481481481481481 0.027083333333333334 0.03518518518518519
2 0.5828125 0.6597222222222222 0.030208333333333334 0.06388888888888888
2 0.62265625 0.6560185185185186 0.025520833333333333 0.06018518518518518
6 0.7203125 0.6527777777777778 0.06041666666666667 0.05740740740740741
2 0.8408854166666667 0.6509259259259259 0.03177083333333333 0.06111111111111111
3 0.36744791666666665 0.6462962962962963 0.027604166666666666 0.03888888888888889
