2 0.020052083333333335 0.6412037037037037 0.024479166666666666 0.06388888888888888
1 0.13203125 0.6231481481481481 0.008854166666666666 0.040740740740740744
4 0.21614583333333334 0.5824074074074074 0.11875 0.17962962962962964
4 0.2921875 0.600925925925926 0.0375 0.06481481481481481
3 0.32109375 0.6203703703703703 0.033854166666666664 0.04814814814814815
3 0.3729166666666667 0.6222222222222222 0.040625 0.05925925925925926
4 0.42994791666666665 0.6023148148148149 0.015104166666666667 0.041666666666666664
3 0.39869791666666665 0.6138888888888889 0.013020833333333334 0.018518518518518517
1 0.9033854166666667 0.6259259259259259 0.016145833333333335 0.06296296296296296
3 0.8307291666666666 0.6305555555555555 0.10729166666666666 0.06666666666666667
3 0.95078125 0.6444444444444445 0.0984375 0.0962962962962963
