3 0.98125 0.6148148148148148 0.036458333333333336 0.08148148148148149
3 0.9481770833333333 0.6208333333333333 0.09427083333333333 0.08055555555555556
3 0.87421875 0.6296296296296297 0.10364583333333334 0.08888888888888889
2 0.8380208333333333 0.6430555555555556 0.034375 0.09907407407407408
3 0.7885416666666667 0.6138888888888889 0.071875 0.03888888888888889
3 0.7546875 0.6111111111111112 0.03125 0.03888888888888889
3 0.7216145833333333 0.6134259259259259 0.0328125 0.03981481481481482
4 0.6684895833333333 0.6069444444444444 0.0703125 0.11944444444444445
3 0.6588541666666666 0.6342592592592593 0.08333333333333333 0.10555555555555556
3 0.5674479166666667 0.6194444444444445 0.03697916666666667 0.05925925925925926
3 0.5205729166666667 0.6134259259259259 0.034895833333333334 0.019444444444444445
2 0.46380208333333334 0.6111111111111112 0.011979166666666667 0.022222222222222223
4 0.44635416666666666 0.6027777777777777 0.010416666666666666 0.024074074074074074
3 0.4049479166666667 0.6129629629629629 0.0265625 0.04259259259259259
5 0.40859375 0.5962962962962963 0.0328125 0.07037037037037037
3 0.2828125 0.6333333333333333 0.128125 0.18518518518518517
