1 0.83125 0.6912037037037037 0.020833333333333332 0.10277777777777777
3 0.72578125 0.6810185185185185 0.05572916666666667 0.03981481481481482
3 0.646875 0.6759259259259259 0.05 0.04259259259259259
4 0.56015625 0.6601851851851852 0.0796875 0.07037037037037037
2 0.5486979166666667 0.7305555555555555 0.04010416666666667 0.13148148148148148
1 0.51796875 0.6898148148148148 0.011979166666666667 0.05925925925925926
2 0.32109375 0.6810185185185185 0.018229166666666668 0.062037037037037036
3 0.3140625 0.6671296296296296 0.065625 0.05092592592592592
4 0.14791666666666667 0.5615740740740741 0.15520833333333334 0.3787037037037037
3 0.0609375 0.6569444444444444 0.0125 0.023148148148148147
2 0.04635416666666667 0.6569444444444444 0.03333333333333333 0.06759259259259259
3 0.00859375 0.6439814814814815 0.016145833333333335 0.04537037037037037
