3 0.45234375 0.6328703703703704 0.0109375 0.01574074074074074
3 0.4625 0.6324074074074074 0.014583333333333334 0.024074074074074074
3 0.47369791666666666 0.6296296296296297 0.011979166666666667 0.018518518518518517
3 0.49244791666666665 0.6407407407407407 0.021354166666666667 0.03333333333333333
2 0.51484375 0.6416666666666667 0.015104166666666667 0.046296296296296294
3 0.5244791666666667 0.637962962962963 0.023958333333333335 0.03333333333333333
1 0.5596354166666667 0.6375 0.009895833333333333 0.05092592592592592
1 0.5700520833333333 0.6393518518518518 0.0109375 0.05092592592592592
1 0.59375 0.65 0.015625 0.07222222222222222
4 0.5427083333333333 0.6231481481481481 0.019791666666666666 0.046296296296296294
