3 0.8096354166666667 0.6425925925925926 0.10677083333333333 0.05925925925925926
1 0.7296875 0.6861111111111111 0.04791666666666667 0.1814814814814815
1 0.6177083333333333 0.6481481481481481 0.013541666666666667 0.06111111111111111
1 0.6044270833333333 0.6504629629629629 0.009895833333333333 0.05462962962962963
2 0.5833333333333334 0.649537037037037 0.0125 0.05648148148148148
5 0.4669270833333333 0.6277777777777778 0.016145833333333335 0.03518518518518519
3 0.3919270833333333 0.6537037037037037 0.025520833333333333 0.037037037037037035
2 0.40989583333333335 0.6430555555555556 0.00625 0.03611111111111111
2 0.303125 0.6560185185185186 0.009375 0.04537037037037037
2 0.23177083333333334 0.6574074074074074 0.028125 0.05185185185185185
1 0.215625 0.6518518518518519 0.008333333333333333 0.05
1 0.19609375 0.6532407407407408 0.009895833333333333 0.049074074074074076
3 0.06067708333333333 0.6787037037037037 0.09427083333333333 0.1037037037037037
