4 0.6325520833333333 0.5703703703703704 0.15885416666666666 0.3574074074074074
4 0.5361979166666667 0.6560185185185186 0.021354166666666667 0.04537037037037037
3 0.5203125 0.6625 0.010416666666666666 0.017592592592592594
4 0.5020833333333333 0.6537037037037037 0.016666666666666666 0.03148148148148148
3 0.49973958333333335 0.6606481481481481 0.009895833333333333 0.021296296296296296
4 0.47994791666666664 0.6592592592592592 0.016145833333333335 0.02962962962962963
3 0.45989583333333334 0.662962962962963 0.0125 0.022222222222222223
4 0.44453125 0.6578703703703703 0.018229166666666668 0.041666666666666664
1 0.28072916666666664 0.6657407407407407 0.015625 0.07962962962962963
2 0.027604166666666666 0.6925925925925925 0.05520833333333333 0.20555555555555555
2 0.49635416666666665 0.6680555555555555 0.010416666666666666 0.030555555555555555
