3 0.0859375 0.6717592592592593 0.171875 0.13055555555555556
3 0.13098958333333333 0.6759259259259259 0.19947916666666668 0.11481481481481481
3 0.23229166666666667 0.6620370370370371 0.13125 0.08518518518518518
3 0.32369791666666664 0.6398148148148148 0.06197916666666667 0.044444444444444446
1 0.3768229166666667 0.6398148148148148 0.0067708333333333336 0.03333333333333333
2 0.42083333333333334 0.6407407407407407 0.026041666666666668 0.04814814814814815
3 0.55234375 0.6476851851851851 0.0421875 0.075
3 0.5299479166666666 0.6601851851851852 0.05572916666666667 0.08703703703703704
2 0.596875 0.6416666666666667 0.00625 0.03148148148148148
3 0.6921875 0.6430555555555556 0.053125 0.03981481481481482
1 0.7260416666666667 0.6435185185185185 0.015625 0.08518518518518518
