3 0.85234375 0.8185185185185185 0.2953125 0.2814814814814815
1 0.896875 0.6981481481481482 0.026041666666666668 0.15925925925925927
3 0.9510416666666667 0.6638888888888889 0.09895833333333333 0.08703703703703704
4 0.8609375 0.6361111111111111 0.10416666666666667 0.06851851851851852
3 0.7963541666666667 0.662962962962963 0.10520833333333333 0.08888888888888889
3 0.6677083333333333 0.6731481481481482 0.084375 0.1425925925925926
3 0.5848958333333333 0.6240740740740741 0.11875 0.05925925925925926
1 0.49973958333333335 0.6171296296296296 0.0296875 0.08796296296296297
2 0.41796875 0.6050925925925926 0.04010416666666667 0.062037037037037036
3 0.49609375 0.5504629629629629 0.008854166666666666 0.013888888888888888
3 0.4661458333333333 0.6597222222222222 0.09583333333333334 0.12129629629629629
3 0.4822916666666667 0.8125 0.20833333333333334 0.30462962962962964
1 0.3658854166666667 0.6652777777777777 0.019270833333333334 0.16018518518518518
1 0.21380208333333334 0.6652777777777777 0.028645833333333332 0.1527777777777778
3 0.23619791666666667 0.600462962962963 0.1640625 0.14537037037037037
1 0.15625 0.6717592592592593 0.019791666666666666 0.1638888888888889
2 0.04921875 0.5925925925925926 0.025520833333333333 0.053703703703703705
