1 0.008072916666666667 0.600925925925926 0.016145833333333335 0.23148148148148148
1 0.0515625 0.5712962962962963 0.014583333333333334 0.07777777777777778
2 0.10625 0.5787037037037037 0.03333333333333333 0.06666666666666667
3 0.1328125 0.5611111111111111 0.090625 0.05925925925925926
3 0.17395833333333333 0.5703703703703704 0.06875 0.05555555555555555
3 0.22526041666666666 0.5726851851851852 0.04010416666666667 0.030555555555555555
3 0.39453125 0.7379629629629629 0.4078125 0.5166666666666667
2 0.7846354166666667 0.6921296296296297 0.07760416666666667 0.2935185185185185
2 0.809375 0.6662037037037037 0.04895833333333333 0.21574074074074073
2 0.8557291666666667 0.6296296296296297 0.034375 0.15
2 0.9208333333333333 0.7217592592592592 0.11875 0.3287037037037037
2 0.9830729166666666 0.6587962962962963 0.0328125 0.23055555555555557
