3 0.1125 0.7356481481481482 0.22604166666666667 0.5287037037037037
3 0.47369791666666666 0.7680555555555556 0.3880208333333333 0.462037037037037
3 0.6770833333333334 0.6638888888888889 0.08958333333333333 0.15185185185185185
4 0.6067708333333334 0.6319444444444444 0.046875 0.11388888888888889
3 0.6380208333333334 0.662962962962963 0.04375 0.07407407407407407
4 0.9627604166666667 0.6513888888888889 0.0734375 0.1361111111111111
1 0.9208333333333333 0.6791666666666667 0.010416666666666666 0.06574074074074074
3 0.8854166666666666 0.6722222222222223 0.07395833333333333 0.05185185185185185
3 0.853125 0.6652777777777777 0.05520833333333333 0.049074074074074076
3 0.8184895833333333 0.6638888888888889 0.0578125 0.03888888888888889
3 0.79765625 0.6620370370370371 0.0484375 0.03518518518518519
