3 0.06458333333333334 0.6638888888888889 0.125 0.12222222222222222
3 0.19348958333333333 0.6481481481481481 0.06197916666666667 0.08888888888888889
3 0.16484375 0.6537037037037037 0.05364583333333333 0.06666666666666667
3 0.28854166666666664 0.6550925925925926 0.04375 0.04351851851851852
4 0.35703125 0.6361111111111111 0.0796875 0.08148148148148149
3 0.328125 0.6532407407407408 0.035416666666666666 0.03981481481481482
4 0.49244791666666665 0.663425925925926 0.08385416666666666 0.17314814814814813
4 0.5372395833333333 0.6476851851851851 0.03177083333333333 0.0787037037037037
3 0.5546875 0.6643518518518519 0.036458333333333336 0.058333333333333334
5 0.6393229166666666 0.6305555555555555 0.16927083333333334 0.26296296296296295
