3 0.01640625 0.6930555555555555 0.0328125 0.0712962962962963
2 0.17942708333333332 0.6898148148148148 0.013020833333333334 0.06111111111111111
2 0.19817708333333334 0.6865740740740741 0.0171875 0.04351851851851852
3 0.25026041666666665 0.6925925925925925 0.049479166666666664 0.05185185185185185
3 0.28854166666666664 0.6907407407407408 0.036458333333333336 0.040740740740740744
3 0.3294270833333333 0.7064814814814815 0.06614583333333333 0.08703703703703704
3 0.3734375 0.6875 0.023958333333333335 0.03425925925925926
3 0.3796875 0.6814814814814815 0.021875 0.04259259259259259
3 0.39140625 0.6847222222222222 0.016145833333333335 0.028703703703703703
3 0.4375 0.7263888888888889 0.08125 0.125
3 0.48046875 0.6930555555555555 0.025520833333333333 0.03981481481481482
2 0.5947916666666667 0.7078703703703704 0.017708333333333333 0.05648148148148148
2 0.6197916666666666 0.7092592592592593 0.013541666666666667 0.053703703703703705
2 0.6411458333333333 0.7106481481481481 0.016666666666666666 0.062037037037037036
2 0.5809895833333333 0.7037037037037037 0.0140625 0.06111111111111111
2 0.7341145833333333 0.7171296296296297 0.0421875 0.0712962962962963
