2 0.13333333333333333 0.6597222222222222 0.07291666666666667 0.12129629629629629
3 0.4625 0.6481481481481481 0.16354166666666667 0.11666666666666667
3 0.6244791666666667 0.6439814814814815 0.25625 0.25833333333333336
3 0.7596354166666667 0.6333333333333333 0.0671875 0.07592592592592592
3 0.8143229166666667 0.6393518518518518 0.09010416666666667 0.075
3 0.8723958333333334 0.6324074074074074 0.05520833333333333 0.06851851851851852
3 0.90234375 0.6328703703703704 0.0515625 0.06018518518518518
3 0.946875 0.6259259259259259 0.04375 0.044444444444444446
3 0.9716145833333333 0.6273148148148148 0.0453125 0.05277777777777778
3 0.9809895833333333 0.6518518518518519 0.03697916666666667 0.1
