3 0.6005208333333333 0.6847222222222222 0.06875 0.09351851851851851
3 0.53125 0.6532407407407408 0.016666666666666666 0.023148148148148147
3 0.5065104166666666 0.65 0.015104166666666667 0.022222222222222223
3 0.490625 0.6662037037037037 0.040625 0.05648148148148148
3 0.4705729166666667 0.6435185185185185 0.013020833333333334 0.022222222222222223
4 0.4466145833333333 0.6310185185185185 0.0140625 0.021296296296296296
3 0.42552083333333335 0.6587962962962963 0.035416666666666666 0.05092592592592592
3 0.3731770833333333 0.6699074074074074 0.07135416666666666 0.08055555555555556
3 0.32526041666666666 0.6564814814814814 0.058854166666666666 0.07037037037037037
2 0.12630208333333334 0.6550925925925926 0.019270833333333334 0.062037037037037036
