3 0.18463541666666666 0.6208333333333333 0.05677083333333333 0.03981481481481482
3 0.2046875 0.6185185185185185 0.06145833333333333 0.03888888888888889
3 0.23411458333333332 0.6203703703703703 0.049479166666666664 0.03518518518518519
3 0.30364583333333334 0.625462962962963 0.053125 0.062037037037037036
3 0.3302083333333333 0.6203703703703703 0.03958333333333333 0.05555555555555555
3 0.36875 0.6194444444444445 0.051041666666666666 0.06851851851851852
3 0.41458333333333336 0.6083333333333333 0.010416666666666666 0.018518518518518517
4 0.4390625 0.6 0.034375 0.08148148148148149
3 0.48776041666666664 0.6078703703703704 0.009895833333333333 0.017592592592592594
5 0.478125 0.6055555555555555 0.010416666666666666 0.024074074074074074
3 0.678125 0.6231481481481481 0.06458333333333334 0.044444444444444446
1 0.8395833333333333 0.6129629629629629 0.009375 0.046296296296296294
