4 0.05703125 0.6027777777777777 0.1140625 0.48703703703703705
3 0.12317708333333334 0.7055555555555556 0.10989583333333333 0.11296296296296296
3 0.18932291666666667 0.6796296296296296 0.06614583333333333 0.07962962962962963
3 0.23645833333333333 0.7 0.09895833333333333 0.11481481481481481
5 0.29921875 0.6259259259259259 0.09010416666666667 0.15185185185185185
3 0.35833333333333334 0.6236111111111111 0.015625 0.021296296296296296
3 0.37005208333333334 0.6162037037037037 0.0109375 0.019444444444444445
3 0.41692708333333334 0.6185185185185185 0.015104166666666667 0.025925925925925925
3 0.43333333333333335 0.6134259259259259 0.0125 0.019444444444444445
3 0.44557291666666665 0.6180555555555556 0.015104166666666667 0.023148148148148147
3 0.5231770833333333 0.6203703703703703 0.025520833333333333 0.04259259259259259
2 0.6052083333333333 0.625 0.010416666666666666 0.037037037037037035
