1 0.7088541666666667 0.6708333333333333 0.011458333333333333 0.03611111111111111
3 0.6369791666666667 0.6902777777777778 0.05416666666666667 0.0787037037037037
3 0.6216145833333333 0.6824074074074075 0.0390625 0.06296296296296296
3 0.6015625 0.6759259259259259 0.029166666666666667 0.044444444444444446
3 0.58046875 0.6611111111111111 0.019270833333333334 0.025925925925925925
2 0.5635416666666667 0.6754629629629629 0.0125 0.05277777777777778
3 0.43385416666666665 0.6722222222222223 0.053125 0.037037037037037035
1 0.32578125 0.6662037037037037 0.008854166666666666 0.04351851851851852
1 0.3143229166666667 0.6675925925925926 0.008854166666666666 0.046296296296296294
1 0.15572916666666667 0.6717592592592593 0.014583333333333334 0.075
3 0.4453125 0.6699074074074074 0.04791666666666667 0.030555555555555555
3 0.475 0.6648148148148149 0.0375 0.03148148148148148
