2 0.21640625 0.6435185185185185 0.0140625 0.05185185185185185
3 0.540625 0.637962962962963 0.030208333333333334 0.05
3 0.5013020833333334 0.6347222222222222 0.0171875 0.025
4 0.46640625 0.6125 0.03177083333333333 0.06759259259259259
5 0.4401041666666667 0.6143518518518518 0.041666666666666664 0.08611111111111111
3 0.4080729166666667 0.6361111111111111 0.019270833333333334 0.037037037037037035
3 0.39817708333333335 0.6402777777777777 0.0203125 0.03611111111111111
4 0.4127604166666667 0.6129629629629629 0.022395833333333334 0.040740740740740744
3 0.37864583333333335 0.6356481481481482 0.03125 0.05092592592592592
4 0.35546875 0.6273148148148148 0.0359375 0.06388888888888888
3 0.678125 0.6439814814814815 0.08229166666666667 0.04722222222222222
