2 0.5502604166666667 0.7564814814814815 0.015104166666666667 0.06666666666666667
2 0.5315104166666667 0.749537037037037 0.016145833333333335 0.05092592592592592
3 0.42239583333333336 0.7328703703703704 0.013541666666666667 0.025
3 0.40911458333333334 0.7337962962962963 0.0109375 0.013888888888888888
4 0.4078125 0.7226851851851852 0.0125 0.032407407407407406
3 0.3924479166666667 0.7342592592592593 0.011979166666666667 0.020370370370370372
3 0.3815104166666667 0.7310185185185185 0.013020833333333334 0.021296296296296296
2 0.36822916666666666 0.737037037037037 0.011458333333333333 0.053703703703703705
4 0.3575520833333333 0.7231481481481481 0.016145833333333335 0.03148148148148148
3 0.34375 0.7347222222222223 0.019791666666666666 0.025
3 0.23723958333333334 0.7342592592592593 0.03697916666666667 0.037037037037037035
1 0.15833333333333333 0.7277777777777777 0.009375 0.05740740740740741
3 0.09973958333333334 0.7203703703703703 0.049479166666666664 0.03148148148148148
3 0.31640625 0.7277777777777777 0.0171875 0.014814814814814815
