2 0.49140625 0.6939814814814815 0.0067708333333333336 0.023148148148148147
3 0.46458333333333335 0.6884259259259259 0.009375 0.01574074074074074
3 0.45286458333333335 0.6898148148148148 0.015104166666666667 0.020370370370370372
3 0.43671875 0.6888888888888889 0.0171875 0.027777777777777776
3 0.39088541666666665 0.6935185185185185 0.025520833333333333 0.03148148148148148
3 0.34427083333333336 0.6972222222222222 0.0375 0.044444444444444446
3 0.29973958333333334 0.6861111111111111 0.06302083333333333 0.08333333333333333
1 0.19427083333333334 0.687037037037037 0.011458333333333333 0.07037037037037037
3 0.15703125 0.6847222222222222 0.06822916666666666 0.06388888888888888
3 0.08567708333333333 0.6824074074074075 0.07864583333333333 0.07777777777777778
3 0.024739583333333332 0.6791666666666667 0.0484375 0.09166666666666666
