3 0.14375 0.7263888888888889 0.2604166666666667 0.2490740740740741
3 0.33541666666666664 0.674537037037037 0.08958333333333333 0.10833333333333334
3 0.40625 0.6537037037037037 0.05520833333333333 0.08333333333333333
3 0.428125 0.6444444444444445 0.036458333333333336 0.06666666666666667
3 0.4786458333333333 0.6666666666666666 0.06979166666666667 0.10740740740740741
3 0.5546875 0.6467592592592593 0.023958333333333335 0.03611111111111111
3 0.5372395833333333 0.6435185185185185 0.016145833333333335 0.022222222222222223
4 0.6518229166666667 0.5717592592592593 0.18802083333333333 0.38796296296296295
3 0.49895833333333334 0.6467592592592593 0.0375 0.062037037037037036
3 0.5122395833333333 0.6435185185185185 0.025520833333333333 0.046296296296296294
