3 0.45364583333333336 0.7101851851851851 0.057291666666666664 0.09259259259259259
3 0.43046875 0.7032407407407407 0.0296875 0.058333333333333334
4 0.39036458333333335 0.4412037037037037 0.0734375 0.04351851851851852
5 0.3828125 0.6796296296296296 0.027083333333333334 0.05740740740740741
3 0.3528645833333333 0.6833333333333333 0.0171875 0.037037037037037035
4 0.3265625 0.675 0.017708333333333333 0.03888888888888889
3 0.2942708333333333 0.6847222222222222 0.017708333333333333 0.028703703703703703
3 0.2578125 0.6916666666666667 0.0625 0.11666666666666667
3 0.22578125 0.6898148148148148 0.0234375 0.03888888888888889
4 0.2234375 0.6754629629629629 0.03125 0.05648148148148148
