3 0.89609375 0.7574074074074074 0.20572916666666666 0.48518518518518516
2 0.8268229166666666 0.7041666666666667 0.028645833333333332 0.08796296296296297
2 0.79296875 0.7111111111111111 0.03177083333333333 0.10925925925925926
2 0.7125 0.6856481481481481 0.017708333333333333 0.0787037037037037
3 0.5669270833333333 0.6875 0.06302083333333333 0.08425925925925926
3 0.51796875 0.6666666666666666 0.028645833333333332 0.03888888888888889
3 0.4796875 0.7041666666666667 0.10208333333333333 0.14537037037037037
5 0.41354166666666664 0.6444444444444445 0.021875 0.03888888888888889
3 0.3731770833333333 0.6726851851851852 0.07447916666666667 0.11203703703703703
3 0.334375 0.6606481481481481 0.059375 0.08055555555555556
3 0.26171875 0.675 0.09114583333333333 0.0962962962962963
5 0.19557291666666668 0.6236111111111111 0.12760416666666666 0.13425925925925927
3 0.18802083333333333 0.6736111111111112 0.09270833333333334 0.08796296296296297
3 0.09140625 0.6560185185185186 0.09322916666666667 0.10462962962962963
5 0.03333333333333333 0.6194444444444445 0.065625 0.21851851851851853
