3 0.12161458333333333 0.6472222222222223 0.24322916666666666 0.31666666666666665
3 0.27447916666666666 0.6486111111111111 0.11354166666666667 0.125
5 0.3190104166666667 0.6064814814814815 0.08385416666666666 0.0962962962962963
3 0.3380208333333333 0.6388888888888888 0.07083333333333333 0.09074074074074075
3 0.36328125 0.6259259259259259 0.0609375 0.08333333333333333
3 0.39375 0.625462962962963 0.046875 0.06759259259259259
4 0.4153645833333333 0.6166666666666667 0.0390625 0.07222222222222222
3 0.46380208333333334 0.6171296296296296 0.011979166666666667 0.017592592592592594
3 0.48125 0.6222222222222222 0.023958333333333335 0.03518518518518519
3 0.52109375 0.6236111111111111 0.0265625 0.03796296296296296
2 0.70078125 0.6263888888888889 0.0140625 0.03425925925925926
1 0.73515625 0.6236111111111111 0.0078125 0.03796296296296296
3 0.7440104166666667 0.6217592592592592 0.0296875 0.026851851851851852
3 0.7216145833333333 0.6212962962962963 0.0328125 0.03148148148148148
2 0.56640625 0.6180555555555556 0.008854166666666666 0.025
2 0.6080729166666666 0.6231481481481481 0.008854166666666666 0.03148148148148148
3 0.43203125 0.624537037037037 0.025520833333333333 0.041666666666666664
3 0.4388020833333333 0.6226851851851852 0.0234375 0.03611111111111111
3 0.4466145833333333 0.6208333333333333 0.0203125 0.032407407407407406
