3 0.9346354166666667 0.6527777777777778 0.1109375 0.09074074074074075
1 0.6278645833333333 0.6393518518518518 0.0067708333333333336 0.03981481481481482
1 0.5927083333333333 0.6347222222222222 0.007291666666666667 0.03425925925925926
3 0.56484375 0.6504629629629629 0.08802083333333334 0.062037037037037036
3 0.4609375 0.6333333333333333 0.013541666666666667 0.027777777777777776
3 0.4236979166666667 0.6319444444444444 0.016145833333333335 0.030555555555555555
3 0.44244791666666666 0.6439814814814815 0.044270833333333336 0.049074074074074076
2 0.39140625 0.6310185185185185 0.0067708333333333336 0.025
2 0.3619791666666667 0.6370370370370371 0.00625 0.02962962962962963
2 0.09244791666666667 0.6925925925925925 0.07760416666666667 0.17407407407407408
