3 0.97890625 0.662962962962963 0.0421875 0.07962962962962963
3 0.95390625 0.6541666666666667 0.059895833333333336 0.06388888888888888
3 0.91875 0.6486111111111111 0.04479166666666667 0.05462962962962963
3 0.9020833333333333 0.6449074074074074 0.03854166666666667 0.049074074074074076
3 0.88203125 0.6398148148148148 0.033854166666666664 0.046296296296296294
3 0.8583333333333333 0.6324074074074074 0.03125 0.04259259259259259
1 0.8393229166666667 0.6319444444444444 0.009895833333333333 0.04722222222222222
3 0.828125 0.6305555555555555 0.022916666666666665 0.027777777777777776
3 0.7364583333333333 0.6550925925925926 0.10625 0.10833333333333334
1 0.4984375 0.6222222222222222 0.019791666666666666 0.1
1 0.38125 0.5912037037037037 0.01875 0.11018518518518519
2 0.019791666666666666 0.6013888888888889 0.034375 0.1527777777777778
