3 0.9528645833333333 0.6347222222222222 0.0546875 0.10462962962962963
3 0.8494791666666667 0.6504629629629629 0.03854166666666667 0.028703703703703703
2 0.5244791666666667 0.6550925925925926 0.009375 0.03981481481481482
3 0.5033854166666667 0.6546296296296297 0.027604166666666666 0.02962962962962963
3 0.48541666666666666 0.6560185185185186 0.023958333333333335 0.03611111111111111
3 0.4747395833333333 0.6518518518518519 0.0140625 0.027777777777777776
3 0.4609375 0.649074074074074 0.009375 0.016666666666666666
3 0.45234375 0.65 0.0140625 0.027777777777777776
3 0.44088541666666664 0.6560185185185186 0.0203125 0.030555555555555555
3 0.42161458333333335 0.6592592592592592 0.030729166666666665 0.03888888888888889
