1 0.05572916666666667 0.663425925925926 0.014583333333333334 0.030555555555555555
1 0.010416666666666666 0.6527777777777778 0.011458333333333333 0.044444444444444446
2 0.11953125 0.6458333333333334 0.022395833333333334 0.04537037037037037
3 0.275 0.6865740740740741 0.196875 0.20092592592592592
3 0.409375 0.6513888888888889 0.08958333333333333 0.10648148148148148
3 0.4973958333333333 0.6777777777777778 0.12708333333333333 0.18888888888888888
3 0.73359375 0.6902777777777778 0.2046875 0.2175925925925926
1 0.9065104166666667 0.6597222222222222 0.03697916666666667 0.13240740740740742
1 0.9393229166666667 0.6657407407407407 0.030729166666666665 0.12962962962962962
3 0.9596354166666666 0.6324074074074074 0.07447916666666667 0.040740740740740744
3 0.9846354166666667 0.638425925925926 0.0296875 0.05277777777777778
