1 0.771875 0.6726851851851852 0.01875 0.0824074074074074
5 0.5197916666666667 0.638425925925926 0.028125 0.05277777777777778
3 0.49140625 0.6555555555555556 0.0234375 0.037037037037037035
5 0.46979166666666666 0.6407407407407407 0.010416666666666666 0.020370370370370372
3 0.4546875 0.649074074074074 0.015625 0.024074074074074074
3 0.42682291666666666 0.6453703703703704 0.016145833333333335 0.02962962962962963
3 0.4192708333333333 0.649074074074074 0.019791666666666666 0.03148148148148148
3 0.40963541666666664 0.6509259259259259 0.022395833333333334 0.03333333333333333
3 0.3796875 0.6453703703703704 0.022916666666666665 0.037037037037037035
3 0.35598958333333336 0.6560185185185186 0.0421875 0.049074074074074076
3 0.2877604166666667 0.6532407407407408 0.05572916666666667 0.06574074074074074
3 0.259375 0.6666666666666666 0.078125 0.08518518518518518
3 0.18098958333333334 0.6615740740740741 0.0921875 0.09351851851851851
