5 0.5065104166666666 0.5990740740740741 0.1109375 0.21481481481481482
3 0.44609375 0.5574074074074075 0.008854166666666666 0.014814814814814815
3 0.44244791666666666 0.586574074074074 0.0203125 0.03425925925925926
3 0.4328125 0.5939814814814814 0.030208333333333334 0.04351851851851852
4 0.4200520833333333 0.5541666666666667 0.013020833333333334 0.01574074074074074
4 0.41510416666666666 0.5518518518518518 0.014583333333333334 0.022222222222222223
3 0.41484375 0.5643518518518519 0.0109375 0.017592592592592594
3 0.40390625 0.5648148148148148 0.0140625 0.020370370370370372
3 0.3932291666666667 0.5638888888888889 0.013541666666666667 0.020370370370370372
3 0.4080729166666667 0.5796296296296296 0.0234375 0.03148148148148148
3 0.378125 0.5731481481481482 0.017708333333333333 0.024074074074074074
4 0.3703125 0.5527777777777778 0.022916666666666665 0.046296296296296294
3 0.353125 0.5685185185185185 0.027083333333333334 0.04259259259259259
3 0.3341145833333333 0.5717592592592593 0.021354166666666667 0.030555555555555555
2 0.32135416666666666 0.5671296296296297 0.007291666666666667 0.023148148148148147
2 0.3145833333333333 0.5643518518518519 0.008333333333333333 0.017592592592592594
2 0.3106770833333333 0.5685185185185185 0.0067708333333333336 0.024074074074074074
3 0.2908854166666667 0.5824074074074074 0.030729166666666665 0.03333333333333333
2 0.2755208333333333 0.5768518518518518 0.009375 0.027777777777777776
3 0.3138020833333333 0.6324074074074074 0.0765625 0.09074074074074075
5 0.225 0.5680555555555555 0.09479166666666666 0.10462962962962963
2 0.1171875 0.5962962962962963 0.017708333333333333 0.05185185185185185
