2 0.07213541666666666 0.65 0.0484375 0.06851851851851852
4 0.06510416666666667 0.6129629629629629 0.13020833333333334 0.11481481481481481
3 0.18723958333333332 0.6388888888888888 0.10052083333333334 0.06296296296296296
3 0.25 0.6388888888888888 0.05625 0.05
4 0.8872395833333333 0.6194444444444445 0.09947916666666666 0.09814814814814815
1 0.8763020833333334 0.6351851851851852 0.0265625 0.1
3 0.97109375 0.6361111111111111 0.05677083333333333 0.05925925925925926
3 0.5236979166666667 0.7342592592592593 0.24010416666666667 0.34629629629629627
3 0.5010416666666667 0.5921296296296297 0.103125 0.14537037037037037
3 0.6169270833333333 0.6337962962962963 0.05677083333333333 0.05277777777777778
3 0.6744791666666666 0.6439814814814815 0.06458333333333334 0.08425925925925926
3 0.7713541666666667 0.6856481481481481 0.175 0.18425925925925926
3 0.41380208333333335 0.6328703703703704 0.025520833333333333 0.017592592592592594
