2 0.04739583333333333 0.6578703703703703 0.020833333333333332 0.041666666666666664
2 0.08619791666666667 0.6532407407407408 0.018229166666666668 0.032407407407407406
2 0.09635416666666667 0.6625 0.014583333333333334 0.04537037037037037
2 0.01953125 0.6541666666666667 0.030729166666666665 0.06944444444444445
3 0.30572916666666666 0.6902777777777778 0.12395833333333334 0.1712962962962963
3 0.36015625 0.6865740740740741 0.05677083333333333 0.09351851851851851
3 0.37447916666666664 0.6708333333333333 0.051041666666666666 0.08425925925925926
3 0.40078125 0.6574074074074074 0.0109375 0.018518518518518517
3 0.42109375 0.6546296296296297 0.0078125 0.011111111111111112
3 0.43828125 0.6689814814814815 0.0359375 0.05648148148148148
3 0.4622395833333333 0.6939814814814815 0.0734375 0.11388888888888889
2 0.5747395833333333 0.6833333333333333 0.0140625 0.04814814814814815
2 0.6875 0.7129629629629629 0.036458333333333336 0.09444444444444444
