1 0.8263020833333333 0.7069444444444445 0.0234375 0.175
3 0.5591145833333333 0.6893518518518519 0.03802083333333333 0.05277777777777778
3 0.46822916666666664 0.6555555555555556 0.007291666666666667 0.016666666666666666
3 0.45755208333333336 0.6671296296296296 0.019270833333333334 0.032407407407407406
2 0.45989583333333334 0.6800925925925926 0.014583333333333334 0.03611111111111111
2 0.43776041666666665 0.6615740740740741 0.005729166666666666 0.021296296296296296
2 0.42734375 0.6671296296296296 0.0067708333333333336 0.025
3 0.38385416666666666 0.6824074074074075 0.028125 0.044444444444444446
3 0.37109375 0.6842592592592592 0.0328125 0.05
3 0.3502604166666667 0.687037037037037 0.04114583333333333 0.06111111111111111
3 0.32473958333333336 0.6912037037037037 0.0578125 0.075
3 0.284375 0.6888888888888889 0.07083333333333333 0.1037037037037037
3 0.23567708333333334 0.700925925925926 0.09947916666666666 0.11666666666666667
2 0.18567708333333333 0.7240740740740741 0.1015625 0.22592592592592592
3 0.13515625 0.6972222222222222 0.1578125 0.18888888888888888
