1 0.024479166666666666 0.6050925925925926 0.04479166666666667 0.2175925925925926
3 0.12864583333333332 0.7236111111111111 0.2552083333333333 0.38981481481481484
3 0.2721354166666667 0.6449074074074074 0.1296875 0.1935185185185185
3 0.328125 0.6375 0.075 0.11203703703703703
3 0.3416666666666667 0.6310185185185185 0.07083333333333333 0.09907407407407408
2 0.39453125 0.6097222222222223 0.008854166666666666 0.032407407407407406
3 0.409375 0.6106481481481482 0.022916666666666665 0.030555555555555555
3 0.4473958333333333 0.6208333333333333 0.057291666666666664 0.06944444444444445
2 0.46979166666666666 0.7125 0.10729166666666666 0.3398148148148148
2 0.5888020833333333 0.6912037037037037 0.059895833333333336 0.28055555555555556
1 0.61171875 0.6217592592592592 0.015104166666666667 0.08796296296296297
1 0.8434895833333333 0.6425925925925926 0.0328125 0.17592592592592593
