3 0.047135416666666666 0.5953703703703703 0.0921875 0.10555555555555556
3 0.11484375 0.5833333333333334 0.04114583333333333 0.05185185185185185
4 0.21770833333333334 0.5884259259259259 0.05520833333333333 0.06574074074074074
3 0.35208333333333336 0.5995370370370371 0.023958333333333335 0.028703703703703703
3 0.35911458333333335 0.5921296296296297 0.0140625 0.032407407407407406
2 0.37942708333333336 0.5995370370370371 0.005729166666666666 0.021296296296296296
2 0.39114583333333336 0.6069444444444444 0.007291666666666667 0.030555555555555555
4 0.39869791666666665 0.5930555555555556 0.022395833333333334 0.03425925925925926
3 0.4125 0.6037037037037037 0.025 0.03148148148148148
3 0.44921875 0.6273148148148148 0.05364583333333333 0.06944444444444445
1 0.4765625 0.611574074074074 0.00625 0.03981481481481482
