3 0.440625 0.6236111111111111 0.013541666666666667 0.017592592592592594
3 0.428125 0.6296296296296297 0.016666666666666666 0.022222222222222223
3 0.48776041666666664 0.6731481481481482 0.0546875 0.07777777777777778
3 0.5276041666666667 0.6365740740740741 0.01875 0.032407407407407406
3 0.5484375 0.649537037037037 0.036458333333333336 0.05092592592592592
3 0.5666666666666667 0.6615740740740741 0.05 0.06944444444444445
3 0.6911458333333333 0.7273148148148149 0.15416666666666667 0.18611111111111112
3 0.77265625 0.6152777777777778 0.0421875 0.026851851851851852
3 0.484375 0.6240740740740741 0.0125 0.016666666666666666
3 0.4518229166666667 0.6203703703703703 0.011979166666666667 0.014814814814814815
4 0.48828125 0.6069444444444444 0.019270833333333334 0.04351851851851852
3 0.5125 0.6166666666666667 0.008333333333333333 0.014814814814814815
3 0.7078125 0.6162037037037037 0.03229166666666667 0.023148148148148147
