3 0.4192708333333333 0.6152777777777778 0.028125 0.04537037037037037
2 0.4708333333333333 0.6226851851851852 0.008333333333333333 0.030555555555555555
3 0.4869791666666667 0.6175925925925926 0.0125 0.024074074074074074
3 0.4984375 0.6129629629629629 0.009375 0.018518518518518517
3 0.5078125 0.6129629629629629 0.008333333333333333 0.018518518518518517
2 0.5255208333333333 0.6300925925925925 0.010416666666666666 0.03981481481481482
4 0.5377604166666666 0.6078703703703704 0.025520833333333333 0.049074074074074076
4 0.5536458333333333 0.6189814814814815 0.027083333333333334 0.06018518518518518
4 0.5986979166666667 0.6231481481481481 0.0578125 0.11851851851851852
1 0.8046875 0.6513888888888889 0.021875 0.12314814814814815
