3 0.153125 0.7685185185185185 0.17604166666666668 0.18888888888888888
3 0.8291666666666667 0.8666666666666667 0.3416666666666667 0.26666666666666666
2 0.934375 0.6365740740740741 0.03229166666666667 0.05092592592592592
2 0.88671875 0.6069444444444444 0.011979166666666667 0.023148148148148147
3 0.7114583333333333 0.637962962962963 0.084375 0.07037037037037037
3 0.6325520833333333 0.6638888888888889 0.0859375 0.10185185185185185
3 0.553125 0.6875 0.08125 0.10462962962962963
3 0.5122395833333333 0.6620370370370371 0.04739583333333333 0.06481481481481481
4 0.48333333333333334 0.6138888888888889 0.04375 0.11296296296296296
3 0.4309895833333333 0.649537037037037 0.028645833333333332 0.03796296296296296
3 0.34427083333333336 0.6643518518518519 0.04479166666666667 0.05462962962962963
3 0.44088541666666664 0.6157407407407407 0.013020833333333334 0.020370370370370372
1 0.8533854166666667 0.6055555555555555 0.0067708333333333336 0.027777777777777776
3 0.41119791666666666 0.6111111111111112 0.009895833333333333 0.012962962962962963
