2 0.0140625 0.6787037037037037 0.027083333333333334 0.09074074074074075
3 0.11067708333333333 0.6939814814814815 0.16302083333333334 0.14907407407407408
1 0.18776041666666668 0.6546296296296297 0.013020833333333334 0.07407407407407407
2 0.3307291666666667 0.6449074074074074 0.011458333333333333 0.03425925925925926
2 0.31744791666666666 0.6481481481481481 0.008854166666666666 0.03148148148148148
1 0.275 0.6458333333333334 0.005208333333333333 0.025
3 0.6981770833333333 0.6773148148148148 0.14114583333333333 0.175
3 0.5859375 0.6513888888888889 0.05520833333333333 0.08425925925925926
3 0.5395833333333333 0.6259259259259259 0.026041666666666668 0.05925925925925926
3 0.55390625 0.6435185185185185 0.0234375 0.037037037037037035
3 0.5630208333333333 0.6462962962962963 0.028125 0.04814814814814815
3 0.5197916666666667 0.6430555555555556 0.030208333333333334 0.04537037037037037
3 0.49583333333333335 0.6453703703703704 0.034375 0.05
3 0.46328125 0.6333333333333333 0.0140625 0.022222222222222223
3 0.42916666666666664 0.6305555555555555 0.009375 0.018518518518518517
4 0.4390625 0.6240740740740741 0.019791666666666666 0.044444444444444446
5 0.3846354166666667 0.6208333333333333 0.05677083333333333 0.09722222222222222
