1 0.7393229166666667 0.6625 0.024479166666666666 0.125
2 0.6421875 0.649537037037037 0.021875 0.08981481481481482
1 0.6200520833333333 0.6305555555555555 0.0109375 0.04814814814814815
3 0.59609375 0.6287037037037037 0.028645833333333332 0.02962962962962963
3 0.575 0.6277777777777778 0.009375 0.014814814814814815
3 0.56015625 0.6370370370370371 0.0234375 0.03148148148148148
4 0.5294270833333333 0.586574074074074 0.07135416666666666 0.175
3 0.4940104166666667 0.6347222222222222 0.044270833333333336 0.03796296296296296
3 0.4583333333333333 0.6361111111111111 0.040625 0.04814814814814815
3 0.39791666666666664 0.6425925925925926 0.051041666666666666 0.03148148148148148
1 0.39869791666666665 0.6421296296296296 0.0067708333333333336 0.041666666666666664
3 0.2682291666666667 0.6523148148148148 0.06979166666666667 0.07685185185185185
