3 0.13619791666666667 0.7129629629629629 0.27239583333333334 0.5722222222222222
3 0.29244791666666664 0.6287037037037037 0.033854166666666664 0.02962962962962963
3 0.25026041666666665 0.6240740740740741 0.0359375 0.027777777777777776
3 0.3234375 0.6287037037037037 0.03958333333333333 0.025925925925925925
3 0.35182291666666665 0.6273148148148148 0.028645833333333332 0.03611111111111111
3 0.42421875 0.6356481481481482 0.05572916666666667 0.0712962962962963
3 0.45 0.6277777777777778 0.036458333333333336 0.05185185185185185
3 0.47291666666666665 0.624537037037037 0.023958333333333335 0.03611111111111111
3 0.5130208333333334 0.6226851851851852 0.023958333333333335 0.03796296296296296
2 0.6736979166666667 0.6287037037037037 0.03177083333333333 0.06666666666666667
3 0.39817708333333335 0.6212962962962963 0.0203125 0.022222222222222223
