3 0.07838541666666667 0.7736111111111111 0.15677083333333333 0.19166666666666668
4 0.0734375 0.5861111111111111 0.146875 0.36666666666666664
3 0.1359375 0.675 0.05416666666666667 0.06481481481481481
3 0.16432291666666668 0.6638888888888889 0.0359375 0.053703703703703705
3 0.228125 0.6620370370370371 0.03958333333333333 0.05925925925925926
5 0.25104166666666666 0.6222222222222222 0.05 0.09074074074074075
3 0.27760416666666665 0.6203703703703703 0.009375 0.016666666666666666
3 0.315625 0.6203703703703703 0.009375 0.014814814814814815
3 0.32734375 0.6273148148148148 0.0203125 0.030555555555555555
3 0.353125 0.624537037037037 0.017708333333333333 0.028703703703703703
3 0.41171875 0.6217592592592592 0.022395833333333334 0.03611111111111111
2 0.5104166666666666 0.6240740740740741 0.011458333333333333 0.03333333333333333
