3 0.28671875 0.6898148148148148 0.07239583333333334 0.08518518518518518
3 0.33645833333333336 0.6893518518518519 0.042708333333333334 0.05462962962962963
5 0.4200520833333333 0.6671296296296296 0.0234375 0.04351851851851852
3 0.45703125 0.700462962962963 0.049479166666666664 0.075
3 0.49296875 0.6828703703703703 0.015104166666666667 0.026851851851851852
3 0.47682291666666665 0.6847222222222222 0.019270833333333334 0.03611111111111111
4 0.49635416666666665 0.6699074074074074 0.015625 0.04722222222222222
1 0.5052083333333334 0.6847222222222222 0.008333333333333333 0.026851851851851852
3 0.62265625 0.6935185185185185 0.07552083333333333 0.05925925925925926
2 0.65234375 0.7412037037037037 0.0453125 0.17314814814814813
5 0.9502604166666667 0.6324074074074074 0.09947916666666666 0.0962962962962963
5 0.88203125 0.6425925925925926 0.14114583333333333 0.08518518518518518
4 0.5942708333333333 0.6708333333333333 0.059375 0.05648148148148148
