1 0.044270833333333336 0.6138888888888889 0.020833333333333332 0.11666666666666667
1 0.06666666666666667 0.6092592592592593 0.028125 0.13333333333333333
1 0.17421875 0.6027777777777777 0.019270833333333334 0.08703703703703704
1 0.29973958333333334 0.6277777777777778 0.0140625 0.09814814814814815
2 0.375 0.6907407407407408 0.071875 0.24259259259259258
2 0.46328125 0.7236111111111111 0.07864583333333333 0.3490740740740741
3 0.4674479166666667 0.6606481481481481 0.10572916666666667 0.15462962962962962
3 0.4203125 0.6263888888888889 0.05520833333333333 0.10277777777777777
1 0.5278645833333333 0.6347222222222222 0.025520833333333333 0.11574074074074074
3 0.5505208333333333 0.6203703703703703 0.06354166666666666 0.05185185185185185
2 0.5799479166666667 0.6717592592592593 0.05260416666666667 0.17685185185185184
1 0.5825520833333333 0.6513888888888889 0.0421875 0.1287037037037037
1 0.6091145833333333 0.6347222222222222 0.021354166666666667 0.1175925925925926
2 0.6546875 0.711574074074074 0.07916666666666666 0.3472222222222222
2 0.71328125 0.7226851851851852 0.1234375 0.5416666666666666
3 0.8856770833333333 0.6537037037037037 0.16302083333333334 0.13703703703703704
3 0.9799479166666667 0.6513888888888889 0.04114583333333333 0.19166666666666668
