1 0.6752604166666667 0.6226851851851852 0.021354166666666667 0.11388888888888889
1 0.5734375 0.6166666666666667 0.0125 0.06851851851851852
1 0.5466145833333333 0.6055555555555555 0.0046875 0.02962962962962963
3 0.525 0.6287037037037037 0.052083333333333336 0.06111111111111111
4 0.4783854166666667 0.6064814814814815 0.013020833333333334 0.03148148148148148
2 0.46380208333333334 0.6138888888888889 0.0046875 0.024074074074074074
3 0.45390625 0.612037037037037 0.011979166666666667 0.016666666666666666
3 0.42630208333333336 0.6208333333333333 0.0234375 0.041666666666666664
3 0.40651041666666665 0.6231481481481481 0.043229166666666666 0.06111111111111111
3 0.3828125 0.6328703703703704 0.06666666666666667 0.08981481481481482
3 0.3067708333333333 0.6444444444444445 0.103125 0.1111111111111111
1 0.2171875 0.6393518518518518 0.025 0.12129629629629629
1 0.18489583333333334 0.6537037037037037 0.023958333333333335 0.12222222222222222
1 0.16614583333333333 0.6259259259259259 0.014583333333333334 0.08148148148148149
3 0.08489583333333334 0.6402777777777777 0.16354166666666667 0.16944444444444445
