3 0.8510416666666667 0.6759259259259259 0.013541666666666667 0.018518518518518517
3 0.7955729166666666 0.6782407407407407 0.0234375 0.03611111111111111
3 0.7161458333333334 0.6787037037037037 0.035416666666666666 0.03148148148148148
2 0.7 0.6805555555555556 0.011458333333333333 0.04259259259259259
2 0.671875 0.6810185185185185 0.009375 0.049074074074074076
3 0.6302083333333334 0.6828703703703703 0.04479166666666667 0.04537037037037037
3 0.6098958333333333 0.6893518518518519 0.05 0.041666666666666664
3 0.58203125 0.6875 0.059895833333333336 0.05092592592592592
3 0.5638020833333334 0.6902777777777778 0.06197916666666667 0.049074074074074076
3 0.5182291666666666 0.6944444444444444 0.1 0.06481481481481481
3 0.24765625 0.7379629629629629 0.31197916666666664 0.2814814814814815
