3 0.09322916666666667 0.7055555555555556 0.184375 0.43333333333333335
3 0.18411458333333333 0.6393518518518518 0.10052083333333334 0.1175925925925926
3 0.37135416666666665 0.638425925925926 0.05520833333333333 0.0712962962962963
3 0.39765625 0.6277777777777778 0.034895833333333334 0.05555555555555555
3 0.4265625 0.624537037037037 0.025 0.032407407407407406
3 0.440625 0.6240740740740741 0.016666666666666666 0.025925925925925925
3 0.45078125 0.6208333333333333 0.009895833333333333 0.013888888888888888
3 0.47604166666666664 0.6314814814814815 0.03229166666666667 0.037037037037037035
5 0.4744791666666667 0.6185185185185185 0.019791666666666666 0.05
3 0.4986979166666667 0.6416666666666667 0.044270833333333336 0.06481481481481481
2 0.5401041666666667 0.6361111111111111 0.011458333333333333 0.040740740740740744
2 0.5317708333333333 0.6347222222222222 0.008333333333333333 0.03425925925925926
2 0.61328125 0.6652777777777777 0.030729166666666665 0.125
3 0.9440104166666666 0.6527777777777778 0.11197916666666667 0.1962962962962963
3 0.8924479166666667 0.6537037037037037 0.1765625 0.12777777777777777
3 0.8177083333333334 0.6569444444444444 0.14375 0.08796296296296297
3 0.7643229166666666 0.6555555555555556 0.11510416666666666 0.08148148148148149
3 0.7369791666666666 0.6412037037037037 0.09375 0.0787037037037037
3 0.6848958333333334 0.6324074074074074 0.08125 0.07222222222222222
