4 0.0328125 0.6305555555555555 0.065625 0.20925925925925926
3 0.15625 0.6421296296296296 0.07291666666666667 0.05648148148148148
3 0.3484375 0.6337962962962963 0.01875 0.025
3 0.37447916666666664 0.6305555555555555 0.015625 0.025925925925925925
3 0.3953125 0.6296296296296297 0.013541666666666667 0.024074074074074074
4 0.415625 0.6212962962962963 0.023958333333333335 0.04259259259259259
4 0.4283854166666667 0.6226851851851852 0.0203125 0.04537037037037037
5 0.4401041666666667 0.6208333333333333 0.020833333333333332 0.04351851851851852
4 0.4440104166666667 0.6148148148148148 0.019270833333333334 0.046296296296296294
4 0.46067708333333335 0.6217592592592592 0.018229166666666668 0.032407407407407406
3 0.4856770833333333 0.6324074074074074 0.0140625 0.022222222222222223
