2 0.9677083333333333 0.8375 0.06458333333333334 0.32314814814814813
1 0.7057291666666666 0.6703703703703704 0.034375 0.1814814814814815
2 0.5645833333333333 0.6694444444444444 0.04479166666666667 0.18703703703703703
1 0.63359375 0.6615740740740741 0.025520833333333333 0.13425925925925927
2 0.5361979166666667 0.6430555555555556 0.024479166666666666 0.09722222222222222
2 0.5015625 0.638425925925926 0.034375 0.10462962962962963
3 0.40963541666666664 0.6828703703703703 0.19010416666666666 0.2861111111111111
5 0.33567708333333335 0.5930555555555556 0.050520833333333334 0.10277777777777777
5 0.26536458333333335 0.5930555555555556 0.07239583333333334 0.09722222222222222
3 0.23567708333333334 0.6231481481481481 0.1140625 0.13333333333333333
3 0.16848958333333333 0.6199074074074075 0.08072916666666667 0.0787037037037037
3 0.04140625 0.6087962962962963 0.08072916666666667 0.09537037037037037
3 0.0375 0.6976851851851852 0.07291666666666667 0.2675925925925926
