1 0.6333333333333333 0.6527777777777778 0.009375 0.044444444444444446
1 0.5794270833333334 0.6592592592592592 0.008854166666666666 0.04814814814814815
3 0.5015625 0.6467592592592593 0.019791666666666666 0.03611111111111111
3 0.4942708333333333 0.6555555555555556 0.029166666666666667 0.040740740740740744
3 0.471875 0.65 0.020833333333333332 0.02962962962962963
4 0.46458333333333335 0.6259259259259259 0.027083333333333334 0.07222222222222222
4 0.39505208333333336 0.6319444444444444 0.03177083333333333 0.06388888888888888
3 0.38229166666666664 0.6398148148148148 0.023958333333333335 0.020370370370370372
2 0.3606770833333333 0.6425925925925926 0.0067708333333333336 0.022222222222222223
3 0.29140625 0.6574074074074074 0.08072916666666667 0.1
4 0.08802083333333334 0.6347222222222222 0.17604166666666668 0.22314814814814815
5 0.08072916666666667 0.5898148148148148 0.159375 0.20185185185185187
