2 0.09479166666666666 0.6638888888888889 0.021875 0.05925925925925926
3 0.31328125 0.6537037037037037 0.028645833333333332 0.03148148148148148
3 0.3497395833333333 0.649074074074074 0.030729166666666665 0.037037037037037035
3 0.32786458333333335 0.6467592592592593 0.022395833333333334 0.03425925925925926
4 0.33958333333333335 0.6324074074074074 0.026041666666666668 0.04814814814814815
4 0.3880208333333333 0.6273148148148148 0.052083333333333336 0.10648148148148148
3 0.43255208333333334 0.6398148148148148 0.015104166666666667 0.027777777777777776
3 0.49661458333333336 0.6949074074074074 0.08072916666666667 0.12314814814814815
4 0.5065104166666666 0.6416666666666667 0.0296875 0.07222222222222222
3 0.5515625 0.6615740740740741 0.022916666666666665 0.04722222222222222
3 0.58515625 0.6796296296296296 0.0609375 0.0962962962962963
4 0.6299479166666667 0.6597222222222222 0.043229166666666666 0.06388888888888888
3 0.8541666666666666 0.7912037037037037 0.290625 0.33796296296296297
