3 0.06875 0.6212962962962963 0.1375 0.13518518518518519
3 0.16588541666666667 0.6689814814814815 0.1484375 0.1361111111111111
3 0.17916666666666667 0.6189814814814815 0.10104166666666667 0.09351851851851851
4 0.26901041666666664 0.562962962962963 0.16197916666666667 0.2462962962962963
4 0.3455729166666667 0.5703703703703704 0.07447916666666667 0.15
4 0.39375 0.5712962962962963 0.042708333333333334 0.08888888888888889
3 0.375 0.5995370370370371 0.0375 0.06388888888888888
4 0.41302083333333334 0.575 0.026041666666666668 0.05925925925925926
1 0.5559895833333334 0.6060185185185185 0.011979166666666667 0.03796296296296296
2 0.6015625 0.6180555555555556 0.0125 0.049074074074074076
