1 0.14765625 0.6263888888888889 0.0203125 0.09907407407407408
1 0.1671875 0.6370370370370371 0.01875 0.1111111111111111
3 0.14088541666666668 0.6291666666666667 0.08072916666666667 0.05462962962962963
4 0.07057291666666667 0.5925925925925926 0.14010416666666667 0.11851851851851852
3 0.25729166666666664 0.6342592592592593 0.1 0.08703703703703704
3 0.3190104166666667 0.6393518518518518 0.08489583333333334 0.06018518518518518
1 0.3734375 0.6439814814814815 0.011458333333333333 0.04722222222222222
3 0.46901041666666665 0.6694444444444444 0.08177083333333333 0.13148148148148148
3 0.4328125 0.6453703703703704 0.07395833333333333 0.05925925925925926
4 0.5541666666666667 0.6282407407407408 0.12291666666666666 0.10092592592592593
4 0.6736979166666667 0.6092592592592593 0.25052083333333336 0.16666666666666666
1 0.7484375 0.6675925925925926 0.022916666666666665 0.08703703703703704
2 0.8653645833333333 0.6837962962962963 0.04635416666666667 0.0787037037037037
