2 0.41119791666666666 0.5981481481481481 0.0140625 0.05740740740740741
2 0.44635416666666666 0.5819444444444445 0.013541666666666667 0.03425925925925926
2 0.4828125 0.5773148148148148 0.009375 0.030555555555555555
3 0.46484375 0.5722222222222222 0.0234375 0.025925925925925925
1 0.5283854166666667 0.8375 0.16927083333333334 0.32314814814814813
4 0.7755208333333333 0.6893518518518519 0.4479166666666667 0.39351851851851855
4 0.81015625 0.5962962962962963 0.37864583333333335 0.43703703703703706
1 0.21979166666666666 0.812962962962963 0.1375 0.37592592592592594
4 0.17838541666666666 0.49953703703703706 0.3567708333333333 0.9990740740740741
3 0.5895833333333333 0.6129629629629629 0.09270833333333334 0.07962962962962963
4 0.3421875 0.5504629629629629 0.11041666666666666 0.13425925925925927
4 0.58515625 0.5851851851851851 0.1265625 0.09259259259259259
