3 0.024479166666666666 0.6944444444444444 0.05 0.11481481481481481
3 0.1078125 0.6939814814814815 0.08333333333333333 0.0824074074074074
3 0.13880208333333333 0.6884259259259259 0.0421875 0.06018518518518518
3 0.16328125 0.6837962962962963 0.03802083333333333 0.06388888888888888
2 0.24036458333333333 0.7064814814814815 0.19010416666666666 0.587037037037037
2 0.41041666666666665 0.7342592592592593 0.065625 0.35
3 0.27109375 0.6666666666666666 0.021354166666666667 0.040740740740740744
3 0.2677083333333333 0.6865740740740741 0.021875 0.04537037037037037
3 0.3190104166666667 0.6675925925925926 0.019270833333333334 0.02962962962962963
2 0.334375 0.6703703703703704 0.007291666666666667 0.025925925925925925
3 0.36328125 0.6708333333333333 0.027604166666666666 0.04351851851851852
3 0.35390625 0.6787037037037037 0.0296875 0.05185185185185185
1 0.49296875 0.6703703703703704 0.022395833333333334 0.12222222222222222
1 0.5734375 0.6699074074074074 0.030208333333333334 0.14537037037037037
1 0.6528645833333333 0.6708333333333333 0.027604166666666666 0.15092592592592594
1 0.5239583333333333 0.6703703703703704 0.013541666666666667 0.07962962962962963
1 0.5502604166666667 0.6736111111111112 0.016145833333333335 0.10277777777777777
1 0.6143229166666667 0.6837962962962963 0.021354166666666667 0.10277777777777777
1 0.6049479166666667 0.6791666666666667 0.0234375 0.10092592592592593
