2 0.14192708333333334 0.6875 0.021354166666666667 0.058333333333333334
3 0.44140625 0.687037037037037 0.0203125 0.025925925925925925
4 0.46770833333333334 0.6800925925925926 0.015625 0.025
3 0.4895833333333333 0.6921296296296297 0.025 0.03611111111111111
3 0.5018229166666667 0.6791666666666667 0.019270833333333334 0.041666666666666664
3 0.5158854166666667 0.6851851851851852 0.013020833333333334 0.020370370370370372
5 0.5302083333333333 0.6773148148148148 0.017708333333333333 0.03425925925925926
3 0.64375 0.6939814814814815 0.036458333333333336 0.030555555555555555
1 0.7158854166666667 0.6981481481481482 0.0078125 0.03888888888888889
1 0.61796875 0.6921296296296297 0.0078125 0.03981481481481482
1 0.9955729166666667 0.7171296296296297 0.008854166666666666 0.11574074074074074
1 0.82890625 0.7018518518518518 0.009895833333333333 0.06111111111111111
