3 0.023958333333333335 0.6648148148148149 0.04791666666666667 0.06481481481481481
3 0.07786458333333333 0.6694444444444444 0.08177083333333333 0.05555555555555555
2 0.17734375 0.6893518518518519 0.0484375 0.1175925925925926
3 0.23098958333333333 0.6837962962962963 0.0890625 0.05277777777777778
3 0.33359375 0.7032407407407407 0.15260416666666668 0.09722222222222222
3 0.3802083333333333 0.7018518518518518 0.11458333333333333 0.08333333333333333
3 0.41119791666666666 0.6930555555555555 0.0859375 0.07685185185185185
2 0.5065104166666666 0.7166666666666667 0.06822916666666666 0.13703703703703704
2 0.45677083333333335 0.6972222222222222 0.026041666666666668 0.053703703703703705
2 0.5716145833333334 0.7074074074074074 0.030729166666666665 0.05185185185185185
2 0.6239583333333333 0.7268518518518519 0.07083333333333333 0.12777777777777777
2 0.7111979166666667 0.7157407407407408 0.0328125 0.05740740740740741
3 0.7997395833333333 0.7337962962962963 0.13385416666666666 0.09722222222222222
2 0.865625 0.7236111111111111 0.035416666666666666 0.05648148148148148
2 0.9528645833333333 0.7550925925925925 0.08802083333333334 0.13055555555555556
2 0.9588541666666667 0.7476851851851852 0.07916666666666666 0.1361111111111111
1 0.9046875 0.7675925925925926 0.06145833333333333 0.2777777777777778
2 0.5989583333333334 0.7050925925925926 0.03333333333333333 0.06018518518518518
1 0.9893229166666667 0.7236111111111111 0.008854166666666666 0.04722222222222222
