2 0.33515625 0.6925925925925925 0.0203125 0.07407407407407407
1 0.35208333333333336 0.6777777777777778 0.008333333333333333 0.05185185185185185
1 0.37890625 0.6833333333333333 0.016145833333333335 0.044444444444444446
5 0.4591145833333333 0.6578703703703703 0.011979166666666667 0.030555555555555555
2 0.39895833333333336 0.6805555555555556 0.015625 0.04259259259259259
3 0.49557291666666664 0.6671296296296296 0.011979166666666667 0.01574074074074074
3 0.5111979166666667 0.6722222222222223 0.0171875 0.024074074074074074
3 0.7481770833333333 0.7175925925925926 0.17135416666666667 0.26296296296296295
4 0.5299479166666666 0.6574074074074074 0.0140625 0.03333333333333333
1 0.9388020833333334 0.6944444444444444 0.016145833333333335 0.05925925925925926
