1 0.052083333333333336 0.5907407407407408 0.015625 0.07777777777777778
3 0.3854166666666667 0.600462962962963 0.016666666666666666 0.026851851851851852
3 0.37161458333333336 0.600462962962963 0.028645833333333332 0.032407407407407406
4 0.41822916666666665 0.5944444444444444 0.020833333333333332 0.037037037037037035
3 0.4140625 0.6032407407407407 0.027083333333333334 0.032407407407407406
3 0.4401041666666667 0.5990740740740741 0.015625 0.022222222222222223
2 0.4510416666666667 0.6037037037037037 0.011458333333333333 0.037037037037037035
2 0.459375 0.6064814814814815 0.010416666666666666 0.03148148148148148
2 0.47239583333333335 0.6083333333333333 0.010416666666666666 0.03148148148148148
3 0.5471354166666667 0.6050925925925926 0.04114583333333333 0.028703703703703703
3 0.5885416666666666 0.6087962962962963 0.04375 0.026851851851851852
1 0.6591145833333333 0.6092592592592593 0.0067708333333333336 0.025925925925925925
3 0.5690104166666666 0.6037037037037037 0.0203125 0.027777777777777776
