1 0.19296875 0.6314814814814815 0.0265625 0.15
2 0.4890625 0.6583333333333333 0.051041666666666666 0.17037037037037037
1 0.6604166666666667 0.6689814814814815 0.07083333333333333 0.44722222222222224
3 0.996875 0.6222222222222222 0.00625 0.018518518518518517
3 0.9908854166666666 0.6199074074074075 0.011979166666666667 0.017592592592592594
3 0.9596354166666666 0.6199074074074075 0.0109375 0.019444444444444445
1 0.9528645833333333 0.6273148148148148 0.016145833333333335 0.08425925925925926
3 0.9416666666666667 0.6222222222222222 0.013541666666666667 0.024074074074074074
3 0.9359375 0.6236111111111111 0.013541666666666667 0.025
3 0.9263020833333333 0.6263888888888889 0.016145833333333335 0.026851851851851852
3 0.8984375 0.6337962962962963 0.04895833333333333 0.058333333333333334
3 0.8552083333333333 0.6125 0.014583333333333334 0.023148148148148147
3 0.8252604166666667 0.6199074074074075 0.0390625 0.026851851851851852
