4 0.7322916666666667 0.6935185185185185 0.06145833333333333 0.05925925925925926
3 0.6807291666666667 0.7083333333333334 0.04791666666666667 0.027777777777777776
2 0.6408854166666667 0.7236111111111111 0.013020833333333334 0.05277777777777778
3 0.5955729166666667 0.7074074074074074 0.04635416666666667 0.027777777777777776
5 0.5604166666666667 0.6935185185185185 0.075 0.11851851851851852
3 0.4973958333333333 0.7287037037037037 0.05625 0.07962962962962963
3 0.48489583333333336 0.6865740740740741 0.09895833333333333 0.06574074074074074
3 0.43046875 0.7 0.0171875 0.022222222222222223
4 0.4114583333333333 0.6842592592592592 0.023958333333333335 0.04814814814814815
3 0.36015625 0.7217592592592592 0.0953125 0.12685185185185185
3 0.31354166666666666 0.7143518518518519 0.035416666666666666 0.04537037037037037
3 0.2578125 0.7018518518518518 0.05 0.03148148148148148
3 0.21979166666666666 0.6935185185185185 0.052083333333333336 0.053703703703703705
3 0.13697916666666668 0.6912037037037037 0.053125 0.041666666666666664
4 0.04296875 0.6708333333333333 0.08489583333333334 0.062037037037037036
