1 0.09479166666666666 0.6481481481481481 0.03125 0.14814814814814814
1 0.11536458333333334 0.6518518518518519 0.0203125 0.1037037037037037
1 0.12161458333333333 0.6319444444444444 0.016145833333333335 0.1287037037037037
1 0.1859375 0.6518518518518519 0.03229166666666667 0.13703703703703704
1 0.17630208333333333 0.6356481481481482 0.0234375 0.11944444444444445
1 0.23776041666666667 0.6513888888888889 0.021354166666666667 0.09722222222222222
1 0.2203125 0.624537037037037 0.01875 0.11018518518518519
1 0.13229166666666667 0.6587962962962963 0.015625 0.10277777777777777
3 0.3341145833333333 0.6939814814814815 0.14427083333333332 0.15462962962962962
3 0.48984375 0.6555555555555556 0.04114583333333333 0.06296296296296296
3 0.5122395833333333 0.6462962962962963 0.022395833333333334 0.040740740740740744
3 0.5244791666666667 0.6472222222222223 0.015625 0.022222222222222223
3 0.5348958333333333 0.6412037037037037 0.014583333333333334 0.028703703703703703
3 0.4747395833333333 0.6361111111111111 0.0171875 0.03148148148148148
1 0.884375 0.7402777777777778 0.09583333333333334 0.43425925925925923
