2 0.7328125 0.6662037037037037 0.03854166666666667 0.12685185185185185
1 0.821875 0.6476851851851851 0.019791666666666666 0.11944444444444445
2 0.6375 0.6435185185185185 0.019791666666666666 0.07222222222222222
3 0.4953125 0.6305555555555555 0.026041666666666668 0.04259259259259259
2 0.48046875 0.612037037037037 0.0067708333333333336 0.024074074074074074
3 0.45729166666666665 0.6300925925925925 0.027083333333333334 0.03796296296296296
5 0.4432291666666667 0.5981481481481481 0.021875 0.03518518518518519
3 0.42942708333333335 0.6185185185185185 0.0265625 0.037037037037037035
3 0.40078125 0.6157407407407407 0.025520833333333333 0.02962962962962963
3 0.36354166666666665 0.6273148148148148 0.03125 0.03611111111111111
