2 0.34375 0.6351851851851852 0.010416666666666666 0.03518518518518519
2 0.23098958333333333 0.6532407407407408 0.022395833333333334 0.09166666666666666
1 0.21458333333333332 0.6337962962962963 0.010416666666666666 0.05462962962962963
1 0.2 0.6305555555555555 0.011458333333333333 0.05740740740740741
1 0.18098958333333334 0.6296296296296297 0.0140625 0.06111111111111111
1 0.12109375 0.6273148148148148 0.0171875 0.0787037037037037
1 0.09947916666666666 0.625 0.011458333333333333 0.07222222222222222
3 0.4140625 0.6240740740740741 0.008333333333333333 0.018518518518518517
2 0.40911458333333334 0.6388888888888888 0.015104166666666667 0.053703703703703705
3 0.40260416666666665 0.6310185185185185 0.013541666666666667 0.021296296296296296
3 0.43333333333333335 0.6282407407407408 0.009375 0.012037037037037037
3 0.4427083333333333 0.6328703703703704 0.015625 0.025
3 0.4518229166666667 0.6333333333333333 0.0203125 0.03148148148148148
3 0.46380208333333334 0.6370370370370371 0.028645833333333332 0.037037037037037035
3 0.4796875 0.6407407407407407 0.034375 0.05555555555555555
3 0.49505208333333334 0.6365740740740741 0.0484375 0.075
3 0.5096354166666667 0.6462962962962963 0.0453125 0.07407407407407407
3 0.5270833333333333 0.6555555555555556 0.065625 0.09259259259259259
3 0.5734375 0.6657407407407407 0.09270833333333334 0.12407407407407407
3 0.6291666666666667 0.6847222222222222 0.15 0.1787037037037037
3 0.8244791666666667 0.7550925925925925 0.35 0.3490740740740741
