1 0.39921875 0.7162037037037037 0.14010416666666667 0.2601851851851852
3 0.38723958333333336 0.6921296296296297 0.33177083333333335 0.24537037037037038
1 0.7088541666666667 0.7546296296296297 0.075 0.24444444444444444
1 0.7127604166666667 0.7143518518518519 0.07864583333333333 0.287962962962963
1 0.8776041666666666 0.7398148148148148 0.036458333333333336 0.18518518518518517
1 0.90390625 0.7189814814814814 0.0578125 0.24351851851851852
1 0.9651041666666667 0.7597222222222222 0.040625 0.23055555555555557
1 0.9830729166666666 0.7208333333333333 0.0328125 0.325
1 0.5552083333333333 0.6662037037037037 0.015625 0.09722222222222222
1 0.590625 0.6736111111111112 0.025 0.09166666666666666
1 0.6546875 0.6828703703703703 0.029166666666666667 0.10833333333333334
3 0.6174479166666667 0.6606481481481481 0.03177083333333333 0.04722222222222222
3 0.30755208333333334 0.6611111111111111 0.0484375 0.07037037037037037
1 0.21979166666666666 0.6787037037037037 0.017708333333333333 0.08148148148148149
1 0.22109375 0.6726851851851852 0.0171875 0.09166666666666666
1 0.13880208333333333 0.7268518518518519 0.049479166666666664 0.22407407407407406
1 0.1203125 0.7078703703703704 0.059375 0.275
1 0.09557291666666666 0.6925925925925925 0.021354166666666667 0.11481481481481481
1 0.014583333333333334 0.7166666666666667 0.027083333333333334 0.18888888888888888
1 0.05286458333333333 0.6967592592592593 0.0390625 0.20277777777777778
1 0.021875 0.6925925925925925 0.01875 0.16666666666666666
1 0.7859375 0.6990740740740741 0.021875 0.07037037037037037
1 0.8276041666666667 0.6888888888888889 0.020833333333333332 0.09814814814814815
