3 0.30078125 0.6370370370370371 0.06927083333333334 0.044444444444444446
3 0.22265625 0.6398148148148148 0.0765625 0.06481481481481481
3 0.09895833333333333 0.6342592592592593 0.11145833333333334 0.06666666666666667
3 0.4278645833333333 0.6314814814814815 0.05572916666666667 0.046296296296296294
2 0.43125 0.6393518518518518 0.016666666666666666 0.06018518518518518
3 0.5651041666666666 0.6319444444444444 0.020833333333333332 0.03611111111111111
2 0.68203125 0.6439814814814815 0.011979166666666667 0.04537037037037037
3 0.6223958333333334 0.6333333333333333 0.025 0.044444444444444446
2 0.7880208333333333 0.6375 0.0125 0.058333333333333334
1 0.9856770833333334 0.6462962962962963 0.024479166666666666 0.12777777777777777
3 0.020572916666666666 0.6430555555555556 0.04010416666666667 0.05648148148148148
