2 0.2713541666666667 0.6662037037037037 0.014583333333333334 0.049074074074074076
2 0.28359375 0.6625 0.0109375 0.041666666666666664
4 0.47890625 0.6356481481481482 0.03177083333333333 0.06574074074074074
4 0.5260416666666666 0.6268518518518519 0.034375 0.08703703703703704
5 0.496875 0.6388888888888888 0.01875 0.03148148148148148
3 0.5046875 0.6523148148148148 0.016666666666666666 0.028703703703703703
2 0.5763020833333333 0.6583333333333333 0.008854166666666666 0.03518518518518519
2 0.5934895833333333 0.6592592592592592 0.009895833333333333 0.037037037037037035
1 0.6255208333333333 0.6518518518518519 0.007291666666666667 0.027777777777777776
2 0.6981770833333333 0.6814814814814815 0.0171875 0.07407407407407407
