3 0.11744791666666667 0.6407407407407407 0.06927083333333334 0.11851851851851852
3 0.12760416666666666 0.6111111111111112 0.04791666666666667 0.09444444444444444
1 0.25703125 0.6037037037037037 0.008854166666666666 0.03518518518518519
2 0.26614583333333336 0.6037037037037037 0.008333333333333333 0.03518518518518519
3 0.3690104166666667 0.6162037037037037 0.0296875 0.04351851851851852
1 0.353125 0.6175925925925926 0.00625 0.03333333333333333
3 0.44635416666666666 0.6291666666666667 0.06979166666666667 0.05648148148148148
3 0.4934895833333333 0.6287037037037037 0.06822916666666666 0.05740740740740741
3 0.5208333333333334 0.6310185185185185 0.07395833333333333 0.058333333333333334
1 0.55703125 0.6356481481481482 0.11614583333333334 0.062037037037037036
1 0.603125 0.6541666666666667 0.019791666666666666 0.09907407407407408
3 0.6856770833333333 0.6375 0.13697916666666668 0.11203703703703703
