3 0.14765625 0.663425925925926 0.14114583333333333 0.12685185185185185
3 0.3377604166666667 0.6402777777777777 0.0546875 0.062037037037037036
3 0.38671875 0.6300925925925925 0.024479166666666666 0.03611111111111111
3 0.4171875 0.6310185185185185 0.027083333333333334 0.03611111111111111
5 0.42239583333333336 0.6171296296296296 0.029166666666666667 0.04722222222222222
3 0.44036458333333334 0.6287037037037037 0.019270833333333334 0.025925925925925925
3 0.44635416666666666 0.6282407407407408 0.016666666666666666 0.023148148148148147
3 0.4583333333333333 0.6231481481481481 0.014583333333333334 0.024074074074074074
4 0.48932291666666666 0.6208333333333333 0.0140625 0.026851851851851852
3 0.5127604166666667 0.6300925925925925 0.021354166666666667 0.032407407407407406
3 0.46588541666666666 0.6236111111111111 0.0140625 0.021296296296296296
4 0.44583333333333336 0.6111111111111112 0.020833333333333332 0.02962962962962963
2 0.5864583333333333 0.6365740740740741 0.008333333333333333 0.03796296296296296
