3 0.08333333333333333 0.638425925925926 0.16354166666666667 0.16018518518518518
2 0.19140625 0.6185185185185185 0.028645833333333332 0.07592592592592592
3 0.20052083333333334 0.6171296296296296 0.084375 0.05277777777777778
1 0.26197916666666665 0.6208333333333333 0.022916666666666665 0.06018518518518518
2 0.27317708333333335 0.624537037037037 0.0234375 0.05462962962962963
2 0.30859375 0.624537037037037 0.013020833333333334 0.04722222222222222
3 0.36302083333333335 0.6310185185185185 0.057291666666666664 0.09351851851851851
3 0.4125 0.6282407407407408 0.03333333333333333 0.03611111111111111
3 0.4270833333333333 0.6296296296296297 0.030208333333333334 0.046296296296296294
3 0.4822916666666667 0.6611111111111111 0.08958333333333333 0.12777777777777777
3 0.5216145833333333 0.6291666666666667 0.022395833333333334 0.032407407407407406
3 0.5393229166666667 0.6291666666666667 0.019270833333333334 0.021296296296296296
3 0.5627604166666667 0.6310185185185185 0.0203125 0.026851851851851852
2 0.5872395833333334 0.6365740740740741 0.011979166666666667 0.03981481481481482
1 0.74765625 0.6472222222222223 0.0140625 0.06851851851851852
1 0.7596354166666667 0.6467592592592593 0.0171875 0.06944444444444445
1 0.7822916666666667 0.6421296296296296 0.013541666666666667 0.06018518518518518
1 0.79375 0.6398148148148148 0.013541666666666667 0.05925925925925926
1 0.9080729166666667 0.6546296296296297 0.016145833333333335 0.07222222222222222
2 0.9841145833333333 0.6657407407407407 0.03177083333333333 0.05740740740740741
