3 0.09453125 0.7398148148148148 0.1890625 0.5203703703703704
3 0.12265625 0.6768518518518518 0.1578125 0.15925925925925927
3 0.20703125 0.6361111111111111 0.0640625 0.040740740740740744
3 0.28671875 0.6518518518518519 0.10052083333333334 0.1111111111111111
3 0.346875 0.6638888888888889 0.13854166666666667 0.17222222222222222
4 0.35625 0.5972222222222222 0.04791666666666667 0.07592592592592592
3 0.42942708333333335 0.6208333333333333 0.027604166666666666 0.04537037037037037
3 0.51328125 0.7185185185185186 0.20677083333333332 0.29444444444444445
2 0.6502604166666667 0.6125 0.0140625 0.04537037037037037
2 0.6716145833333333 0.6138888888888889 0.009895833333333333 0.040740740740740744
2 0.6869791666666667 0.612037037037037 0.01875 0.04259259259259259
1 0.71015625 0.5921296296296297 0.005729166666666666 0.028703703703703703
3 0.95625 0.5976851851851852 0.0875 0.05462962962962963
3 0.5932291666666667 0.5986111111111111 0.011458333333333333 0.013888888888888888
3 0.9216145833333333 0.600925925925926 0.09322916666666667 0.05
