2 0.10286458333333333 0.6625 0.0203125 0.06759259259259259
1 0.14479166666666668 0.6537037037037037 0.008333333333333333 0.05
1 0.13723958333333333 0.6537037037037037 0.008854166666666666 0.044444444444444446
1 0.159375 0.6560185185185186 0.008333333333333333 0.03796296296296296
3 0.315625 0.6976851851851852 0.08958333333333333 0.10648148148148148
3 0.3846354166666667 0.6824074074074075 0.049479166666666664 0.06851851851851852
3 0.44192708333333336 0.6907407407407408 0.07864583333333333 0.16296296296296298
3 0.54921875 0.6837962962962963 0.0609375 0.10462962962962963
4 0.5848958333333333 0.6583333333333333 0.09895833333333333 0.1962962962962963
3 0.61328125 0.7162037037037037 0.1171875 0.16203703703703703
3 0.78359375 0.7212962962962963 0.2609375 0.3351851851851852
