4 0.96484375 0.7203703703703703 0.06822916666666666 0.10925925925925926
3 0.9372395833333333 0.749537037037037 0.06927083333333334 0.05092592592592592
3 0.8854166666666666 0.7486111111111111 0.057291666666666664 0.04537037037037037
3 0.8489583333333334 0.7560185185185185 0.0875 0.06018518518518518
3 0.7619791666666667 0.7606481481481482 0.11666666666666667 0.075
3 0.48541666666666666 0.7541666666666667 0.12604166666666666 0.075
4 0.36770833333333336 0.7180555555555556 0.011458333333333333 0.026851851851851852
4 0.2591145833333333 0.7027777777777777 0.06197916666666667 0.0962962962962963
3 0.22135416666666666 0.725925925925926 0.03229166666666667 0.044444444444444446
2 0.16744791666666667 0.725462962962963 0.0078125 0.028703703703703703
3 0.048177083333333336 0.7240740740740741 0.08177083333333333 0.06666666666666667
2 0.07760416666666667 0.7347222222222223 0.058333333333333334 0.12314814814814815
