2 0.7544270833333333 0.6550925925925926 0.0140625 0.06944444444444445
2 0.7744791666666667 0.6564814814814814 0.014583333333333334 0.07037037037037037
3 0.33307291666666666 0.6375 0.04010416666666667 0.05092592592592592
3 0.49921875 0.6398148148148148 0.03802083333333333 0.07407407407407407
3 0.46119791666666665 0.6333333333333333 0.018229166666666668 0.02962962962962963
3 0.47161458333333334 0.6324074074074074 0.011979166666666667 0.020370370370370372
3 0.38125 0.6333333333333333 0.020833333333333332 0.02962962962962963
2 0.4296875 0.6291666666666667 0.007291666666666667 0.021296296296296296
2 0.43645833333333334 0.6300925925925925 0.007291666666666667 0.019444444444444445
2 0.27578125 0.6310185185185185 0.011979166666666667 0.03981481481481482
1 0.29270833333333335 0.6365740740740741 0.007291666666666667 0.028703703703703703
