4 0.06197916666666667 0.46620370370370373 0.12395833333333334 0.08425925925925926
3 0.33567708333333335 0.4583333333333333 0.07552083333333333 0.05185185185185185
5 0.3880208333333333 0.449537037037037 0.10104166666666667 0.06759259259259259
3 0.9794270833333333 0.7083333333333334 0.04114583333333333 0.1425925925925926
3 0.7041666666666667 0.6532407407407408 0.12083333333333333 0.0787037037037037
3 0.6135416666666667 0.6597222222222222 0.134375 0.0787037037037037
5 0.48489583333333336 0.6185185185185185 0.016666666666666666 0.024074074074074074
3 0.47734375 0.625 0.009895833333333333 0.014814814814814815
3 0.39895833333333336 0.6518518518518519 0.065625 0.05740740740740741
3 0.440625 0.6513888888888889 0.046875 0.058333333333333334
2 0.5309895833333333 0.6300925925925925 0.005729166666666666 0.019444444444444445
3 0.37213541666666666 0.6430555555555556 0.025520833333333333 0.03611111111111111
3 0.20651041666666667 0.4736111111111111 0.06927083333333334 0.041666666666666664
3 0.4947916666666667 0.4439814814814815 0.04791666666666667 0.028703703703703703
3 0.63515625 0.4310185185185185 0.05260416666666667 0.028703703703703703
3 0.8833333333333333 0.412962962962963 0.08125 0.05555555555555555
