2 0.9171875 0.6199074074074075 0.04375 0.10277777777777777
2 0.8536458333333333 0.6162037037037037 0.03854166666666667 0.08796296296296297
2 0.7544270833333333 0.6069444444444444 0.0234375 0.06574074074074074
1 0.8247395833333333 0.5930555555555556 0.0140625 0.06388888888888888
5 0.5393229166666667 0.5888888888888889 0.08489583333333334 0.14444444444444443
4 0.4666666666666667 0.5990740740740741 0.040625 0.08518518518518518
3 0.4283854166666667 0.6157407407407407 0.0328125 0.06296296296296296
3 0.71875 0.612037037037037 0.06041666666666667 0.06111111111111111
3 0.7994791666666666 0.6333333333333333 0.065625 0.05925925925925926
1 0.6411458333333333 0.6148148148148148 0.010416666666666666 0.053703703703703705
