3 0.7640625 0.7212962962962963 0.246875 0.2611111111111111
2 0.6627604166666666 0.6430555555555556 0.0109375 0.041666666666666664
3 0.5872395833333334 0.6587962962962963 0.06822916666666666 0.08796296296296297
3 0.54375 0.6444444444444445 0.03229166666666667 0.05185185185185185
3 0.5177083333333333 0.6439814814814815 0.0375 0.058333333333333334
3 0.49244791666666665 0.6287037037037037 0.0140625 0.022222222222222223
3 0.4864583333333333 0.6365740740740741 0.017708333333333333 0.025
3 0.4708333333333333 0.6273148148148148 0.011458333333333333 0.019444444444444445
4 0.46197916666666666 0.625 0.016666666666666666 0.03148148148148148
3 0.4552083333333333 0.6300925925925925 0.01875 0.028703703703703703
5 0.4390625 0.6212962962962963 0.025 0.04259259259259259
3 0.44557291666666665 0.6361111111111111 0.0234375 0.03333333333333333
3 0.43333333333333335 0.6351851851851852 0.026041666666666668 0.037037037037037035
3 0.41458333333333336 0.6342592592592593 0.035416666666666666 0.05
3 0.38333333333333336 0.6291666666666667 0.027083333333333334 0.04722222222222222
3 0.3567708333333333 0.6351851851851852 0.06354166666666666 0.07962962962962963
3 0.27578125 0.6513888888888889 0.1078125 0.11018518518518519
3 0.08802083333333334 0.6504629629629629 0.14583333333333334 0.11944444444444445
