2 0.030208333333333334 0.6851851851851852 0.027083333333333334 0.08703703703703704
3 0.20442708333333334 0.6597222222222222 0.0359375 0.03981481481481482
3 0.23697916666666666 0.6453703703703704 0.04479166666666667 0.04814814814814815
3 0.30807291666666664 0.6625 0.049479166666666664 0.05648148148148148
3 0.38776041666666666 0.6347222222222222 0.0421875 0.03796296296296296
3 0.35052083333333334 0.6393518518518518 0.03333333333333333 0.030555555555555555
4 0.34817708333333336 0.6240740740740741 0.0734375 0.04814814814814815
2 0.46380208333333334 0.6305555555555555 0.0171875 0.03148148148148148
3 0.5098958333333333 0.6472222222222223 0.036458333333333336 0.040740740740740744
3 0.5390625 0.649537037037037 0.041666666666666664 0.04537037037037037
3 0.5776041666666667 0.6416666666666667 0.030208333333333334 0.027777777777777776
3 0.6361979166666667 0.6291666666666667 0.0203125 0.021296296296296296
4 0.6416666666666667 0.612037037037037 0.03125 0.037037037037037035
3 0.60390625 0.6287037037037037 0.0140625 0.016666666666666666
4 0.546875 0.6203703703703703 0.034375 0.04814814814814815
3 0.27109375 0.65 0.0328125 0.03333333333333333
3 0.30026041666666664 0.6314814814814815 0.030729166666666665 0.03333333333333333
3 0.5908854166666667 0.624537037037037 0.0140625 0.019444444444444445
3 0.5026041666666666 0.6226851851851852 0.009375 0.013888888888888888
