1 0.15989583333333332 0.6449074074074074 0.05625 0.22685185185185186
1 0.15598958333333332 0.6430555555555556 0.0578125 0.2064814814814815
3 0.1046875 0.6361111111111111 0.20729166666666668 0.18518518518518517
3 0.2677083333333333 0.6222222222222222 0.253125 0.22592592592592592
3 0.45234375 0.638425925925926 0.19635416666666666 0.19537037037037036
2 0.6731770833333334 0.7523148148148148 0.16822916666666668 0.2972222222222222
3 0.5869791666666667 0.6620370370370371 0.18958333333333333 0.1425925925925926
1 0.5942708333333333 0.6615740740740741 0.023958333333333335 0.175
2 0.7255208333333333 0.6791666666666667 0.1 0.18796296296296297
3 0.7018229166666666 0.6462962962962963 0.19010416666666666 0.17037037037037037
3 0.8020833333333334 0.6699074074074074 0.14166666666666666 0.11203703703703703
1 0.7817708333333333 0.6328703703703704 0.015625 0.09722222222222222
3 0.9049479166666666 0.6592592592592592 0.1671875 0.1259259259259259
3 0.95625 0.6722222222222223 0.0875 0.09444444444444444
