3 0.25859375 0.6726851851851852 0.0484375 0.04537037037037037
3 0.28098958333333335 0.6717592592592593 0.0546875 0.062037037037037036
3 0.32057291666666665 0.6717592592592593 0.028645833333333332 0.030555555555555555
3 0.33671875 0.6712962962962963 0.03177083333333333 0.03888888888888889
5 0.35234375 0.6537037037037037 0.0359375 0.05740740740740741
5 0.4002604166666667 0.6560185185185186 0.019270833333333334 0.041666666666666664
3 0.42734375 0.6717592592592593 0.027604166666666666 0.03981481481481482
3 0.4552083333333333 0.6791666666666667 0.03854166666666667 0.05462962962962963
2 0.6002604166666666 0.6800925925925926 0.016145833333333335 0.06388888888888888
2 0.6484375 0.6884259259259259 0.029166666666666667 0.08796296296296297
3 0.7348958333333333 0.6763888888888889 0.06979166666666667 0.0712962962962963
3 0.8341145833333333 0.6777777777777778 0.10364583333333334 0.10555555555555556
1 0.93046875 0.637962962962963 0.0203125 0.09259259259259259
3 0.94296875 0.6935185185185185 0.1140625 0.11851851851851852
