5 0.08671875 0.5680555555555555 0.17447916666666666 0.36944444444444446
3 0.36354166666666665 0.6532407407407408 0.05625 0.06759259259259259
4 0.4627604166666667 0.6240740740740741 0.05364583333333333 0.12407407407407407
3 0.51953125 0.6833333333333333 0.0921875 0.1388888888888889
3 0.5895833333333333 0.6592592592592592 0.036458333333333336 0.05185185185185185
3 0.5692708333333333 0.6444444444444445 0.0125 0.018518518518518517
1 0.6106770833333334 0.6550925925925926 0.0078125 0.03611111111111111
2 0.6286458333333333 0.6597222222222222 0.0125 0.04722222222222222
3 0.6932291666666667 0.6842592592592592 0.12083333333333333 0.15925925925925927
2 0.7515625 0.6763888888888889 0.021875 0.10833333333333334
2 0.7591145833333334 0.6828703703703703 0.0234375 0.08981481481481482
2 0.8028645833333333 0.6888888888888889 0.027604166666666666 0.11666666666666667
2 0.81328125 0.6842592592592592 0.0234375 0.10925925925925926
3 0.8286458333333333 0.6712962962962963 0.09791666666666667 0.06666666666666667
2 0.9354166666666667 0.711574074074074 0.06145833333333333 0.15092592592592594
2 0.9026041666666667 0.7027777777777777 0.04791666666666667 0.11666666666666667
2 0.878125 0.6958333333333333 0.041666666666666664 0.09722222222222222
3 0.8997395833333334 0.6814814814814815 0.12552083333333333 0.07222222222222222
1 0.9924479166666667 0.6736111111111112 0.016145833333333335 0.07685185185185185
