1 0.9158854166666667 0.7046296296296296 0.1484375 0.5907407407407408
1 0.90390625 0.6240740740740741 0.0328125 0.2111111111111111
1 0.8598958333333333 0.6337962962962963 0.04375 0.20277777777777778
1 0.7359375 0.65 0.059375 0.29814814814814816
1 0.6994791666666667 0.6175925925925926 0.035416666666666666 0.18703703703703703
1 0.6645833333333333 0.6393518518518518 0.03958333333333333 0.23981481481481481
1 0.6236979166666666 0.6217592592592592 0.027604166666666666 0.13055555555555556
1 0.60234375 0.6370370370370371 0.0140625 0.08518518518518518
1 0.5880208333333333 0.6365740740740741 0.03125 0.1638888888888889
1 0.5526041666666667 0.6324074074074074 0.023958333333333335 0.1388888888888889
1 0.5489583333333333 0.6314814814814815 0.019791666666666666 0.11851851851851852
1 0.5106770833333333 0.625462962962963 0.015104166666666667 0.07314814814814814
1 0.5041666666666667 0.6268518518518519 0.016666666666666666 0.06296296296296296
3 0.4747395833333333 0.637962962962963 0.044270833333333336 0.07592592592592592
3 0.45390625 0.6398148148148148 0.07552083333333333 0.11666666666666667
1 0.41432291666666665 0.624537037037037 0.011979166666666667 0.0787037037037037
1 0.39036458333333335 0.6217592592592592 0.013020833333333334 0.06018518518518518
3 0.39375 0.6175925925925926 0.007291666666666667 0.012962962962962963
3 0.35885416666666664 0.6240740740740741 0.022916666666666665 0.03148148148148148
1 0.365625 0.6199074074074075 0.008333333333333333 0.04722222222222222
3 0.34088541666666666 0.6240740740740741 0.015104166666666667 0.025925925925925925
3 0.33046875 0.6231481481481481 0.022395833333333334 0.02962962962962963
1 0.3059895833333333 0.6157407407407407 0.019270833333333334 0.025925925925925925
1 0.28828125 0.6236111111111111 0.015104166666666667 0.09907407407407408
1 0.21770833333333334 0.6203703703703703 0.014583333333333334 0.08148148148148149
1 0.032552083333333336 0.624537037037037 0.0203125 0.09166666666666666
1 0.16744791666666667 0.6282407407407408 0.011979166666666667 0.05648148148148148
