3 0.40338541666666666 0.6402777777777777 0.06302083333333333 0.09722222222222222
3 0.44479166666666664 0.6236111111111111 0.020833333333333332 0.026851851851851852
3 0.47630208333333335 0.6208333333333333 0.0171875 0.023148148148148147
3 0.48880208333333336 0.6157407407407407 0.0234375 0.018518518518518517
3 0.51875 0.625462962962963 0.030208333333333334 0.05092592592592592
2 0.5294270833333333 0.6486111111111111 0.024479166666666666 0.09166666666666666
2 0.5559895833333334 0.6314814814814815 0.015104166666666667 0.05555555555555555
3 0.6208333333333333 0.6518518518518519 0.078125 0.1111111111111111
4 0.609375 0.6037037037037037 0.04583333333333333 0.09074074074074075
1 0.8783854166666667 0.687962962962963 0.07447916666666667 0.387037037037037
3 0.7677083333333333 0.6050925925925926 0.06666666666666667 0.05092592592592592
4 0.51328125 0.6074074074074074 0.0203125 0.05185185185185185
1 0.98671875 0.6958333333333333 0.0265625 0.38425925925925924
