2 0.10703125 0.625 0.019270833333333334 0.03148148148148148
2 0.28828125 0.6291666666666667 0.024479166666666666 0.03796296296296296
2 0.3028645833333333 0.6310185185185185 0.0171875 0.03981481481481482
3 0.48125 0.7013888888888888 0.21666666666666667 0.3453703703703704
3 0.5830729166666667 0.6356481481481482 0.11197916666666667 0.062037037037037036
3 0.6440104166666667 0.6314814814814815 0.03802083333333333 0.037037037037037035
3 0.7177083333333333 0.6351851851851852 0.058333333333333334 0.037037037037037035
1 0.7791666666666667 0.6439814814814815 0.023958333333333335 0.07314814814814814
1 0.8325520833333333 0.6407407407407407 0.015104166666666667 0.10185185185185185
1 0.33151041666666664 0.6240740740740741 0.0109375 0.04814814814814815
2 0.21119791666666668 0.6435185185185185 0.0328125 0.053703703703703705
