2 0.7447916666666666 0.6703703703703704 0.021875 0.07222222222222222
2 0.5984375 0.6527777777777778 0.008333333333333333 0.027777777777777776
5 0.5190104166666667 0.6402777777777777 0.015104166666666667 0.023148148148148147
1 0.453125 0.6611111111111111 0.041666666666666664 0.1259259259259259
3 0.421875 0.6546296296296297 0.03333333333333333 0.06111111111111111
3 0.4041666666666667 0.6601851851851852 0.051041666666666666 0.07777777777777778
3 0.37213541666666666 0.6592592592592592 0.04010416666666667 0.046296296296296294
5 0.3 0.625 0.11458333333333333 0.15555555555555556
1 0.0609375 0.6509259259259259 0.015625 0.07962962962962963
2 0.0375 0.6546296296296297 0.052083333333333336 0.08333333333333333
1 0.009635416666666667 0.6550925925925926 0.018229166666666668 0.09537037037037037
