3 0.05260416666666667 0.6657407407407407 0.10416666666666667 0.09814814814814815
3 0.2125 0.6638888888888889 0.14895833333333333 0.15925925925925927
5 0.22942708333333334 0.6236111111111111 0.1078125 0.12685185185185185
5 0.29453125 0.6152777777777778 0.0609375 0.08796296296296297
3 0.36666666666666664 0.6736111111111112 0.11979166666666667 0.1361111111111111
3 0.42682291666666666 0.6472222222222223 0.043229166666666666 0.06296296296296296
3 0.46041666666666664 0.637962962962963 0.027083333333333334 0.040740740740740744
3 0.5161458333333333 0.6412037037037037 0.03958333333333333 0.062037037037037036
5 0.5127604166666667 0.6236111111111111 0.034895833333333334 0.08796296296296297
2 0.6135416666666667 0.7523148148148148 0.159375 0.49166666666666664
3 0.8765625 0.7842592592592592 0.24375 0.37592592592592594
3 0.5552083333333333 0.6342592592592593 0.01875 0.025925925925925925
1 0.10026041666666667 0.6453703703703704 0.0140625 0.08888888888888889
1 0.11614583333333334 0.649537037037037 0.013541666666666667 0.08796296296296297
3 0.6611979166666667 0.662962962962963 0.0609375 0.07037037037037037
2 0.740625 0.6652777777777777 0.016666666666666666 0.049074074074074076
