2 0.15416666666666667 0.6328703703703704 0.020833333333333332 0.05092592592592592
2 0.22708333333333333 0.6333333333333333 0.0125 0.04259259259259259
4 0.3692708333333333 0.6097222222222223 0.01875 0.041666666666666664
3 0.34661458333333334 0.6152777777777778 0.021354166666666667 0.01574074074074074
3 0.3859375 0.6125 0.014583333333333334 0.025
3 0.4044270833333333 0.6171296296296296 0.0109375 0.013888888888888888
3 0.42421875 0.6199074074074075 0.015104166666666667 0.021296296296296296
3 0.4591145833333333 0.6263888888888889 0.0234375 0.03425925925925926
5 0.46510416666666665 0.6097222222222223 0.016666666666666666 0.030555555555555555
3 0.5682291666666667 0.6388888888888888 0.04791666666666667 0.07222222222222222
1 0.6377604166666667 0.624537037037037 0.0067708333333333336 0.03425925925925926
1 0.6192708333333333 0.6263888888888889 0.008333333333333333 0.032407407407407406
1 0.7705729166666667 0.6305555555555555 0.0078125 0.040740740740740744
1 0.7 0.6291666666666667 0.007291666666666667 0.03796296296296296
1 0.8098958333333334 0.6828703703703703 0.03333333333333333 0.22685185185185186
1 0.9815104166666667 0.6504629629629629 0.0171875 0.10462962962962963
1 0.9036458333333334 0.6412037037037037 0.008333333333333333 0.08055555555555556
3 0.44479166666666664 0.6143518518518518 0.011458333333333333 0.019444444444444445
