2 0.03333333333333333 0.6523148148148148 0.028125 0.08055555555555556
1 0.2604166666666667 0.6347222222222222 0.007291666666666667 0.041666666666666664
3 0.4114583333333333 0.6342592592592593 0.03958333333333333 0.06851851851851852
3 0.4471354166666667 0.6337962962962963 0.018229166666666668 0.023148148148148147
4 0.46328125 0.6287037037037037 0.0171875 0.025925925925925925
3 0.4796875 0.6333333333333333 0.011458333333333333 0.018518518518518517
3 0.4973958333333333 0.6435185185185185 0.03958333333333333 0.053703703703703705
4 0.5247395833333334 0.625462962962963 0.025520833333333333 0.04351851851851852
3 0.5286458333333334 0.6407407407407407 0.03229166666666667 0.04259259259259259
2 0.5768229166666666 0.6425925925925926 0.0067708333333333336 0.024074074074074074
2 0.5971354166666667 0.6472222222222223 0.008854166666666666 0.037037037037037035
4 0.6518229166666667 0.6287037037037037 0.059895833333333336 0.06666666666666667
2 0.7888020833333333 0.687037037037037 0.0328125 0.10185185185185185
2 0.7463541666666667 0.6689814814814815 0.016666666666666666 0.075
