2 0.8203125 0.7453703703703703 0.0125 0.11666666666666667
1 0.8067708333333333 0.6768518518518518 0.028125 0.14444444444444443
2 0.7802083333333333 0.6736111111111112 0.019791666666666666 0.06388888888888888
2 0.7515625 0.6708333333333333 0.015625 0.05648148148148148
3 0.5234375 0.6518518518518519 0.035416666666666666 0.05
3 0.49609375 0.6412037037037037 0.0203125 0.03796296296296296
3 0.4674479166666667 0.6606481481481481 0.0515625 0.075
3 0.44036458333333334 0.6375 0.0109375 0.017592592592592594
4 0.42473958333333334 0.6314814814814815 0.008854166666666666 0.018518518518518517
2 0.3640625 0.6407407407407407 0.005208333333333333 0.018518518518518517
2 0.35520833333333335 0.6402777777777777 0.00625 0.023148148148148147
3 0.09166666666666666 0.6930555555555555 0.18125 0.18425925925925926
