3 0.0203125 0.6486111111111111 0.040625 0.0824074074074074
3 0.030729166666666665 0.6277777777777778 0.05625 0.07037037037037037
1 0.10755208333333334 0.6550925925925926 0.018229166666666668 0.1175925925925926
3 0.15911458333333334 0.6444444444444445 0.08489583333333334 0.06296296296296296
1 0.23958333333333334 0.637962962962963 0.009375 0.04259259259259259
3 0.49296875 0.6662037037037037 0.11197916666666667 0.175
3 0.42109375 0.7486111111111111 0.25052083333333336 0.3768518518518518
1 0.61484375 0.6694444444444444 0.030729166666666665 0.11481481481481481
1 0.6809895833333334 0.6472222222222223 0.011979166666666667 0.04814814814814815
2 0.75625 0.6476851851851851 0.03333333333333333 0.0712962962962963
3 0.9580729166666667 0.6527777777777778 0.07760416666666667 0.07222222222222222
