4 0.06770833333333333 0.5648148148148148 0.13541666666666666 0.26666666666666666
3 0.35833333333333334 0.6032407407407407 0.0125 0.013888888888888888
4 0.3807291666666667 0.5930555555555556 0.013541666666666667 0.026851851851851852
3 0.39869791666666665 0.6097222222222223 0.016145833333333335 0.021296296296296296
3 0.4114583333333333 0.6037037037037037 0.011458333333333333 0.016666666666666666
3 0.41875 0.5986111111111111 0.009375 0.012037037037037037
3 0.43307291666666664 0.6060185185185185 0.0140625 0.019444444444444445
2 0.49921875 0.6185185185185185 0.0078125 0.02962962962962963
2 0.5140625 0.6361111111111111 0.014583333333333334 0.05
4 0.39765625 0.5921296296296297 0.009895833333333333 0.019444444444444445
