3 0.05625 0.6824074074074075 0.11354166666666667 0.16111111111111112
2 0.2721354166666667 0.6476851851851851 0.025520833333333333 0.041666666666666664
3 0.3229166666666667 0.6555555555555556 0.07395833333333333 0.07962962962962963
3 0.3770833333333333 0.6462962962962963 0.04791666666666667 0.053703703703703705
3 0.4934895833333333 0.6592592592592592 0.0640625 0.10555555555555556
3 0.4986979166666667 0.6106481481481482 0.025520833333333333 0.041666666666666664
5 0.5559895833333334 0.6087962962962963 0.07864583333333333 0.10648148148148148
3 0.6036458333333333 0.6925925925925925 0.175 0.23148148148148148
2 0.7638020833333333 0.6694444444444444 0.019270833333333334 0.06296296296296296
2 0.8479166666666667 0.6787037037037037 0.03958333333333333 0.1037037037037037
2 0.8848958333333333 0.6875 0.03229166666666667 0.10462962962962963
