3 0.0421875 0.736574074074074 0.08125 0.07314814814814814
1 0.07890625 0.7171296296296297 0.005729166666666666 0.032407407407407406
1 0.08984375 0.7189814814814814 0.008854166666666666 0.03425925925925926
3 0.12239583333333333 0.7361111111111112 0.06770833333333333 0.05740740740740741
3 0.17213541666666668 0.7296296296296296 0.04739583333333333 0.03518518518518519
3 0.23177083333333334 0.7398148148148148 0.03958333333333333 0.05
5 0.2716145833333333 0.7231481481481481 0.04739583333333333 0.06851851851851852
4 0.31302083333333336 0.7305555555555555 0.040625 0.06296296296296296
2 0.40572916666666664 0.7388888888888889 0.019791666666666666 0.03333333333333333
3 0.40078125 0.7375 0.04635416666666667 0.030555555555555555
3 0.459375 0.7430555555555556 0.025 0.03981481481481482
1 0.4783854166666667 0.7402777777777778 0.009895833333333333 0.049074074074074076
