4 0.8643229166666667 0.7199074074074074 0.2671875 0.5194444444444445
4 0.5963541666666666 0.6671296296296296 0.06770833333333333 0.11018518518518519
3 0.53984375 0.7277777777777777 0.14322916666666666 0.20555555555555555
4 0.5127604166666667 0.6282407407407408 0.0390625 0.09537037037037037
4 0.48020833333333335 0.6541666666666667 0.015625 0.03425925925925926
3 0.475 0.663425925925926 0.015625 0.025
3 0.45598958333333334 0.663425925925926 0.013020833333333334 0.021296296296296296
3 0.44505208333333335 0.6671296296296296 0.0140625 0.021296296296296296
2 0.33359375 0.6777777777777778 0.024479166666666666 0.06296296296296296
2 0.30885416666666665 0.674537037037037 0.013541666666666667 0.03796296296296296
1 0.26197916666666665 0.6652777777777777 0.007291666666666667 0.03611111111111111
