3 0.09817708333333333 0.6282407407407408 0.1328125 0.08611111111111111
2 0.18776041666666668 0.6361111111111111 0.0390625 0.06851851851851852
3 0.23541666666666666 0.6361111111111111 0.09895833333333333 0.06111111111111111
3 0.32265625 0.6435185185185185 0.06822916666666666 0.07222222222222222
3 0.3846354166666667 0.6310185185185185 0.034895833333333334 0.04537037037037037
3 0.47890625 0.7069444444444445 0.2359375 0.36203703703703705
3 0.6372395833333333 0.674537037037037 0.11614583333333334 0.13796296296296295
4 0.69453125 0.6305555555555555 0.09114583333333333 0.09814814814814815
2 0.8955729166666667 0.6856481481481481 0.0546875 0.10092592592592593
3 0.9625 0.7148148148148148 0.075 0.1962962962962963
5 0.15651041666666668 0.6037037037037037 0.11510416666666666 0.06851851851851852
5 0.3203125 0.6064814814814815 0.053125 0.05555555555555555
