2 0.16536458333333334 0.7402777777777778 0.0328125 0.09351851851851851
2 0.23333333333333334 0.7379629629629629 0.030208333333333334 0.08333333333333333
3 0.9731770833333333 0.7245370370370371 0.0546875 0.04351851851851852
3 0.9315104166666667 0.7212962962962963 0.07447916666666667 0.05740740740740741
1 0.884375 0.725 0.010416666666666666 0.053703703703703705
3 0.8973958333333333 0.7143518518518519 0.0875 0.06759259259259259
2 0.81953125 0.7222222222222222 0.0234375 0.04259259259259259
3 0.7138020833333333 0.7134259259259259 0.028645833333333332 0.049074074074074076
3 0.6145833333333334 0.7152777777777778 0.009375 0.012037037037037037
3 0.6072916666666667 0.7129629629629629 0.009375 0.014814814814814815
3 0.5794270833333334 0.7175925925925926 0.0140625 0.022222222222222223
3 0.5872395833333334 0.7199074074074074 0.0171875 0.025
