3 0.16822916666666668 0.6564814814814814 0.065625 0.05925925925925926
3 0.21666666666666667 0.6444444444444445 0.04479166666666667 0.06111111111111111
3 0.23984375 0.6472222222222223 0.0640625 0.07037037037037037
3 0.278125 0.6333333333333333 0.04583333333333333 0.07592592592592592
4 0.25338541666666664 0.6259259259259259 0.05677083333333333 0.08703703703703704
3 0.30885416666666665 0.6541666666666667 0.06145833333333333 0.08981481481481482
3 0.3619791666666667 0.6449074074074074 0.030208333333333334 0.03796296296296296
1 0.4119791666666667 0.6439814814814815 0.011458333333333333 0.07314814814814814
1 0.42161458333333335 0.6638888888888889 0.015104166666666667 0.08888888888888889
4 0.4434895833333333 0.6319444444444444 0.0203125 0.04351851851851852
3 0.48489583333333336 0.6453703703703704 0.014583333333333334 0.027777777777777776
3 0.5369791666666667 0.6981481481481482 0.09166666666666666 0.13518518518518519
4 0.5200520833333333 0.6268518518518519 0.030729166666666665 0.07777777777777778
3 0.63125 0.6875 0.07708333333333334 0.10833333333333334
3 0.8651041666666667 0.799537037037037 0.26875 0.4027777777777778
