2 0.15026041666666667 0.6277777777777778 0.0296875 0.04259259259259259
5 0.31197916666666664 0.6171296296296296 0.053125 0.06388888888888888
3 0.33151041666666664 0.6333333333333333 0.033854166666666664 0.03518518518518519
3 0.35442708333333334 0.6388888888888888 0.022395833333333334 0.022222222222222223
3 0.36432291666666666 0.6361111111111111 0.0203125 0.027777777777777776
5 0.5052083333333334 0.6328703703703704 0.015625 0.030555555555555555
2 0.6088541666666667 0.6523148148148148 0.0125 0.04537037037037037
1 0.76796875 0.6671296296296296 0.008854166666666666 0.03425925925925926
1 0.77578125 0.6615740740740741 0.0109375 0.049074074074074076
2 0.8052083333333333 0.6597222222222222 0.016666666666666666 0.058333333333333334
2 0.82265625 0.6615740740740741 0.024479166666666666 0.05462962962962963
