3 0.8684895833333334 0.6324074074074074 0.12447916666666667 0.09444444444444444
3 0.9200520833333333 0.6337962962962963 0.15989583333333332 0.10462962962962963
3 0.81796875 0.612037037037037 0.0421875 0.03148148148148148
3 0.7515625 0.6106481481481482 0.04479166666666667 0.03611111111111111
3 0.6169270833333333 0.6273148148148148 0.0703125 0.04722222222222222
2 0.54453125 0.6226851851851852 0.009895833333333333 0.041666666666666664
3 0.465625 0.6625 0.10520833333333333 0.15462962962962962
3 0.41901041666666666 0.6226851851851852 0.008854166666666666 0.017592592592592594
3 0.41041666666666665 0.6240740740740741 0.009375 0.018518518518518517
3 0.40130208333333334 0.625 0.011979166666666667 0.025925925925925925
3 0.39401041666666664 0.6282407407407408 0.0140625 0.026851851851851852
3 0.36484375 0.6277777777777778 0.059895833333333336 0.11666666666666667
3 0.3234375 0.6425925925925926 0.09270833333333334 0.13148148148148148
3 0.21744791666666666 0.6398148148148148 0.18385416666666668 0.2759259259259259
3 0.11119791666666666 0.6449074074074074 0.0890625 0.08055555555555556
3 0.0671875 0.7060185185185185 0.134375 0.35462962962962963
