3 0.2950520833333333 0.6194444444444445 0.044270833333333336 0.05
5 0.40546875 0.6041666666666666 0.08177083333333333 0.14907407407407408
3 0.65546875 0.6180555555555556 0.03177083333333333 0.03796296296296296
1 0.6419270833333334 0.6157407407407407 0.008854166666666666 0.05
2 0.60078125 0.6212962962962963 0.015104166666666667 0.044444444444444446
2 0.5627604166666667 0.6171296296296296 0.0140625 0.04722222222222222
2 0.5268229166666667 0.5884259259259259 0.0046875 0.017592592592592594
4 0.471875 0.5634259259259259 0.009375 0.013888888888888888
5 0.4825520833333333 0.5717592592592593 0.0140625 0.021296296296296296
4 0.4934895833333333 0.5805555555555556 0.0140625 0.02962962962962963
3 0.46432291666666664 0.575 0.0078125 0.014814814814814815
3 0.475 0.5861111111111111 0.010416666666666666 0.016666666666666666
3 0.459375 0.5842592592592593 0.009375 0.014814814814814815
3 0.46041666666666664 0.5972222222222222 0.013541666666666667 0.020370370370370372
3 0.4666666666666667 0.611574074074074 0.030208333333333334 0.03425925925925926
2 0.33984375 0.6032407407407407 0.0067708333333333336 0.025
