2 0.09375 0.6814814814814815 0.0375 0.07592592592592592
3 0.2 0.6842592592592592 0.184375 0.15555555555555556
3 0.15260416666666668 0.6782407407407407 0.12395833333333334 0.11574074074074074
3 0.3419270833333333 0.6643518518518519 0.0984375 0.09351851851851851
3 0.45260416666666664 0.6486111111111111 0.03958333333333333 0.04537037037037037
5 0.49505208333333334 0.6277777777777778 0.0328125 0.05
3 0.5138020833333333 0.6425925925925926 0.019270833333333334 0.027777777777777776
3 0.5958333333333333 0.6453703703703704 0.022916666666666665 0.03518518518518519
2 0.7278645833333334 0.6662037037037037 0.022395833333333334 0.06944444444444445
3 0.7932291666666667 0.6587962962962963 0.078125 0.06388888888888888
3 0.8622395833333333 0.6671296296296296 0.06510416666666667 0.062037037037037036
3 0.9018229166666667 0.6731481481481482 0.05364583333333333 0.05555555555555555
3 0.94375 0.6699074074074074 0.08229166666666667 0.06574074074074074
4 0.5653645833333333 0.6347222222222222 0.016145833333333335 0.032407407407407406
3 0.53203125 0.6402777777777777 0.016145833333333335 0.023148148148148147
