1 0.9395833333333333 0.7972222222222223 0.027083333333333334 0.1685185185185185
1 0.9125 0.7888888888888889 0.0375 0.18888888888888888
3 0.50625 0.7490740740740741 0.036458333333333336 0.06851851851851852
3 0.4765625 0.7444444444444445 0.020833333333333332 0.037037037037037035
3 0.44036458333333334 0.7435185185185185 0.0171875 0.025925925925925925
4 0.4388020833333333 0.7226851851851852 0.022395833333333334 0.05462962962962963
3 0.40078125 0.7319444444444444 0.0203125 0.03981481481481482
3 0.38203125 0.7361111111111112 0.027604166666666666 0.05185185185185185
3 0.3536458333333333 0.7467592592592592 0.051041666666666666 0.06759259259259259
3 0.31354166666666666 0.7421296296296296 0.0375 0.04722222222222222
3 0.18723958333333332 0.7620370370370371 0.1734375 0.20185185185185187
4 0.06432291666666666 0.6773148148148148 0.12864583333333332 0.30277777777777776
