3 0.057291666666666664 0.7074074074074074 0.07916666666666666 0.09259259259259259
3 0.09973958333333334 0.712037037037037 0.08489583333333334 0.10925925925925926
3 0.18671875 0.7226851851851852 0.03802083333333333 0.04351851851851852
4 0.22473958333333333 0.6962962962962963 0.06302083333333333 0.10740740740740741
3 0.26666666666666666 0.7226851851851852 0.034375 0.04351851851851852
3 0.290625 0.7222222222222222 0.020833333333333332 0.02962962962962963
3 0.30520833333333336 0.7236111111111111 0.030208333333333334 0.032407407407407406
3 0.49322916666666666 0.7638888888888888 0.09791666666666667 0.14629629629629629
3 0.5877604166666667 0.7467592592592592 0.0703125 0.10092592592592593
3 0.7325520833333333 0.7625 0.20572916666666666 0.23425925925925925
2 0.8497395833333333 0.7523148148148148 0.0234375 0.08055555555555556
2 0.9169270833333333 0.762962962962963 0.04114583333333333 0.12407407407407407
