3 0.045572916666666664 0.6847222222222222 0.0921875 0.21574074074074073
3 0.10625 0.6833333333333333 0.134375 0.17037037037037037
3 0.20208333333333334 0.6796296296296296 0.08958333333333333 0.11481481481481481
3 0.26015625 0.6703703703703704 0.06927083333333334 0.1
3 0.4010416666666667 0.6550925925925926 0.023958333333333335 0.03611111111111111
3 0.4393229166666667 0.6921296296296297 0.08697916666666666 0.13055555555555556
3 0.48880208333333336 0.6708333333333333 0.050520833333333334 0.06944444444444445
2 0.5333333333333333 0.6555555555555556 0.011458333333333333 0.04259259259259259
2 0.575 0.6555555555555556 0.015625 0.03888888888888889
2 0.6317708333333333 0.6583333333333333 0.027083333333333334 0.046296296296296294
