3 0.022916666666666665 0.6717592592592593 0.029166666666666667 0.06944444444444445
3 0.06953125 0.6430555555555556 0.0203125 0.03796296296296296
3 0.121875 0.6421296296296296 0.025 0.03425925925925926
3 0.1546875 0.6277777777777778 0.01875 0.024074074074074074
6 0.4973958333333333 0.7921296296296296 0.22291666666666668 0.33796296296296297
3 0.8645833333333334 0.7930555555555555 0.2708333333333333 0.3453703703703704
3 0.7661458333333333 0.7263888888888889 0.32083333333333336 0.3101851851851852
3 0.5083333333333333 0.6842592592592592 0.22291666666666668 0.15
3 0.4356770833333333 0.6625 0.12552083333333333 0.10462962962962963
3 0.41171875 0.6555555555555556 0.12447916666666667 0.08888888888888889
1 0.5533854166666666 0.6199074074074075 0.013020833333333334 0.05648148148148148
1 0.5375 0.6166666666666667 0.0125 0.05555555555555555
3 0.33671875 0.6393518518518518 0.05677083333333333 0.058333333333333334
