3 0.06276041666666667 0.6888888888888889 0.12552083333333333 0.19444444444444445
3 0.21432291666666667 0.6898148148148148 0.08697916666666666 0.09259259259259259
5 0.39010416666666664 0.6615740740740741 0.022916666666666665 0.05092592592592592
3 0.415625 0.6759259259259259 0.023958333333333335 0.03333333333333333
3 0.4375 0.6902777777777778 0.04375 0.06574074074074074
3 0.4557291666666667 0.6782407407407407 0.01875 0.03425925925925926
3 0.46432291666666664 0.6777777777777778 0.013020833333333334 0.025925925925925925
4 0.47265625 0.6620370370370371 0.0171875 0.04259259259259259
3 0.6364583333333333 0.6907407407407408 0.10625 0.07592592592592592
2 0.6997395833333333 0.7606481481481482 0.06510416666666667 0.2601851851851852
4 0.5713541666666667 0.6652777777777777 0.06458333333333334 0.06759259259259259
