1 0.3684895833333333 0.6287037037037037 0.03697916666666667 0.1648148148148148
2 0.690625 0.6587962962962963 0.020833333333333332 0.11018518518518519
3 0.75078125 0.6731481481481482 0.10364583333333334 0.1259259259259259
2 0.80234375 0.6541666666666667 0.0140625 0.062037037037037036
1 0.9815104166666667 0.65 0.0109375 0.05185185185185185
2 0.9205729166666666 0.662962962962963 0.015104166666666667 0.06851851851851852
1 0.84921875 0.6416666666666667 0.0078125 0.024074074074074074
3 0.8848958333333333 0.6402777777777777 0.009375 0.012037037037037037
3 0.8971354166666666 0.6388888888888888 0.009895833333333333 0.014814814814814815
2 0.9096354166666667 0.6412037037037037 0.0046875 0.023148148148148147
