5 0.5809895833333333 0.5962962962962963 0.0171875 0.022222222222222223
3 0.6565104166666667 0.6013888888888889 0.024479166666666666 0.032407407407407406
3 0.6755208333333333 0.6078703703703704 0.021875 0.025
4 0.6934895833333333 0.6050925925925926 0.0296875 0.03425925925925926
3 0.7140625 0.6106481481481482 0.023958333333333335 0.026851851851851852
3 0.7330729166666666 0.6106481481481482 0.025520833333333333 0.030555555555555555
3 0.7557291666666667 0.6087962962962963 0.03229166666666667 0.03611111111111111
3 0.7872395833333333 0.6125 0.033854166666666664 0.032407407407407406
3 0.8231770833333333 0.6134259259259259 0.043229166666666666 0.041666666666666664
4 0.6653645833333334 0.5884259259259259 0.027604166666666666 0.03611111111111111
