3 0.9734375 0.6013888888888889 0.053125 0.06018518518518518
4 0.96171875 0.562962962962963 0.07552083333333333 0.1388888888888889
2 0.8875 0.600462962962963 0.026041666666666668 0.04351851851851852
2 0.7734375 0.6060185185185185 0.028125 0.05462962962962963
3 0.6888020833333334 0.6138888888888889 0.0984375 0.06666666666666667
3 0.5390625 0.6212962962962963 0.15104166666666666 0.10555555555555556
3 0.45338541666666665 0.5967592592592592 0.027604166666666666 0.03425925925925926
3 0.35963541666666665 0.6199074074074075 0.1203125 0.06574074074074074
2 0.37395833333333334 0.662962962962963 0.14375 0.22407407407407406
5 0.16588541666666667 0.5819444444444445 0.2421875 0.1361111111111111
3 0.09739583333333333 0.6407407407407407 0.11979166666666667 0.17962962962962964
