2 0.1265625 0.6185185185185185 0.035416666666666666 0.1
1 0.2638020833333333 0.6032407407407407 0.009895833333333333 0.05277777777777778
2 0.3109375 0.6092592592592593 0.0125 0.05
3 0.40651041666666665 0.6083333333333333 0.024479166666666666 0.03888888888888889
3 0.4315104166666667 0.6078703703703704 0.016145833333333335 0.021296296296296296
4 0.4817708333333333 0.6064814814814815 0.020833333333333332 0.03518518518518519
3 0.46796875 0.6134259259259259 0.022395833333333334 0.028703703703703703
2 0.5049479166666667 0.6152777777777778 0.009895833333333333 0.030555555555555555
2 0.515625 0.6208333333333333 0.011458333333333333 0.04351851851851852
2 0.5276041666666667 0.6240740740740741 0.017708333333333333 0.05555555555555555
3 0.6200520833333333 0.6171296296296296 0.027604166666666666 0.026851851851851852
2 0.6453125 0.6726851851851852 0.03958333333333333 0.1675925925925926
2 0.6744791666666666 0.6375 0.025 0.07314814814814814
3 0.7005208333333334 0.6203703703703703 0.053125 0.040740740740740744
3 0.74765625 0.6342592592592593 0.0953125 0.05925925925925926
3 0.8575520833333333 0.6462962962962963 0.1015625 0.06111111111111111
3 0.8760416666666667 0.6504629629629629 0.1 0.06759259259259259
3 0.9434895833333333 0.6592592592592592 0.11197916666666667 0.08333333333333333
3 0.9223958333333333 0.6537037037037037 0.125 0.07407407407407407
1 0.28671875 0.5962962962962963 0.005729166666666666 0.02962962962962963
2 0.36796875 0.6064814814814815 0.0078125 0.02962962962962963
