2 0.9565104166666667 0.7972222222222223 0.059895833333333336 0.1537037037037037
2 0.7783854166666667 0.7847222222222222 0.03177083333333333 0.09722222222222222
1 0.7341145833333333 0.7703703703703704 0.0140625 0.07407407407407407
3 0.6372395833333333 0.7648148148148148 0.11302083333333333 0.14814814814814814
4 0.5697916666666667 0.7226851851851852 0.07291666666666667 0.12685185185185185
3 0.4869791666666667 0.7462962962962963 0.029166666666666667 0.044444444444444446
5 0.490625 0.7222222222222222 0.04375 0.07222222222222222
3 0.46875 0.7379629629629629 0.011458333333333333 0.022222222222222223
3 0.4484375 0.7361111111111112 0.014583333333333334 0.020370370370370372
3 0.41302083333333334 0.7407407407407407 0.022916666666666665 0.03333333333333333
3 0.3875 0.7412037037037037 0.035416666666666666 0.049074074074074076
5 0.35494791666666664 0.7189814814814814 0.0359375 0.0712962962962963
3 0.3 0.7490740740740741 0.09791666666666667 0.11851851851851852
3 0.34036458333333336 0.7398148148148148 0.027604166666666666 0.04259259259259259
5 0.2609375 0.700925925925926 0.13020833333333334 0.16296296296296298
