3 0.7229166666666667 0.65 0.08958333333333333 0.1037037037037037
1 0.58203125 0.6662037037037037 0.013020833333333334 0.07314814814814814
2 0.5703125 0.6666666666666666 0.015625 0.05925925925925926
2 0.54765625 0.6699074074074074 0.019270833333333334 0.07685185185185185
3 0.4895833333333333 0.700462962962963 0.10625 0.15092592592592594
3 0.4356770833333333 0.6578703703703703 0.008854166666666666 0.013888888888888888
3 0.39557291666666666 0.6694444444444444 0.04114583333333333 0.06481481481481481
3 0.36822916666666666 0.6671296296296296 0.05625 0.08981481481481482
5 0.30104166666666665 0.6347222222222222 0.09895833333333333 0.14537037037037037
3 0.253125 0.7041666666666667 0.14791666666666667 0.16018518518518518
