3 0.5145833333333333 0.663425925925926 0.025 0.03981481481481482
3 0.49375 0.6509259259259259 0.013541666666666667 0.020370370370370372
3 0.4739583333333333 0.6458333333333334 0.010416666666666666 0.01574074074074074
5 0.45625 0.6356481481481482 0.007291666666666667 0.01574074074074074
3 0.4432291666666667 0.6541666666666667 0.023958333333333335 0.041666666666666664
3 0.43203125 0.6662037037037037 0.0359375 0.05277777777777778
3 0.403125 0.649074074074074 0.01875 0.024074074074074074
2 0.31588541666666664 0.6523148148148148 0.008854166666666666 0.030555555555555555
3 0.18776041666666668 0.6583333333333333 0.0546875 0.05
4 0.08515625 0.6143518518518518 0.1703125 0.30648148148148147
