3 0.140625 0.6291666666666667 0.04583333333333333 0.03796296296296296
3 0.26328125 0.6916666666666667 0.1953125 0.2074074074074074
3 0.334375 0.6310185185185185 0.07083333333333333 0.08611111111111111
3 0.39947916666666666 0.6550925925925926 0.075 0.11574074074074074
3 0.48359375 0.7106481481481481 0.14739583333333334 0.22314814814814815
1 0.5916666666666667 0.6504629629629629 0.013541666666666667 0.07314814814814814
3 0.6239583333333333 0.649074074074074 0.026041666666666668 0.040740740740740744
3 0.7263020833333333 0.6537037037037037 0.04114583333333333 0.025925925925925925
2 0.8104166666666667 0.6773148148148148 0.03854166666666667 0.11388888888888889
1 0.8575520833333333 0.6578703703703703 0.011979166666666667 0.06018518518518518
1 0.8684895833333334 0.6587962962962963 0.0140625 0.075
1 0.9375 0.6606481481481481 0.011458333333333333 0.06574074074074074
