3 0.946875 0.7953703703703704 0.10625 0.19444444444444445
3 0.6020833333333333 0.6712962962962963 0.06458333333333334 0.08888888888888889
3 0.6692708333333334 0.711574074074074 0.15 0.2175925925925926
4 0.51484375 0.6138888888888889 0.10989583333333333 0.24259259259259258
3 0.5057291666666667 0.5740740740740741 0.08333333333333333 0.15925925925925927
3 0.4479166666666667 0.6518518518518519 0.03333333333333333 0.05555555555555555
3 0.42552083333333335 0.6476851851851851 0.019791666666666666 0.03425925925925926
3 0.41171875 0.6513888888888889 0.025520833333333333 0.041666666666666664
3 0.3880208333333333 0.6435185185185185 0.04375 0.06481481481481481
3 0.3263020833333333 0.6856481481481481 0.13802083333333334 0.15648148148148147
3 0.25494791666666666 0.6476851851851851 0.11822916666666666 0.1712962962962963
3 0.1046875 0.6615740740740741 0.15 0.15833333333333333
