2 0.8026041666666667 0.6962962962962963 0.03125 0.11851851851851852
2 0.88046875 0.6953703703703704 0.03177083333333333 0.12962962962962962
2 0.7513020833333334 0.6833333333333333 0.0203125 0.08148148148148149
2 0.60625 0.6638888888888889 0.010416666666666666 0.03888888888888889
3 0.5359375 0.6606481481481481 0.026041666666666668 0.03611111111111111
3 0.5096354166666667 0.6564814814814814 0.015104166666666667 0.024074074074074074
4 0.48359375 0.6356481481481482 0.028645833333333332 0.0787037037037037
5 0.3606770833333333 0.638425925925926 0.058854166666666666 0.10462962962962963
2 0.22890625 0.6685185185185185 0.013020833333333334 0.05555555555555555
2 0.13619791666666667 0.6791666666666667 0.024479166666666666 0.0787037037037037
