3 0.08515625 0.674074074074074 0.0890625 0.15555555555555556
3 0.12135416666666667 0.6708333333333333 0.04583333333333333 0.08425925925925926
4 0.1296875 0.6328703703703704 0.05625 0.1175925925925926
1 0.2989583333333333 0.6203703703703703 0.00625 0.040740740740740744
2 0.3072916666666667 0.6203703703703703 0.010416666666666666 0.03888888888888889
1 0.41015625 0.6416666666666667 0.0078125 0.04259259259259259
3 0.41953125 0.6337962962962963 0.05572916666666667 0.049074074074074076
3 0.50703125 0.6509259259259259 0.08697916666666666 0.06666666666666667
3 0.5622395833333333 0.6564814814814814 0.0953125 0.07222222222222222
4 0.6177083333333333 0.6560185185185186 0.10520833333333333 0.0712962962962963
3 0.6520833333333333 0.6768518518518518 0.15729166666666666 0.10925925925925926
3 0.7307291666666667 0.6935185185185185 0.12604166666666666 0.1259259259259259
1 0.7505208333333333 0.6898148148148148 0.03333333333333333 0.11666666666666667
3 0.840625 0.675 0.21354166666666666 0.16666666666666666
