4 0.07395833333333333 0.5592592592592592 0.14895833333333333 0.2518518518518518
3 0.16302083333333334 0.6106481481481482 0.059375 0.06018518518518518
3 0.23151041666666666 0.6106481481481482 0.04739583333333333 0.03425925925925926
3 0.25807291666666665 0.6069444444444444 0.0484375 0.05648148148148148
3 0.30859375 0.6129629629629629 0.06510416666666667 0.08518518518518518
5 0.36614583333333334 0.5879629629629629 0.0375 0.07407407407407407
3 0.39817708333333335 0.6287037037037037 0.059895833333333336 0.0962962962962963
3 0.4390625 0.6083333333333333 0.027083333333333334 0.03888888888888889
2 0.4609375 0.6226851851851852 0.011458333333333333 0.062037037037037036
2 0.47578125 0.6287037037037037 0.015104166666666667 0.07407407407407407
2 0.4859375 0.6361111111111111 0.019791666666666666 0.08888888888888889
2 0.5169270833333334 0.6319444444444444 0.019270833333333334 0.08981481481481482
3 0.5231770833333333 0.6152777777777778 0.07135416666666666 0.05462962962962963
1 0.6265625 0.6263888888888889 0.016666666666666666 0.075
3 0.6984375 0.625 0.09166666666666666 0.08888888888888889
1 0.9135416666666667 0.6893518518518519 0.051041666666666666 0.20092592592592592
