1 0.1046875 0.65 0.0125 0.05555555555555555
1 0.11328125 0.6583333333333333 0.0078125 0.040740740740740744
3 0.1375 0.6439814814814815 0.04791666666666667 0.04537037037037037
3 0.16640625 0.6407407407407407 0.034895833333333334 0.03888888888888889
3 0.20104166666666667 0.6444444444444445 0.03958333333333333 0.040740740740740744
3 0.24166666666666667 0.6518518518518519 0.03854166666666667 0.03518518518518519
3 0.24791666666666667 0.6416666666666667 0.04895833333333333 0.04814814814814815
3 0.28489583333333335 0.65 0.04895833333333333 0.05185185185185185
3 0.31328125 0.6550925925925926 0.0515625 0.062037037037037036
3 0.35078125 0.6583333333333333 0.05572916666666667 0.07407407407407407
3 0.4640625 0.7625 0.2760416666666667 0.3768518518518518
1 0.5888020833333333 0.6643518518518519 0.011979166666666667 0.04722222222222222
1 0.62265625 0.6606481481481481 0.0109375 0.05092592592592592
3 0.8880208333333334 0.7476851851851852 0.22395833333333334 0.262037037037037
