3 0.12473958333333333 0.7027777777777777 0.10989583333333333 0.1111111111111111
3 0.2526041666666667 0.6925925925925925 0.065625 0.07037037037037037
3 0.29010416666666666 0.6953703703703704 0.06145833333333333 0.07592592592592592
3 0.35546875 0.7050925925925926 0.11302083333333333 0.15648148148148147
5 0.4075520833333333 0.662962962962963 0.034895833333333334 0.053703703703703705
3 0.40546875 0.674537037037037 0.021354166666666667 0.03796296296296296
3 0.41692708333333334 0.675 0.016145833333333335 0.02962962962962963
4 0.4244791666666667 0.6666666666666666 0.01875 0.03518518518518519
4 0.4473958333333333 0.6597222222222222 0.016666666666666666 0.025
3 0.43984375 0.6888888888888889 0.04739583333333333 0.06296296296296296
3 0.5013020833333334 0.7166666666666667 0.0984375 0.15555555555555556
