2 0.09010416666666667 0.6606481481481481 0.026041666666666668 0.08425925925925926
2 0.15677083333333333 0.6541666666666667 0.03125 0.05462962962962963
2 0.24166666666666667 0.6537037037037037 0.01875 0.053703703703703705
2 0.2671875 0.6560185185185186 0.0125 0.041666666666666664
1 0.30546875 0.649537037037037 0.008854166666666666 0.03796296296296296
3 0.3390625 0.6550925925925926 0.03854166666666667 0.05277777777777778
3 0.39036458333333335 0.6550925925925926 0.0296875 0.04537037037037037
3 0.4046875 0.6555555555555556 0.028125 0.044444444444444446
3 0.4315104166666667 0.6560185185185186 0.0328125 0.049074074074074076
3 0.45390625 0.6550925925925926 0.021354166666666667 0.03425925925925926
2 0.7231770833333333 0.687962962962963 0.019270833333333334 0.053703703703703705
