3 0.04609375 0.6439814814814815 0.09010416666666667 0.10092592592592593
2 0.17890625 0.65 0.0234375 0.06851851851851852
3 0.11692708333333333 0.6259259259259259 0.0484375 0.044444444444444446
3 0.19088541666666667 0.6162037037037037 0.0421875 0.03796296296296296
3 0.3963541666666667 0.6180555555555556 0.022916666666666665 0.030555555555555555
3 0.42291666666666666 0.6189814814814815 0.022916666666666665 0.032407407407407406
3 0.4348958333333333 0.6111111111111112 0.020833333333333332 0.03888888888888889
3 0.49114583333333334 0.6435185185185185 0.0625 0.09074074074074075
3 0.5388020833333333 0.6287037037037037 0.0328125 0.05925925925925926
3 0.4708333333333333 0.625 0.029166666666666667 0.05
3 0.20859375 0.6069444444444444 0.0453125 0.049074074074074076
