4 0.17161458333333332 0.5523148148148148 0.3453125 0.17314814814814813
1 0.27760416666666665 0.5995370370370371 0.01875 0.08796296296296297
3 0.3546875 0.6069444444444444 0.04479166666666667 0.041666666666666664
3 0.42083333333333334 0.6092592592592593 0.12395833333333334 0.07777777777777778
4 0.4432291666666667 0.5856481481481481 0.05520833333333333 0.09537037037037037
2 0.4122395833333333 0.6328703703703704 0.09322916666666667 0.16018518518518518
3 0.48541666666666666 0.6055555555555555 0.0375 0.040740740740740744
3 0.5091145833333334 0.6046296296296296 0.025520833333333333 0.03333333333333333
3 0.5208333333333334 0.6013888888888889 0.019791666666666666 0.030555555555555555
3 0.5315104166666667 0.5986111111111111 0.0171875 0.026851851851851852
3 0.54921875 0.5990740740740741 0.019270833333333334 0.025925925925925925
3 0.6177083333333333 0.6032407407407407 0.017708333333333333 0.025
2 0.6317708333333333 0.6013888888888889 0.007291666666666667 0.030555555555555555
3 0.7369791666666666 0.6050925925925926 0.13125 0.08611111111111111
2 0.74609375 0.6685185185185185 0.07760416666666667 0.20925925925925926
2 0.8513020833333333 0.6712962962962963 0.08385416666666666 0.2388888888888889
2 0.91875 0.6620370370370371 0.06145833333333333 0.2722222222222222
3 0.9640625 0.6171296296296296 0.071875 0.075
