3 0.029427083333333333 0.6842592592592592 0.058854166666666666 0.2462962962962963
3 0.055989583333333336 0.6305555555555555 0.1109375 0.17037037037037037
1 0.15859375 0.6083333333333333 0.0171875 0.09259259259259259
2 0.23307291666666666 0.612037037037037 0.0265625 0.07037037037037037
1 0.240625 0.6185185185185185 0.01875 0.09259259259259259
3 0.34140625 0.6365740740740741 0.09010416666666667 0.10462962962962963
3 0.39817708333333335 0.6189814814814815 0.0390625 0.049074074074074076
3 0.4127604166666667 0.6185185185185185 0.03177083333333333 0.044444444444444446
3 0.46640625 0.6407407407407407 0.0828125 0.13333333333333333
3 0.5041666666666667 0.6337962962962963 0.0375 0.06574074074074074
3 0.528125 0.6263888888888889 0.023958333333333335 0.032407407407407406
2 0.5604166666666667 0.6398148148148148 0.034375 0.07962962962962963
2 0.7682291666666666 0.6810185185185185 0.05625 0.11388888888888889
1 0.9161458333333333 0.6861111111111111 0.027083333333333334 0.1388888888888889
2 0.9505208333333334 0.674074074074074 0.03333333333333333 0.14444444444444443
1 0.9697916666666667 0.6921296296296297 0.027083333333333334 0.14907407407407408
1 0.9901041666666667 0.6828703703703703 0.019791666666666666 0.13425925925925927
1 0.8729166666666667 0.6421296296296296 0.019791666666666666 0.10833333333333334
4 0.5713541666666667 0.6134259259259259 0.03333333333333333 0.06388888888888888
