2 0.9747395833333333 0.7342592592592593 0.03802083333333333 0.09259259259259259
3 0.8684895833333334 0.7180555555555556 0.1046875 0.0712962962962963
4 0.6494791666666667 0.6541666666666667 0.309375 0.20277777777777778
1 0.5356770833333333 0.7666666666666667 0.0546875 0.32037037037037036
1 0.51484375 0.7675925925925926 0.09739583333333333 0.29444444444444445
3 0.46458333333333335 0.712037037037037 0.075 0.04814814814814815
3 0.434375 0.7101851851851851 0.036458333333333336 0.037037037037037035
1 0.39895833333333336 0.7046296296296296 0.011458333333333333 0.06296296296296296
1 0.39166666666666666 0.7032407407407407 0.0125 0.062037037037037036
2 0.015625 0.6921296296296297 0.030208333333333334 0.07685185185185185
