2 0.016145833333333335 0.6356481481481482 0.025 0.03611111111111111
3 0.5528645833333333 0.674537037037037 0.0453125 0.04722222222222222
3 0.6231770833333333 0.6833333333333333 0.04635416666666667 0.05925925925925926
3 0.6640625 0.6888888888888889 0.0625 0.07407407407407407
3 0.7166666666666667 0.6953703703703704 0.08958333333333333 0.09259259259259259
3 0.7903645833333334 0.6796296296296296 0.09427083333333333 0.09814814814814815
3 0.8848958333333333 0.6736111111111112 0.07916666666666666 0.062037037037037036
3 0.8997395833333334 0.6763888888888889 0.0796875 0.062037037037037036
3 0.9671875 0.6773148148148148 0.065625 0.07314814814814814
3 0.9588541666666667 0.7245370370370371 0.08333333333333333 0.18055555555555555
1 0.91640625 0.7509259259259259 0.0671875 0.31666666666666665
