2 0.20520833333333333 0.6810185185185185 0.019791666666666666 0.07314814814814814
2 0.24739583333333334 0.6699074074074074 0.011458333333333333 0.05277777777777778
2 0.29791666666666666 0.6685185185185185 0.0125 0.04259259259259259
2 0.3294270833333333 0.6717592592592593 0.009895833333333333 0.028703703703703703
3 0.3875 0.6685185185185185 0.041666666666666664 0.05925925925925926
5 0.43046875 0.6865740740740741 0.016145833333333335 0.032407407407407406
2 0.48463541666666665 0.6689814814814815 0.0067708333333333336 0.025
1 0.5380208333333333 0.6550925925925926 0.008333333333333333 0.03796296296296296
1 0.5572916666666666 0.6564814814814814 0.008333333333333333 0.04814814814814815
1 0.79609375 0.6583333333333333 0.0203125 0.11851851851851852
3 0.8895833333333333 0.7935185185185185 0.21979166666666666 0.4148148148148148
