3 0.06875 0.7041666666666667 0.1375 0.4083333333333333
4 0.4348958333333333 0.6375 0.03125 0.05092592592592592
3 0.4666666666666667 0.6398148148148148 0.015625 0.024074074074074074
3 0.49921875 0.6402777777777777 0.013020833333333334 0.019444444444444445
3 0.5197916666666667 0.6444444444444445 0.019791666666666666 0.02962962962962963
1 0.6692708333333334 0.6472222222222223 0.011458333333333333 0.06296296296296296
2 0.7197916666666667 0.6583333333333333 0.027083333333333334 0.10185185185185185
2 0.8111979166666666 0.6583333333333333 0.027604166666666666 0.08518518518518518
3 0.88828125 0.6578703703703703 0.09635416666666667 0.08055555555555556
3 0.9669270833333333 0.6523148148148148 0.06614583333333333 0.0712962962962963
3 0.7364583333333333 0.65 0.05625 0.05185185185185185
