3 0.05911458333333333 0.687037037037037 0.11822916666666666 0.14814814814814814
1 0.0953125 0.6564814814814814 0.027083333333333334 0.1425925925925926
1 0.04192708333333333 0.6546296296296297 0.024479166666666666 0.1259259259259259
3 0.38385416666666666 0.6393518518518518 0.090625 0.12314814814814815
3 0.42578125 0.6574074074074074 0.04114583333333333 0.06851851851851852
3 0.47421875 0.6472222222222223 0.034895833333333334 0.03333333333333333
3 0.5033854166666667 0.6513888888888889 0.033854166666666664 0.032407407407407406
3 0.52890625 0.6537037037037037 0.033854166666666664 0.03518518518518519
3 0.5541666666666667 0.6555555555555556 0.030208333333333334 0.040740740740740744
3 0.584375 0.6564814814814814 0.03333333333333333 0.04814814814814815
3 0.6140625 0.6648148148148149 0.05520833333333333 0.07962962962962963
3 0.9138020833333333 0.7199074074074074 0.17135416666666667 0.19537037037037036
3 0.7986979166666667 0.6810185185185185 0.08385416666666666 0.09351851851851851
3 0.7463541666666667 0.6694444444444444 0.057291666666666664 0.06851851851851852
