2 0.022135416666666668 0.6541666666666667 0.03177083333333333 0.06574074074074074
2 0.034375 0.6523148148148148 0.030208333333333334 0.0787037037037037
3 0.21302083333333333 0.6532407407407408 0.16666666666666666 0.08796296296296297
1 0.2604166666666667 0.6361111111111111 0.009375 0.03518518518518519
3 0.42578125 0.6476851851851851 0.08697916666666666 0.06759259259259259
3 0.4471354166666667 0.6314814814814815 0.0203125 0.037037037037037035
3 0.46901041666666665 0.6342592592592593 0.028645833333333332 0.018518518518518517
4 0.4640625 0.6268518518518519 0.013541666666666667 0.02962962962962963
3 0.50625 0.6430555555555556 0.04375 0.05277777777777778
3 0.5252604166666667 0.6356481481481482 0.022395833333333334 0.04351851851851852
4 0.52734375 0.624537037037037 0.0265625 0.05277777777777778
3 0.54296875 0.638425925925926 0.0171875 0.019444444444444445
4 0.65234375 0.625 0.0578125 0.05740740740740741
2 0.58203125 0.6435185185185185 0.008854166666666666 0.03148148148148148
1 0.5734375 0.6430555555555556 0.00625 0.023148148148148147
1 0.725 0.6458333333333334 0.009375 0.03796296296296296
