1 0.0578125 0.6412037037037037 0.014583333333333334 0.0787037037037037
3 0.0671875 0.6351851851851852 0.09270833333333334 0.053703703703703705
2 0.16796875 0.6555555555555556 0.027604166666666666 0.07962962962962963
3 0.23463541666666668 0.6421296296296296 0.0328125 0.032407407407407406
3 0.25807291666666665 0.6412037037037037 0.0265625 0.03425925925925926
3 0.2825520833333333 0.6421296296296296 0.03697916666666667 0.032407407407407406
3 0.459375 0.6578703703703703 0.03229166666666667 0.058333333333333334
3 0.47578125 0.663425925925926 0.0265625 0.041666666666666664
3 0.48854166666666665 0.6578703703703703 0.01875 0.03425925925925926
3 0.5177083333333333 0.6615740740740741 0.03125 0.049074074074074076
