3 0.042708333333333334 0.6842592592592592 0.084375 0.29259259259259257
3 0.25494791666666666 0.6143518518518518 0.022395833333333334 0.03425925925925926
3 0.23619791666666667 0.6171296296296296 0.030729166666666665 0.03981481481481482
3 0.27708333333333335 0.612037037037037 0.0125 0.018518518518518517
3 0.32369791666666664 0.6148148148148148 0.011979166666666667 0.022222222222222223
3 0.3484375 0.6157407407407407 0.021875 0.03333333333333333
3 0.375 0.6259259259259259 0.03229166666666667 0.040740740740740744
1 0.4127604166666667 0.6185185185185185 0.005729166666666666 0.03333333333333333
2 0.5234375 0.6356481481481482 0.013541666666666667 0.06574074074074074
3 0.5341145833333333 0.6388888888888888 0.06927083333333334 0.05740740740740741
1 0.8161458333333333 0.6819444444444445 0.030208333333333334 0.12685185185185185
1 0.8505208333333333 0.6861111111111111 0.023958333333333335 0.11851851851851852
