2 0.20651041666666667 0.6754629629629629 0.4119791666666667 0.649074074074074
3 0.440625 0.7101851851851851 0.21041666666666667 0.28888888888888886
1 0.9083333333333333 0.6560185185185186 0.021875 0.11574074074074074
2 0.79140625 0.6759259259259259 0.04739583333333333 0.18518518518518517
1 0.7283854166666667 0.6569444444444444 0.025520833333333333 0.11574074074074074
1 0.6942708333333333 0.6574074074074074 0.017708333333333333 0.10555555555555556
1 0.6671875 0.6537037037037037 0.023958333333333335 0.10555555555555556
2 0.6046875 0.6615740740740741 0.035416666666666666 0.1824074074074074
2 0.5736979166666667 0.649537037037037 0.030729166666666665 0.1287037037037037
2 0.54453125 0.6425925925925926 0.018229166666666668 0.09074074074074075
