1 0.7151041666666667 0.6518518518518519 0.014583333333333334 0.06666666666666667
2 0.6721354166666667 0.662962962962963 0.022395833333333334 0.08703703703703704
2 0.646875 0.6601851851851852 0.016666666666666666 0.07407407407407407
2 0.5752604166666667 0.6416666666666667 0.0109375 0.05
2 0.49895833333333334 0.6481481481481481 0.009375 0.03888888888888889
2 0.4856770833333333 0.6453703703703704 0.0078125 0.03333333333333333
2 0.47994791666666664 0.6435185185185185 0.0078125 0.027777777777777776
3 0.44635416666666666 0.6638888888888889 0.059375 0.08518518518518518
3 0.42604166666666665 0.6435185185185185 0.03125 0.06111111111111111
3 0.40677083333333336 0.6453703703703704 0.019791666666666666 0.03148148148148148
4 0.35208333333333336 0.6092592592592593 0.0875 0.16296296296296298
3 0.2955729166666667 0.6694444444444444 0.0984375 0.11296296296296296
3 0.2635416666666667 0.6532407407407408 0.06875 0.08055555555555556
3 0.22864583333333333 0.6523148148148148 0.041666666666666664 0.05648148148148148
3 0.16197916666666667 0.6541666666666667 0.11458333333333333 0.13240740740740742
3 0.05911458333333333 0.6828703703703703 0.11822916666666666 0.16944444444444445
