1 0.79609375 0.6509259259259259 0.019270833333333334 0.10925925925925926
2 0.6153645833333333 0.6444444444444445 0.0140625 0.053703703703703705
3 0.42473958333333334 0.6856481481481481 0.09322916666666667 0.1361111111111111
3 0.38697916666666665 0.6365740740740741 0.011458333333333333 0.017592592592592594
3 0.37421875 0.638425925925926 0.018229166666666668 0.026851851851851852
3 0.3609375 0.6412037037037037 0.022916666666666665 0.03796296296296296
3 0.3515625 0.6458333333333334 0.03125 0.04722222222222222
3 0.3328125 0.6486111111111111 0.04375 0.06388888888888888
3 0.2747395833333333 0.6671296296296296 0.0703125 0.09166666666666666
5 0.23255208333333333 0.6212962962962963 0.10260416666666666 0.12962962962962962
3 0.19765625 0.6787037037037037 0.1234375 0.1574074074074074
2 0.15208333333333332 0.6532407407407408 0.016666666666666666 0.04537037037037037
3 0.03203125 0.6532407407407408 0.0640625 0.05648148148148148
3 0.025260416666666667 0.6986111111111111 0.050520833333333334 0.1527777777777778
