3 0.3765625 0.6430555555555556 0.023958333333333335 0.03796296296296296
3 0.4278645833333333 0.6407407407407407 0.016145833333333335 0.022222222222222223
5 0.4388020833333333 0.6296296296296297 0.022395833333333334 0.020370370370370372
5 0.46796875 0.6287037037037037 0.03697916666666667 0.08703703703703704
2 0.4934895833333333 0.6449074074074074 0.0078125 0.026851851851851852
1 0.5260416666666666 0.6518518518518519 0.010416666666666666 0.046296296296296294
2 0.5072916666666667 0.6467592592592593 0.010416666666666666 0.03981481481481482
3 0.946875 0.7967592592592593 0.10625 0.2675925925925926
3 0.7317708333333334 0.6921296296296297 0.15208333333333332 0.18796296296296297
3 0.6611979166666667 0.6791666666666667 0.08697916666666666 0.12314814814814815
3 0.6270833333333333 0.674537037037037 0.06041666666666667 0.08425925925925926
3 0.5794270833333334 0.6638888888888889 0.043229166666666666 0.05555555555555555
3 0.56328125 0.6601851851851852 0.0265625 0.04814814814814815
3 0.5494791666666666 0.6518518518518519 0.035416666666666666 0.04814814814814815
