2 0.7208333333333333 0.6601851851851852 0.014583333333333334 0.07407407407407407
1 0.66875 0.6694444444444444 0.015625 0.07962962962962963
1 0.6346354166666667 0.6518518518518519 0.0078125 0.03518518518518519
1 0.6283854166666667 0.6509259259259259 0.008854166666666666 0.03333333333333333
1 0.6166666666666667 0.6486111111111111 0.010416666666666666 0.03611111111111111
3 0.5723958333333333 0.6837962962962963 0.08541666666666667 0.10648148148148148
5 0.5528645833333333 0.638425925925926 0.043229166666666666 0.09351851851851851
5 0.4981770833333333 0.6342592592592593 0.034895833333333334 0.05555555555555555
3 0.47578125 0.6527777777777778 0.04114583333333333 0.06851851851851852
5 0.42578125 0.6337962962962963 0.019270833333333334 0.03796296296296296
3 0.3260416666666667 0.6592592592592592 0.04895833333333333 0.053703703703703705
3 0.27890625 0.6652777777777777 0.0703125 0.0712962962962963
1 0.1796875 0.6611111111111111 0.017708333333333333 0.07962962962962963
1 0.16848958333333333 0.662962962962963 0.011979166666666667 0.07962962962962963
1 0.10989583333333333 0.6328703703703704 0.009375 0.05648148148148148
2 0.10598958333333333 0.663425925925926 0.0421875 0.07685185185185185
1 0.09114583333333333 0.6476851851851851 0.008333333333333333 0.041666666666666664
1 0.08177083333333333 0.6361111111111111 0.011458333333333333 0.05555555555555555
3 0.0390625 0.6555555555555556 0.07708333333333334 0.1259259259259259
