2 0.96484375 0.6976851851851852 0.04635416666666667 0.09537037037037037
3 0.7778645833333333 0.7148148148148148 0.22552083333333334 0.2462962962962963
3 0.10963541666666667 0.6902777777777778 0.17447916666666666 0.18611111111111112
3 0.20260416666666667 0.6736111111111112 0.09895833333333333 0.12129629629629629
5 0.25755208333333335 0.6157407407407407 0.11927083333333334 0.18518518518518517
3 0.3424479166666667 0.6717592592592593 0.10677083333333333 0.1787037037037037
4 0.36041666666666666 0.6222222222222222 0.08645833333333333 0.20185185185185187
3 0.4393229166666667 0.6375 0.015104166666666667 0.019444444444444445
3 0.4109375 0.638425925925926 0.013541666666666667 0.023148148148148147
3 0.5325520833333334 0.6550925925925926 0.0546875 0.08611111111111111
