2 0.084375 0.5837962962962963 0.015625 0.05648148148148148
3 0.4075520833333333 0.5953703703703703 0.019270833333333334 0.027777777777777776
3 0.46822916666666664 0.6 0.013541666666666667 0.024074074074074074
5 0.5138020833333333 0.5902777777777778 0.0796875 0.15462962962962962
2 0.57109375 0.6125 0.008854166666666666 0.030555555555555555
2 0.5854166666666667 0.6143518518518518 0.009375 0.03981481481481482
2 0.6020833333333333 0.6208333333333333 0.010416666666666666 0.041666666666666664
2 0.6234375 0.6282407407407408 0.014583333333333334 0.04537037037037037
1 0.7864583333333334 0.6546296296296297 0.016666666666666666 0.09259259259259259
1 0.7520833333333333 0.6513888888888889 0.017708333333333333 0.08425925925925926
