3 0.075 0.7217592592592592 0.14791666666666667 0.4027777777777778
2 0.2513020833333333 0.6314814814814815 0.025520833333333333 0.09074074074074075
3 0.24166666666666667 0.6333333333333333 0.058333333333333334 0.05925925925925926
3 0.3033854166666667 0.625462962962963 0.0390625 0.05092592592592592
3 0.3846354166666667 0.6259259259259259 0.0359375 0.05555555555555555
3 0.35546875 0.6166666666666667 0.018229166666666668 0.025925925925925925
3 0.40182291666666664 0.6203703703703703 0.0265625 0.040740740740740744
5 0.40859375 0.6 0.03177083333333333 0.05555555555555555
3 0.44635416666666666 0.6152777777777778 0.016666666666666666 0.030555555555555555
3 0.51015625 0.6236111111111111 0.025520833333333333 0.032407407407407406
3 0.55078125 0.6314814814814815 0.0421875 0.05740740740740741
3 0.5924479166666666 0.6425925925925926 0.0640625 0.08333333333333333
3 0.67734375 0.6657407407407407 0.12447916666666667 0.12962962962962962
