3 0.14869791666666668 0.674074074074074 0.0765625 0.05740740740740741
2 0.20651041666666667 0.6782407407407407 0.016145833333333335 0.049074074074074076
3 0.3125 0.6921296296296297 0.05 0.04351851851851852
3 0.35546875 0.6921296296296297 0.0328125 0.04537037037037037
3 0.37135416666666665 0.6916666666666667 0.022916666666666665 0.040740740740740744
2 0.39010416666666664 0.6888888888888889 0.022916666666666665 0.05740740740740741
5 0.39505208333333336 0.6810185185185185 0.03177083333333333 0.05277777777777778
3 0.42239583333333336 0.6962962962962963 0.023958333333333335 0.037037037037037035
3 0.4359375 0.6916666666666667 0.020833333333333332 0.037037037037037035
3 0.44453125 0.6925925925925925 0.0140625 0.02962962962962963
5 0.4505208333333333 0.6865740740740741 0.019791666666666666 0.03611111111111111
3 0.46484375 0.6902777777777778 0.013020833333333334 0.023148148148148147
1 0.4765625 0.6981481481481482 0.007291666666666667 0.046296296296296294
1 0.48072916666666665 0.6995370370370371 0.008333333333333333 0.04722222222222222
3 0.49505208333333334 0.6944444444444444 0.0140625 0.020370370370370372
3 0.51328125 0.6953703703703704 0.015104166666666667 0.022222222222222223
3 0.69609375 0.7143518518518519 0.11302083333333333 0.07314814814814814
2 0.8083333333333333 0.7189814814814814 0.036458333333333336 0.06388888888888888
