1 0.0067708333333333336 0.700925925925926 0.007291666666666667 0.044444444444444446
1 0.022916666666666665 0.7092592592592593 0.011458333333333333 0.046296296296296294
2 0.06588541666666667 0.7106481481481481 0.022395833333333334 0.04537037037037037
3 0.10885416666666667 0.725462962962963 0.11145833333333334 0.11388888888888889
2 0.17083333333333334 0.7171296296296297 0.015625 0.04722222222222222
2 0.20078125 0.7203703703703703 0.0140625 0.040740740740740744
2 0.20755208333333333 0.7194444444444444 0.016145833333333335 0.044444444444444446
1 0.2328125 0.7138888888888889 0.007291666666666667 0.037037037037037035
1 0.25286458333333334 0.711574074074074 0.0067708333333333336 0.028703703703703703
3 0.26848958333333334 0.7245370370370371 0.0390625 0.04537037037037037
3 0.29270833333333335 0.7240740740740741 0.029166666666666667 0.037037037037037035
3 0.3229166666666667 0.7245370370370371 0.03125 0.041666666666666664
3 0.35598958333333336 0.7356481481481482 0.06614583333333333 0.08796296296296297
5 0.3880208333333333 0.700925925925926 0.03958333333333333 0.08148148148148149
3 0.40703125 0.7245370370370371 0.0171875 0.026851851851851852
3 0.4200520833333333 0.7231481481481481 0.0109375 0.018518518518518517
3 0.43333333333333335 0.7245370370370371 0.01875 0.03425925925925926
3 0.4440104166666667 0.7166666666666667 0.0265625 0.03333333333333333
3 0.44583333333333336 0.7222222222222222 0.0125 0.018518518518518517
5 0.46979166666666666 0.7060185185185185 0.04583333333333333 0.09722222222222222
2 0.5205729166666667 0.7282407407407407 0.008854166666666666 0.028703703703703703
2 0.5098958333333333 0.725 0.008333333333333333 0.02962962962962963
1 0.60078125 0.7222222222222222 0.0078125 0.03333333333333333
1 0.6653645833333334 0.725925925925926 0.009895833333333333 0.04814814814814815
1 0.6947916666666667 0.7268518518518519 0.011458333333333333 0.046296296296296294
1 0.7192708333333333 0.7287037037037037 0.0125 0.04814814814814815
2 0.77265625 0.736574074074074 0.022395833333333334 0.06759259259259259
2 0.821875 0.7444444444444445 0.05 0.09259259259259259
2 0.8078125 0.7375 0.040625 0.08055555555555556
2 0.7877604166666666 0.7268518518518519 0.0203125 0.046296296296296294
