2 0.25833333333333336 0.6805555555555556 0.171875 0.3
2 0.16848958333333333 0.6407407407407407 0.05260416666666667 0.16111111111111112
1 0.12760416666666666 0.6106481481481482 0.008333333333333333 0.04537037037037037
3 0.425 0.6083333333333333 0.058333333333333334 0.05555555555555555
3 0.47942708333333334 0.6055555555555555 0.0359375 0.04259259259259259
2 0.5153645833333333 0.6078703703703704 0.018229166666666668 0.05277777777777778
2 0.6828125 0.6282407407407408 0.078125 0.15462962962962962
1 0.8041666666666667 0.6444444444444445 0.08229166666666667 0.24074074074074073
3 0.8317708333333333 0.612037037037037 0.13125 0.07777777777777778
3 0.95703125 0.6013888888888889 0.08697916666666666 0.06759259259259259
5 0.91015625 0.5643518518518519 0.17864583333333334 0.11944444444444445
