1 0.017447916666666667 0.6263888888888889 0.0359375 0.2101851851851852
1 0.121875 0.6185185185185185 0.075 0.24444444444444444
1 0.22526041666666666 0.6208333333333333 0.034895833333333334 0.20092592592592592
1 0.21822916666666667 0.6180555555555556 0.030208333333333334 0.18796296296296297
2 0.2877604166666667 0.5953703703703703 0.0140625 0.053703703703703705
2 0.325 0.5995370370370371 0.016666666666666666 0.05648148148148148
2 0.4205729166666667 0.6092592592592593 0.019270833333333334 0.07592592592592592
2 0.44375 0.6027777777777777 0.011458333333333333 0.05
1 0.47421875 0.612037037037037 0.019270833333333334 0.1
4 0.5018229166666667 0.6037037037037037 0.04635416666666667 0.09444444444444444
3 0.5216145833333333 0.6375 0.08385416666666666 0.12314814814814815
3 0.5684895833333333 0.6694444444444444 0.1390625 0.19814814814814816
4 0.8059895833333334 0.6967592592592593 0.3880208333333333 0.6027777777777777
