2 0.027864583333333335 0.6101851851851852 0.043229166666666666 0.07407407407407407
2 0.13385416666666666 0.6185185185185185 0.017708333333333333 0.07592592592592592
1 0.15885416666666666 0.6162037037037037 0.015625 0.08796296296296297
3 0.2171875 0.6578703703703703 0.153125 0.16944444444444445
2 0.3065104166666667 0.6185185185185185 0.015104166666666667 0.07222222222222222
3 0.3606770833333333 0.6092592592592593 0.03697916666666667 0.05740740740740741
3 0.4315104166666667 0.6430555555555556 0.12447916666666667 0.19907407407407407
2 0.59375 0.624537037037037 0.023958333333333335 0.09351851851851851
2 0.6119791666666666 0.6175925925925926 0.01875 0.07037037037037037
2 0.6778645833333333 0.6310185185185185 0.022395833333333334 0.08981481481481482
3 0.7354166666666667 0.6064814814814815 0.08541666666666667 0.04814814814814815
4 0.8151041666666666 0.5981481481481481 0.08958333333333333 0.06111111111111111
