2 0.16119791666666666 0.6675925925925926 0.08802083333333334 0.1537037037037037
2 0.08125 0.6546296296296297 0.041666666666666664 0.07037037037037037
1 0.18671875 0.6509259259259259 0.013020833333333334 0.06296296296296296
1 0.16875 0.6527777777777778 0.010416666666666666 0.05925925925925926
2 0.30859375 0.662962962962963 0.09322916666666667 0.17962962962962964
3 0.5096354166666667 0.7157407407407408 0.5171875 0.5666666666666667
3 0.93671875 0.7648148148148148 0.12447916666666667 0.4185185185185185
1 0.8552083333333333 0.6893518518518519 0.07395833333333333 0.19166666666666668
5 0.90625 0.6199074074074075 0.18854166666666666 0.19907407407407407
2 0.7622395833333333 0.6611111111111111 0.034895833333333334 0.07222222222222222
2 0.7940104166666667 0.6666666666666666 0.05572916666666667 0.08518518518518518
