1 0.7700520833333333 0.6703703703703704 0.021354166666666667 0.08148148148148149
2 0.45234375 0.687962962962963 0.013020833333333334 0.044444444444444446
2 0.44114583333333335 0.6833333333333333 0.009375 0.04259259259259259
2 0.43072916666666666 0.6810185185185185 0.008333333333333333 0.032407407407407406
3 0.41848958333333336 0.6791666666666667 0.008854166666666666 0.013888888888888888
3 0.40989583333333335 0.6777777777777778 0.010416666666666666 0.016666666666666666
3 0.37942708333333336 0.6814814814814815 0.0140625 0.018518518518518517
3 0.3458333333333333 0.6842592592592592 0.036458333333333336 0.05185185185185185
3 0.30234375 0.687037037037037 0.0328125 0.040740740740740744
3 0.26328125 0.6763888888888889 0.0546875 0.07685185185185185
1 0.17005208333333333 0.6759259259259259 0.008854166666666666 0.046296296296296294
3 0.12838541666666667 0.6777777777777778 0.05364583333333333 0.05925925925925926
3 0.07083333333333333 0.6754629629629629 0.075 0.06944444444444445
3 0.02109375 0.6736111111111112 0.04010416666666667 0.08611111111111111
