2 0.08489583333333334 0.6064814814814815 0.020833333333333332 0.07407407407407407
1 0.19583333333333333 0.6189814814814815 0.009375 0.09166666666666666
3 0.3 0.6157407407407407 0.08854166666666667 0.13333333333333333
3 0.36744791666666665 0.6166666666666667 0.0390625 0.05555555555555555
4 0.39166666666666666 0.5935185185185186 0.036458333333333336 0.06851851851851852
3 0.41328125 0.6078703703703704 0.0171875 0.026851851851851852
3 0.42682291666666666 0.6 0.0109375 0.018518518518518517
3 0.46510416666666665 0.6046296296296296 0.027083333333333334 0.018518518518518517
3 0.5130208333333334 0.6157407407407407 0.041666666666666664 0.044444444444444446
1 0.8127604166666667 0.6064814814814815 0.0203125 0.10925925925925926
