4 0.08984375 0.6615740740740741 0.1796875 0.24351851851851852
4 0.25026041666666665 0.5935185185185186 0.10052083333333334 0.29074074074074074
3 0.40625 0.6583333333333333 0.22708333333333333 0.362962962962963
2 0.54765625 0.6351851851851852 0.008854166666666666 0.040740740740740744
1 0.6216145833333333 0.6324074074074074 0.0203125 0.11481481481481481
3 0.6958333333333333 0.6310185185185185 0.04375 0.05092592592592592
3 0.8796875 0.624537037037037 0.11354166666666667 0.08425925925925926
3 0.9736979166666667 0.6236111111111111 0.05260416666666667 0.11388888888888889
3 0.9114583333333334 0.6263888888888889 0.11770833333333333 0.08611111111111111
3 0.5333333333333333 0.6296296296296297 0.011458333333333333 0.016666666666666666
