1 0.0078125 0.6759259259259259 0.016666666666666666 0.1111111111111111
1 0.059895833333333336 0.6754629629629629 0.016666666666666666 0.11203703703703703
1 0.11953125 0.6648148148148149 0.0109375 0.07222222222222222
2 0.34713541666666664 0.6763888888888889 0.0109375 0.06018518518518518
2 0.37265625 0.6717592592592593 0.011979166666666667 0.05092592592592592
2 0.3927083333333333 0.674074074074074 0.015625 0.05185185185185185
3 0.478125 0.6925925925925925 0.06770833333333333 0.1037037037037037
4 0.48385416666666664 0.6407407407407407 0.03333333333333333 0.07962962962962963
2 0.5390625 0.6666666666666666 0.010416666666666666 0.04259259259259259
2 0.6057291666666667 0.6731481481481482 0.016666666666666666 0.09074074074074075
2 0.6138020833333333 0.6865740740740741 0.016145833333333335 0.09537037037037037
1 0.7065104166666667 0.6486111111111111 0.008854166666666666 0.05092592592592592
3 0.70703125 0.649074074074074 0.07864583333333333 0.046296296296296294
1 0.8484375 0.6509259259259259 0.011458333333333333 0.07962962962962963
2 0.5255208333333333 0.6611111111111111 0.007291666666666667 0.03148148148148148
3 0.51953125 0.6625 0.0171875 0.026851851851851852
6 0.5802083333333333 0.6550925925925926 0.03854166666666667 0.032407407407407406
