3 0.04296875 0.6652777777777777 0.08697916666666666 0.3101851851851852
3 0.2713541666666667 0.7189814814814814 0.11458333333333333 0.16574074074074074
4 0.33958333333333335 0.7125 0.041666666666666664 0.062037037037037036
3 0.38203125 0.725462962962963 0.030729166666666665 0.04351851851851852
4 0.3890625 0.7069444444444445 0.023958333333333335 0.04537037037037037
3 0.41692708333333334 0.7300925925925926 0.0578125 0.06574074074074074
3 0.4513020833333333 0.7300925925925926 0.021354166666666667 0.03611111111111111
3 0.5059895833333333 0.725925925925926 0.0609375 0.09074074074074075
3 0.6127604166666667 0.7263888888888889 0.10052083333333334 0.15092592592592594
2 0.85703125 0.7462962962962963 0.03697916666666667 0.05740740740740741
2 0.9265625 0.7486111111111111 0.03958333333333333 0.058333333333333334
