3 0.9354166666666667 0.762962962962963 0.12916666666666668 0.17407407407407408
1 0.7296875 0.7388888888888889 0.030208333333333334 0.15925925925925927
3 0.6083333333333333 0.6791666666666667 0.04583333333333333 0.04351851851851852
1 0.5927083333333333 0.687037037037037 0.008333333333333333 0.04259259259259259
1 0.6190104166666667 0.6856481481481481 0.0078125 0.04537037037037037
3 0.4471354166666667 0.7930555555555555 0.33177083333333335 0.41388888888888886
3 0.33098958333333334 0.7236111111111111 0.1171875 0.22314814814814815
4 0.3 0.6541666666666667 0.05520833333333333 0.1175925925925926
4 0.23333333333333334 0.6657407407407407 0.057291666666666664 0.1111111111111111
3 0.21588541666666666 0.6939814814814815 0.06197916666666667 0.10833333333333334
3 0.15520833333333334 0.7097222222222223 0.12916666666666668 0.16944444444444445
3 0.07135416666666666 0.662962962962963 0.090625 0.11481481481481481
4 0.034895833333333334 0.6259259259259259 0.06979166666666667 0.15185185185185185
