1 0.030729166666666665 0.6555555555555556 0.019791666666666666 0.1
3 0.3372395833333333 0.6805555555555556 0.15364583333333334 0.14629629629629629
5 0.48203125 0.6407407407407407 0.0359375 0.05555555555555555
5 0.5028645833333333 0.6407407407407407 0.027604166666666666 0.040740740740740744
3 0.5104166666666666 0.6615740740740741 0.03229166666666667 0.04537037037037037
3 0.5364583333333334 0.6550925925925926 0.01875 0.026851851851851852
3 0.553125 0.6527777777777778 0.011458333333333333 0.020370370370370372
5 0.5296875 0.6430555555555556 0.017708333333333333 0.03611111111111111
5 0.5934895833333333 0.6486111111111111 0.0140625 0.026851851851851852
3 0.6013020833333333 0.6564814814814814 0.018229166666666668 0.025925925925925925
3 0.6276041666666666 0.6620370370370371 0.03125 0.05740740740740741
3 0.6924479166666667 0.6888888888888889 0.10260416666666666 0.12407407407407407
2 0.7921875 0.6777777777777778 0.019791666666666666 0.05740740740740741
3 0.8317708333333333 0.6685185185185185 0.035416666666666666 0.03518518518518519
3 0.9028645833333333 0.6717592592592593 0.028645833333333332 0.04351851851851852
3 0.9255208333333333 0.6689814814814815 0.0375 0.05277777777777778
3 0.9736979166666667 0.6712962962962963 0.049479166666666664 0.07037037037037037
1 0.9841145833333333 0.6944444444444444 0.03177083333333333 0.12407407407407407
