4 0.20104166666666667 0.5740740740740741 0.04479166666666667 0.053703703703703705
4 0.3385416666666667 0.5740740740740741 0.022916666666666665 0.03333333333333333
4 0.37526041666666665 0.5745370370370371 0.015104166666666667 0.019444444444444445
4 0.39088541666666665 0.5768518518518518 0.011979166666666667 0.018518518518518517
4 0.4713541666666667 0.5800925925925926 0.013541666666666667 0.032407407407407406
3 0.4830729166666667 0.5898148148148148 0.011979166666666667 0.02962962962962963
4 0.4513020833333333 0.5861111111111111 0.0265625 0.05925925925925926
3 0.43072916666666666 0.5930555555555556 0.011458333333333333 0.017592592592592594
3 0.4 0.5958333333333333 0.016666666666666666 0.021296296296296296
3 0.3528645833333333 0.6037037037037037 0.027604166666666666 0.03333333333333333
3 0.28671875 0.625462962962963 0.0609375 0.08425925925925926
