1 0.9541666666666667 0.7592592592592593 0.08854166666666667 0.4777777777777778
3 0.82578125 0.7449074074074075 0.2890625 0.28425925925925927
3 0.6606770833333333 0.7129629629629629 0.13802083333333334 0.16666666666666666
2 0.59375 0.7351851851851852 0.13229166666666667 0.3648148148148148
3 0.5213541666666667 0.6930555555555555 0.06354166666666666 0.07685185185185185
3 0.49322916666666666 0.6796296296296296 0.059375 0.07407407407407407
3 0.4591145833333333 0.6782407407407407 0.04635416666666667 0.06018518518518518
3 0.4359375 0.6708333333333333 0.04479166666666667 0.058333333333333334
3 0.41171875 0.6675925925925926 0.04010416666666667 0.053703703703703705
3 0.3919270833333333 0.6546296296296297 0.0359375 0.06481481481481481
2 0.37994791666666666 0.6685185185185185 0.009895833333333333 0.04814814814814815
3 0.3731770833333333 0.6611111111111111 0.028645833333333332 0.04259259259259259
3 0.35963541666666665 0.6615740740740741 0.025520833333333333 0.03981481481481482
3 0.303125 0.6722222222222223 0.059375 0.09259259259259259
3 0.22630208333333332 0.6458333333333334 0.0109375 0.01574074074074074
3 0.21640625 0.649074074074074 0.009895833333333333 0.016666666666666666
1 0.20885416666666667 0.6717592592592593 0.015625 0.09351851851851851
