2 0.8122395833333333 0.6694444444444444 0.0484375 0.21666666666666667
4 0.7026041666666667 0.5972222222222222 0.11354166666666667 0.2222222222222222
2 0.5635416666666667 0.7212962962962963 0.08125 0.3611111111111111
3 0.6231770833333333 0.6287037037037037 0.049479166666666664 0.07777777777777778
3 0.5078125 0.6087962962962963 0.009375 0.01574074074074074
3 0.49895833333333334 0.6087962962962963 0.011458333333333333 0.01574074074074074
3 0.47734375 0.6148148148148148 0.028645833333333332 0.037037037037037035
3 0.3971354166666667 0.6180555555555556 0.034895833333333334 0.041666666666666664
2 0.37994791666666666 0.6152777777777778 0.0140625 0.06759259259259259
2 0.090625 0.6638888888888889 0.14895833333333333 0.27037037037037037
