3 0.025 0.6953703703703704 0.05 0.10925925925925926
3 0.10859375 0.6990740740740741 0.08385416666666666 0.08518518518518518
3 0.13619791666666667 0.6921296296296297 0.04739583333333333 0.06388888888888888
3 0.16901041666666666 0.6865740740740741 0.0421875 0.06574074074074074
1 0.19739583333333333 0.6842592592592592 0.013541666666666667 0.06481481481481481
3 0.20286458333333332 0.6898148148148148 0.030729166666666665 0.05
3 0.21822916666666667 0.687962962962963 0.028125 0.044444444444444446
1 0.24479166666666666 0.6800925925925926 0.008333333333333333 0.05092592592592592
3 0.234375 0.6856481481481481 0.022916666666666665 0.03981481481481482
3 0.2640625 0.6759259259259259 0.03333333333333333 0.04814814814814815
3 0.28411458333333334 0.6819444444444445 0.03697916666666667 0.04537037037037037
3 0.3328125 0.687037037037037 0.04375 0.06851851851851852
3 0.36354166666666665 0.6736111111111112 0.028125 0.041666666666666664
3 0.38723958333333336 0.6722222222222223 0.024479166666666666 0.022222222222222223
2 0.4078125 0.700462962962963 0.028125 0.10833333333333334
2 0.4231770833333333 0.6777777777777778 0.011979166666666667 0.03888888888888889
1 0.49140625 0.6717592592592593 0.027604166666666666 0.12685185185185185
1 0.5518229166666667 0.6680555555555555 0.0234375 0.125
1 0.5666666666666667 0.674537037037037 0.020833333333333332 0.10833333333333334
1 0.6541666666666667 0.674074074074074 0.027083333333333334 0.14814814814814814
1 0.5302083333333333 0.6657407407407407 0.017708333333333333 0.09814814814814815
1 0.6158854166666666 0.6861111111111111 0.024479166666666666 0.10555555555555556
1 0.6052083333333333 0.6824074074074075 0.021875 0.0962962962962963
