3 0.035416666666666666 0.6430555555555556 0.04583333333333333 0.030555555555555555
3 0.134375 0.6518518518518519 0.052083333333333336 0.03148148148148148
3 0.23151041666666666 0.6699074074074074 0.0484375 0.04351851851851852
3 0.3109375 0.6833333333333333 0.05 0.04259259259259259
4 0.4 0.6699074074074074 0.028125 0.05277777777777778
3 0.44036458333333334 0.7393518518518518 0.1203125 0.175
3 0.5114583333333333 0.700925925925926 0.041666666666666664 0.05
3 0.5333333333333333 0.7046296296296296 0.051041666666666666 0.07777777777777778
3 0.5565104166666667 0.7166666666666667 0.06197916666666667 0.08888888888888889
3 0.6 0.7222222222222222 0.09479166666666666 0.14444444444444443
3 0.6791666666666667 0.7662037037037037 0.19895833333333332 0.20462962962962963
3 0.7872395833333333 0.737037037037037 0.12239583333333333 0.15555555555555556
3 0.8919270833333334 0.7759259259259259 0.21614583333333334 0.44814814814814813
