3 0.76875 0.5949074074074074 0.06979166666666667 0.062037037037037036
3 0.6830729166666667 0.5981481481481481 0.15364583333333334 0.13148148148148148
3 0.6393229166666666 0.6037037037037037 0.09427083333333333 0.08888888888888889
1 0.52421875 0.6 0.008854166666666666 0.044444444444444446
3 0.44453125 0.600462962962963 0.013020833333333334 0.019444444444444445
3 0.43046875 0.6 0.008854166666666666 0.014814814814814815
3 0.41302083333333334 0.5995370370370371 0.009375 0.013888888888888888
3 0.40338541666666666 0.6023148148148149 0.0203125 0.019444444444444445
3 0.3765625 0.6041666666666666 0.036458333333333336 0.05277777777777778
3 0.3375 0.5962962962962963 0.023958333333333335 0.04814814814814815
3 0.32109375 0.6064814814814815 0.0265625 0.02962962962962963
3 0.29739583333333336 0.6097222222222223 0.03333333333333333 0.03425925925925926
3 0.26536458333333335 0.611574074074074 0.034895833333333334 0.03981481481481482
3 0.19739583333333333 0.6518518518518519 0.1375 0.1574074074074074
3 0.011458333333333333 0.6240740740740741 0.022916666666666665 0.1259259259259259
