3 0.89453125 0.774537037037037 0.2109375 0.18796296296296297
4 0.9614583333333333 0.7157407407407408 0.07708333333333334 0.09444444444444444
4 0.85703125 0.7171296296296297 0.08177083333333333 0.06388888888888888
4 0.7739583333333333 0.7194444444444444 0.07916666666666666 0.06666666666666667
3 0.6348958333333333 0.7430555555555556 0.1375 0.16203703703703703
3 0.5065104166666666 0.8009259259259259 0.3567708333333333 0.4
3 0.39557291666666666 0.649537037037037 0.04739583333333333 0.08796296296296297
5 0.2557291666666667 0.6523148148148148 0.08020833333333334 0.0712962962962963
5 0.09036458333333333 0.6027777777777777 0.18072916666666666 0.20185185185185187
3 0.065625 0.6842592592592592 0.13229166666666667 0.34814814814814815
2 0.31276041666666665 0.6699074074074074 0.015104166666666667 0.03611111111111111
