1 0.04505208333333333 0.6555555555555556 0.016145833333333335 0.044444444444444446
3 0.18046875 0.6930555555555555 0.14427083333333332 0.12314814814814815
3 0.09166666666666666 0.6842592592592592 0.12708333333333333 0.1259259259259259
3 0.2830729166666667 0.6685185185185185 0.05572916666666667 0.05555555555555555
3 0.35 0.6680555555555555 0.04895833333333333 0.05648148148148148
3 0.38645833333333335 0.6625 0.03229166666666667 0.03796296296296296
3 0.40130208333333334 0.6518518518518519 0.019270833333333334 0.03148148148148148
3 0.4166666666666667 0.6555555555555556 0.019791666666666666 0.027777777777777776
3 0.4283854166666667 0.6462962962962963 0.019270833333333334 0.03518518518518519
3 0.43515625 0.6421296296296296 0.018229166666666668 0.032407407407407406
2 0.48828125 0.687037037037037 0.09635416666666667 0.16296296296296298
3 0.6473958333333333 0.7078703703703704 0.11145833333333334 0.13796296296296295
1 0.76328125 0.6712962962962963 0.011979166666666667 0.06851851851851852
