3 0.08307291666666666 0.6675925925925926 0.16614583333333333 0.5092592592592593
3 0.8611979166666667 0.7694444444444445 0.2765625 0.45925925925925926
2 0.21536458333333333 0.6129629629629629 0.022395833333333334 0.10185185185185185
3 0.31223958333333335 0.6217592592592592 0.08697916666666666 0.0787037037037037
3 0.38828125 0.6305555555555555 0.0828125 0.10185185185185185
3 0.4315104166666667 0.6263888888888889 0.04010416666666667 0.0712962962962963
3 0.44583333333333336 0.6194444444444445 0.027083333333333334 0.05
5 0.4479166666666667 0.6023148148148149 0.020833333333333332 0.05462962962962963
3 0.47421875 0.6162037037037037 0.0171875 0.021296296296296296
3 0.4708333333333333 0.6074074074074074 0.017708333333333333 0.03333333333333333
3 0.5026041666666666 0.6226851851851852 0.03958333333333333 0.06018518518518518
3 0.5979166666666667 0.6444444444444445 0.11041666666666666 0.14629629629629629
