2 0.9122395833333333 0.7356481481481482 0.0484375 0.1361111111111111
3 0.58359375 0.725925925925926 0.10052083333333334 0.13148148148148148
3 0.4765625 0.6990740740740741 0.053125 0.08703703703703704
3 0.07005208333333333 0.7217592592592592 0.14010416666666667 0.175
3 0.19895833333333332 0.7314814814814815 0.17395833333333333 0.18333333333333332
3 0.30520833333333336 0.7032407407407407 0.10625 0.15648148148148147
3 0.35442708333333334 0.7078703703703704 0.06302083333333333 0.11203703703703703
3 0.38671875 0.7125 0.050520833333333334 0.08611111111111111
3 0.4234375 0.6935185185185185 0.029166666666666667 0.04814814814814815
5 0.43307291666666664 0.6787037037037037 0.027604166666666666 0.06111111111111111
