4 0.4046875 0.6555555555555556 0.03125 0.06851851851851852
3 0.42552083333333335 0.6689814814814815 0.013541666666666667 0.023148148148148147
3 0.43385416666666665 0.6662037037037037 0.011458333333333333 0.01574074074074074
4 0.4588541666666667 0.6421296296296296 0.05 0.10648148148148148
3 0.5151041666666667 0.6995370370370371 0.115625 0.2361111111111111
2 0.5888020833333333 0.6916666666666667 0.018229166666666668 0.07777777777777778
3 0.8231770833333333 0.6754629629629629 0.07447916666666667 0.09166666666666666
3 0.87578125 0.6805555555555556 0.0796875 0.08518518518518518
2 0.9138020833333333 0.7361111111111112 0.0953125 0.2037037037037037
2 0.94140625 0.7532407407407408 0.0953125 0.2675925925925926
