1 0.99296875 0.6194444444444445 0.013020833333333334 0.07592592592592592
5 0.75234375 0.5791666666666667 0.20572916666666666 0.14351851851851852
3 0.40963541666666664 0.8671296296296296 0.3015625 0.2657407407407407
3 0.026302083333333334 0.6597222222222222 0.05260416666666667 0.05277777777777778
3 0.03697916666666667 0.6837962962962963 0.07395833333333333 0.06759259259259259
3 0.10104166666666667 0.6662037037037037 0.09583333333333334 0.05462962962962963
3 0.1703125 0.6412037037037037 0.021875 0.03796296296296296
3 0.24557291666666667 0.6393518518518518 0.0203125 0.030555555555555555
3 0.06692708333333333 0.8856481481481482 0.13385416666666666 0.22870370370370371
3 0.33177083333333335 0.6226851851851852 0.016666666666666666 0.021296296296296296
3 0.34427083333333336 0.6259259259259259 0.01875 0.025925925925925925
3 0.3854166666666667 0.6347222222222222 0.06979166666666667 0.062037037037037036
3 0.4747395833333333 0.6259259259259259 0.15052083333333333 0.10925925925925926
3 0.375 0.6342592592592593 0.059375 0.05
3 0.5661458333333333 0.6180555555555556 0.04791666666666667 0.03611111111111111
3 0.3140625 0.6203703703703703 0.013541666666666667 0.020370370370370372
