1 0.040364583333333336 0.6583333333333333 0.0203125 0.07407407407407407
4 0.10677083333333333 0.6328703703703704 0.042708333333333334 0.032407407407407406
3 0.12604166666666666 0.6319444444444444 0.04791666666666667 0.021296296296296296
3 0.16979166666666667 0.6305555555555555 0.040625 0.03148148148148148
4 0.2359375 0.6157407407407407 0.0375 0.02962962962962963
1 0.22369791666666666 0.65 0.021354166666666667 0.06481481481481481
3 0.30625 0.6449074074074074 0.04791666666666667 0.05277777777777778
5 0.3411458333333333 0.6129629629629629 0.07395833333333333 0.09444444444444444
3 0.3802083333333333 0.637962962962963 0.040625 0.05185185185185185
3 0.3997395833333333 0.6282407407407408 0.0359375 0.05462962962962963
3 0.41770833333333335 0.6296296296296297 0.021875 0.03518518518518519
3 0.4283854166666667 0.6222222222222222 0.024479166666666666 0.04259259259259259
3 0.44583333333333336 0.6185185185185185 0.021875 0.037037037037037035
3 0.4578125 0.6208333333333333 0.011458333333333333 0.023148148148148147
4 0.4640625 0.6069444444444444 0.022916666666666665 0.04351851851851852
2 0.6125 0.6319444444444444 0.016666666666666666 0.062037037037037036
