2 0.15104166666666666 0.6773148148148148 0.035416666666666666 0.1287037037037037
2 0.41432291666666665 0.649537037037037 0.009895833333333333 0.03796296296296296
3 0.45729166666666665 0.6430555555555556 0.010416666666666666 0.023148148148148147
3 0.4635416666666667 0.6481481481481481 0.013541666666666667 0.022222222222222223
3 0.48072916666666665 0.6467592592592593 0.0125 0.019444444444444445
3 0.5059895833333333 0.6472222222222223 0.013020833333333334 0.020370370370370372
3 0.4973958333333333 0.6462962962962963 0.014583333333333334 0.025925925925925925
2 0.5338541666666666 0.6481481481481481 0.00625 0.027777777777777776
1 0.5497395833333333 0.6587962962962963 0.0171875 0.06759259259259259
4 0.60703125 0.6236111111111111 0.09635416666666667 0.175
2 0.8216145833333334 0.7611111111111111 0.1234375 0.3592592592592593
1 0.8677083333333333 0.6925925925925925 0.0125 0.1
1 0.8846354166666667 0.6814814814814815 0.0203125 0.10740740740740741
1 0.9442708333333333 0.7060185185185185 0.03229166666666667 0.07685185185185185
1 0.9684895833333333 0.6972222222222222 0.0234375 0.10555555555555556
