3 0.04921875 0.6393518518518518 0.0984375 0.05277777777777778
3 0.09947916666666666 0.6333333333333333 0.07916666666666666 0.06296296296296296
3 0.23307291666666666 0.637962962962963 0.07447916666666667 0.05740740740740741
3 0.29322916666666665 0.6467592592592593 0.041666666666666664 0.03981481481481482
3 0.31927083333333334 0.6532407407407408 0.015625 0.025
3 0.34739583333333335 0.6439814814814815 0.027083333333333334 0.04537037037037037
4 0.5385416666666667 0.6166666666666667 0.11458333333333333 0.10555555555555556
3 0.6627604166666666 0.6402777777777777 0.0796875 0.05277777777777778
1 0.8677083333333333 0.6444444444444445 0.011458333333333333 0.05
4 0.8921875 0.6212962962962963 0.21458333333333332 0.08703703703703704
2 0.9033854166666667 0.6476851851851851 0.04114583333333333 0.07685185185185185
6 0.9643229166666667 0.6708333333333333 0.07135416666666666 0.18796296296296297
3 0.3328125 0.6555555555555556 0.013541666666666667 0.022222222222222223
