3 0.14661458333333333 0.7037037037037037 0.1578125 0.1648148148148148
3 0.30520833333333336 0.6828703703703703 0.03125 0.049074074074074076
3 0.3328125 0.6773148148148148 0.05416666666666667 0.07314814814814814
3 0.3765625 0.675 0.030208333333333334 0.046296296296296294
3 0.39088541666666665 0.674074074074074 0.018229166666666668 0.037037037037037035
3 0.409375 0.6680555555555555 0.023958333333333335 0.03796296296296296
3 0.42552083333333335 0.6652777777777777 0.0125 0.021296296296296296
3 0.5096354166666667 0.6898148148148148 0.07864583333333333 0.13148148148148148
3 0.47708333333333336 0.6666666666666666 0.011458333333333333 0.022222222222222223
3 0.571875 0.6865740740740741 0.04583333333333333 0.058333333333333334
