1 0.9653645833333333 0.6398148148148148 0.03177083333333333 0.13518518518518519
2 0.43671875 0.6930555555555555 0.018229166666666668 0.08611111111111111
2 0.41796875 0.6847222222222222 0.0078125 0.03611111111111111
2 0.4005208333333333 0.6912037037037037 0.021875 0.07685185185185185
3 0.3640625 0.6875 0.03229166666666667 0.04537037037037037
1 0.34036458333333336 0.6828703703703703 0.0067708333333333336 0.041666666666666664
3 0.31145833333333334 0.6865740740740741 0.026041666666666668 0.03981481481481482
3 0.28046875 0.6759259259259259 0.0609375 0.07222222222222222
1 0.22526041666666666 0.6824074074074075 0.0067708333333333336 0.053703703703703705
3 0.140625 0.6787037037037037 0.052083333333333336 0.05555555555555555
3 0.08697916666666666 0.6754629629629629 0.0625 0.06574074074074074
3 0.029427083333333333 0.674074074074074 0.0578125 0.07962962962962963
2 0.013802083333333333 0.6939814814814815 0.024479166666666666 0.1398148148148148
