3 0.06666666666666667 0.6699074074074074 0.12604166666666666 0.11018518518518519
3 0.24192708333333332 0.6662037037037037 0.07552083333333333 0.0712962962962963
3 0.32395833333333335 0.6648148148148149 0.05416666666666667 0.07037037037037037
3 0.35963541666666665 0.6587962962962963 0.04739583333333333 0.06759259259259259
3 0.38958333333333334 0.6504629629629629 0.025 0.041666666666666664
4 0.4393229166666667 0.6333333333333333 0.050520833333333334 0.1
3 0.48984375 0.6712962962962963 0.044270833333333336 0.06481481481481481
2 0.6927083333333334 0.6930555555555555 0.03333333333333333 0.0824074074074074
1 0.76484375 0.6967592592592593 0.016145833333333335 0.06944444444444445
3 0.40260416666666665 0.6546296296296297 0.015625 0.025925925925925925
3 0.4125 0.6537037037037037 0.015625 0.024074074074074074
