1 0.6375 0.7342592592592593 0.10520833333333333 0.5277777777777778
1 0.5861979166666667 0.6754629629629629 0.016145833333333335 0.10092592592592593
3 0.44088541666666664 0.6662037037037037 0.030729166666666665 0.04537037037037037
1 0.43203125 0.6652777777777777 0.0109375 0.05648148148148148
3 0.39739583333333334 0.6569444444444444 0.015625 0.023148148148148147
3 0.36770833333333336 0.6541666666666667 0.015625 0.026851851851851852
3 0.3614583333333333 0.6583333333333333 0.01875 0.027777777777777776
3 0.340625 0.6597222222222222 0.021875 0.028703703703703703
5 0.33046875 0.6407407407407407 0.05260416666666667 0.037037037037037035
2 0.1453125 0.6694444444444444 0.025 0.09074074074074075
