3 0.0140625 0.5740740740740741 0.028125 0.07222222222222222
3 0.021354166666666667 0.5564814814814815 0.03229166666666667 0.06666666666666667
3 0.05755208333333333 0.5416666666666666 0.0140625 0.020370370370370372
3 0.08671875 0.5407407407407407 0.015104166666666667 0.020370370370370372
3 0.10885416666666667 0.5777777777777777 0.06041666666666667 0.08148148148148149
4 0.14609375 0.5601851851851852 0.03802083333333333 0.05925925925925926
3 0.16770833333333332 0.5837962962962963 0.046875 0.05648148148148148
3 0.6393229166666666 0.6157407407407407 0.06614583333333333 0.053703703703703705
2 0.72578125 0.637962962962963 0.0296875 0.08703703703703704
2 0.90546875 0.6671296296296296 0.05677083333333333 0.10462962962962963
