3 0.03203125 0.5671296296296297 0.025520833333333333 0.04351851851851852
3 0.1078125 0.5851851851851851 0.15208333333333332 0.07962962962962963
3 0.15703125 0.5879629629629629 0.10989583333333333 0.07407407407407407
1 0.18463541666666666 0.5972222222222222 0.0390625 0.1388888888888889
2 0.234375 0.5879629629629629 0.034375 0.06111111111111111
2 0.21536458333333333 0.5745370370370371 0.050520833333333334 0.041666666666666664
1 0.253125 0.5842592592592593 0.009375 0.046296296296296294
1 0.26328125 0.5837962962962963 0.0078125 0.03981481481481482
1 0.27109375 0.5796296296296296 0.008854166666666666 0.046296296296296294
3 0.3828125 0.5962962962962963 0.11875 0.1
3 0.4231770833333333 0.6615740740740741 0.14947916666666666 0.22314814814814815
1 0.5440104166666667 0.6222222222222222 0.0203125 0.11296296296296296
2 0.5611979166666666 0.6 0.0265625 0.05
2 0.58203125 0.6013888888888889 0.0328125 0.058333333333333334
2 0.6184895833333334 0.6129629629629629 0.05572916666666667 0.09814814814814815
3 0.6583333333333333 0.6087962962962963 0.10416666666666667 0.06388888888888888
1 0.83046875 0.625 0.0234375 0.10555555555555556
4 0.8822916666666667 0.5638888888888889 0.23229166666666667 0.15555555555555556
