2 0.2559895833333333 0.6277777777777778 0.0109375 0.04814814814814815
2 0.24583333333333332 0.6268518518518519 0.013541666666666667 0.04814814814814815
3 0.27239583333333334 0.6194444444444445 0.030208333333333334 0.022222222222222223
5 0.39140625 0.6101851851851852 0.018229166666666668 0.037037037037037035
3 0.40677083333333336 0.6208333333333333 0.013541666666666667 0.019444444444444445
3 0.47369791666666666 0.6333333333333333 0.0296875 0.046296296296296294
3 0.49583333333333335 0.6328703703703704 0.041666666666666664 0.062037037037037036
3 0.5255208333333333 0.6398148148148148 0.057291666666666664 0.09259259259259259
3 0.54375 0.6574074074074074 0.06666666666666667 0.09259259259259259
3 0.59765625 0.6731481481481482 0.11510416666666666 0.14444444444444443
3 0.740625 0.7037037037037037 0.2520833333333333 0.29814814814814816
3 0.87265625 0.7171296296296297 0.2546875 0.21944444444444444
