1 0.009375 0.6523148148148148 0.009375 0.058333333333333334
5 0.10598958333333333 0.6347222222222222 0.13697916666666668 0.1175925925925926
5 0.2 0.6296296296296297 0.075 0.08703703703703704
2 0.20026041666666666 0.6541666666666667 0.019270833333333334 0.06944444444444445
1 0.2234375 0.6472222222222223 0.014583333333333334 0.08148148148148149
5 0.2640625 0.6296296296296297 0.053125 0.06666666666666667
1 0.2734375 0.6458333333333334 0.011458333333333333 0.0712962962962963
1 0.26328125 0.6458333333333334 0.013020833333333334 0.07314814814814814
1 0.24427083333333333 0.6444444444444445 0.014583333333333334 0.08333333333333333
1 0.36171875 0.6435185185185185 0.011979166666666667 0.07592592592592592
1 0.44114583333333335 0.6449074074074074 0.015625 0.07314814814814814
2 0.45208333333333334 0.6453703703703704 0.021875 0.05925925925925926
1 0.4734375 0.6449074074074074 0.023958333333333335 0.08055555555555556
5 0.48098958333333336 0.6300925925925925 0.011979166666666667 0.019444444444444445
4 0.5065104166666666 0.6203703703703703 0.0453125 0.1037037037037037
1 0.5059895833333333 0.649537037037037 0.019270833333333334 0.07314814814814814
3 0.52578125 0.6416666666666667 0.011979166666666667 0.022222222222222223
3 0.53671875 0.6393518518518518 0.011979166666666667 0.017592592592592594
3 0.5447916666666667 0.6351851851851852 0.008333333333333333 0.011111111111111112
1 0.5528645833333333 0.6481481481481481 0.0109375 0.05185185185185185
1 0.5651041666666666 0.6523148148148148 0.013541666666666667 0.07314814814814814
3 0.5770833333333333 0.6486111111111111 0.030208333333333334 0.06018518518518518
3 0.60078125 0.6541666666666667 0.049479166666666664 0.08055555555555556
3 0.62890625 0.6611111111111111 0.0640625 0.1037037037037037
3 0.6721354166666667 0.674074074074074 0.1046875 0.14629629629629629
1 0.7416666666666667 0.6597222222222222 0.0125 0.07314814814814814
2 0.8083333333333333 0.6861111111111111 0.035416666666666666 0.12407407407407407
1 0.7869791666666667 0.7078703703703704 0.04895833333333333 0.24722222222222223
1 0.9807291666666667 0.7407407407407407 0.03854166666666667 0.31666666666666665
