3 0.0796875 0.7041666666666667 0.15833333333333333 0.22314814814814815
3 0.7143229166666667 0.6851851851851852 0.14322916666666666 0.17037037037037037
3 0.62109375 0.675 0.05260416666666667 0.06851851851851852
3 0.6044270833333333 0.6689814814814815 0.04114583333333333 0.06018518518518518
3 0.5700520833333333 0.6625 0.034895833333333334 0.04722222222222222
3 0.5557291666666667 0.6574074074074074 0.026041666666666668 0.03333333333333333
6 0.5192708333333333 0.6662037037037037 0.03229166666666667 0.09537037037037037
1 0.44817708333333334 0.6513888888888889 0.009895833333333333 0.05277777777777778
2 0.4700520833333333 0.6462962962962963 0.005729166666666666 0.020370370370370372
3 0.49244791666666665 0.6449074074074074 0.0109375 0.013888888888888888
1 0.43645833333333334 0.6393518518518518 0.003125 0.017592592592592594
