5 0.03333333333333333 0.5518518518518518 0.06666666666666667 0.32222222222222224
3 0.215625 0.6319444444444444 0.075 0.0787037037037037
3 0.2630208333333333 0.6203703703703703 0.03958333333333333 0.05185185185185185
3 0.30859375 0.6319444444444444 0.0546875 0.075
3 0.34921875 0.6236111111111111 0.033854166666666664 0.058333333333333334
3 0.37552083333333336 0.6199074074074075 0.028125 0.03981481481481482
4 0.3854166666666667 0.5944444444444444 0.03333333333333333 0.06851851851851852
3 0.42994791666666665 0.6180555555555556 0.013020833333333334 0.019444444444444445
3 0.40390625 0.6111111111111112 0.011979166666666667 0.024074074074074074
3 0.4244791666666667 0.6106481481481482 0.0125 0.01574074074074074
5 0.43828125 0.6092592592592593 0.0140625 0.02962962962962963
3 0.528125 0.6412037037037037 0.07083333333333333 0.09722222222222222
4 0.50546875 0.5893518518518519 0.0515625 0.11574074074074074
2 0.7013020833333333 0.6550925925925926 0.019270833333333334 0.075
