3 0.09973958333333334 0.7300925925925926 0.14427083333333332 0.1287037037037037
3 0.18802083333333333 0.7347222222222223 0.06875 0.0787037037037037
3 0.27317708333333335 0.7583333333333333 0.12552083333333333 0.13333333333333333
3 0.33307291666666666 0.7388888888888889 0.0671875 0.1111111111111111
3 0.3828125 0.7439814814814815 0.05 0.0787037037037037
3 0.5174479166666667 0.7754629629629629 0.10260416666666666 0.1527777777777778
5 0.5734375 0.7189814814814814 0.030208333333333334 0.06759259259259259
5 0.6677083333333333 0.7175925925925926 0.0875 0.13333333333333333
2 0.7276041666666667 0.75 0.014583333333333334 0.05
2 0.7627604166666667 0.7518518518518519 0.013020833333333334 0.053703703703703705
2 0.82734375 0.7546296296296297 0.013020833333333334 0.07592592592592592
2 0.8861979166666667 0.7578703703703704 0.0203125 0.08796296296296297
