3 0.07265625 0.6550925925925926 0.1453125 0.11018518518518519
3 0.22604166666666667 0.6995370370370371 0.16979166666666667 0.16944444444444445
3 0.44817708333333334 0.6638888888888889 0.1703125 0.11851851851851852
3 0.6252604166666667 0.662962962962963 0.0453125 0.05
1 0.6494791666666667 0.6648148148148149 0.010416666666666666 0.044444444444444446
3 0.7161458333333334 0.6597222222222222 0.13125 0.08796296296296297
3 0.7859375 0.6810185185185185 0.17604166666666668 0.10833333333333334
2 0.7544270833333333 0.6824074074074075 0.0921875 0.16666666666666666
2 0.928125 0.7555555555555555 0.134375 0.3388888888888889
1 0.8669270833333333 0.6643518518518519 0.011979166666666667 0.06018518518518518
2 0.9575520833333333 0.6782407407407407 0.04010416666666667 0.07685185185185185
