2 0.18854166666666666 0.6277777777777778 0.016666666666666666 0.05925925925925926
2 0.23385416666666667 0.6333333333333333 0.0125 0.05555555555555555
2 0.2796875 0.6268518518518519 0.0125 0.037037037037037035
3 0.32083333333333336 0.6398148148148148 0.06770833333333333 0.08148148148148149
3 0.37057291666666664 0.6282407407407408 0.0296875 0.03611111111111111
3 0.44817708333333334 0.6328703703703704 0.0234375 0.03611111111111111
3 0.4908854166666667 0.6398148148148148 0.03177083333333333 0.04259259259259259
5 0.48541666666666666 0.5884259259259259 0.0125 0.021296296296296296
3 0.4708333333333333 0.5921296296296297 0.009375 0.013888888888888888
2 0.5255208333333333 0.625462962962963 0.009375 0.026851851851851852
2 0.6395833333333333 0.6398148148148148 0.0125 0.046296296296296294
3 0.45598958333333334 0.6259259259259259 0.018229166666666668 0.037037037037037035
