3 0.04635416666666667 0.7310185185185185 0.09270833333333334 0.11944444444444445
3 0.28932291666666665 0.6981481481481482 0.0640625 0.08518518518518518
3 0.34296875 0.6912037037037037 0.024479166666666666 0.028703703703703703
4 0.38515625 0.675 0.04010416666666667 0.06666666666666667
3 0.40625 0.6884259259259259 0.01875 0.028703703703703703
3 0.41640625 0.6856481481481481 0.016145833333333335 0.025
3 0.4390625 0.6824074074074075 0.009375 0.012962962962962963
2 0.5020833333333333 0.6837962962962963 0.00625 0.021296296296296296
2 0.5184895833333333 0.687962962962963 0.005729166666666666 0.027777777777777776
2 0.578125 0.687037037037037 0.011458333333333333 0.040740740740740744
5 0.4734375 0.6712962962962963 0.008333333333333333 0.018518518518518517
