3 0.19244791666666666 0.7166666666666667 0.19635416666666666 0.24259259259259258
4 0.3380208333333333 0.5824074074074074 0.057291666666666664 0.11481481481481481
3 0.4734375 0.5712962962962963 0.015625 0.040740740740740744
3 0.5283854166666667 0.5962962962962963 0.0328125 0.04259259259259259
3 0.49947916666666664 0.5736111111111111 0.014583333333333334 0.026851851851851852
3 0.04114583333333333 0.637962962962963 0.08229166666666667 0.08703703703703704
3 0.10208333333333333 0.6217592592592592 0.07916666666666666 0.058333333333333334
3 0.42083333333333334 0.5810185185185185 0.014583333333333334 0.021296296296296296
3 0.15338541666666666 0.6106481481481482 0.0484375 0.04351851851851852
3 0.43203125 0.5782407407407407 0.013020833333333334 0.017592592592592594
