1 0.31927083333333334 0.6861111111111111 0.011458333333333333 0.05
3 0.42526041666666664 0.6837962962962963 0.024479166666666666 0.03425925925925926
3 0.4635416666666667 0.6791666666666667 0.01875 0.025
3 0.5013020833333334 0.6777777777777778 0.009895833333333333 0.018518518518518517
3 0.49140625 0.6787037037037037 0.009895833333333333 0.016666666666666666
3 0.5231770833333333 0.6787037037037037 0.015104166666666667 0.018518518518518517
3 0.53359375 0.6782407407407407 0.013020833333333334 0.017592592592592594
3 0.5489583333333333 0.6773148148148148 0.01875 0.023148148148148147
2 0.5505208333333333 0.6777777777777778 0.008333333333333333 0.037037037037037035
3 0.5627604166666667 0.6763888888888889 0.0109375 0.017592592592592594
3 0.571875 0.6763888888888889 0.011458333333333333 0.017592592592592594
3 0.5901041666666667 0.6773148148148148 0.01875 0.030555555555555555
3 0.6729166666666667 0.6712962962962963 0.04479166666666667 0.03888888888888889
3 0.6494791666666667 0.6851851851851852 0.041666666666666664 0.05185185185185185
3 0.909375 0.6662037037037037 0.09375 0.08425925925925926
3 0.95625 0.6657407407407407 0.08645833333333333 0.08888888888888889
3 0.9619791666666667 0.6722222222222223 0.07604166666666666 0.08333333333333333
