2 0.7440104166666667 0.6527777777777778 0.0234375 0.08518518518518518
1 0.7283854166666667 0.6282407407407408 0.008854166666666666 0.04722222222222222
3 0.5658854166666667 0.6194444444444445 0.008854166666666666 0.016666666666666666
3 0.5515625 0.6231481481481481 0.0125 0.016666666666666666
5 0.51484375 0.6134259259259259 0.019270833333333334 0.032407407407407406
4 0.47213541666666664 0.6074074074074074 0.03697916666666667 0.05740740740740741
3 0.43802083333333336 0.6231481481481481 0.019791666666666666 0.02962962962962963
2 0.3455729166666667 0.625462962962963 0.0078125 0.030555555555555555
2 0.14973958333333334 0.6324074074074074 0.018229166666666668 0.06296296296296296
1 0.08645833333333333 0.6259259259259259 0.0125 0.06296296296296296
1 0.06796875 0.6259259259259259 0.011979166666666667 0.05925925925925926
1 0.0515625 0.625 0.011458333333333333 0.05925925925925926
