3 0.9671875 0.687962962962963 0.06354166666666666 0.12222222222222222
3 0.9484375 0.6796296296296296 0.10208333333333333 0.11481481481481481
3 0.9200520833333333 0.6731481481481482 0.15260416666666668 0.1425925925925926
3 0.86953125 0.6638888888888889 0.13489583333333333 0.1037037037037037
2 0.6567708333333333 0.6800925925925926 0.03229166666666667 0.09907407407407408
6 0.6752604166666667 0.6625 0.0265625 0.07685185185185185
3 0.41692708333333334 0.638425925925926 0.015104166666666667 0.026851851851851852
3 0.43385416666666665 0.6509259259259259 0.03333333333333333 0.05185185185185185
3 0.4940104166666667 0.6962962962962963 0.14947916666666666 0.25
3 0.3692708333333333 0.6615740740740741 0.096875 0.15092592592592594
4 0.2598958333333333 0.55 0.20104166666666667 0.3425925925925926
