3 0.020572916666666666 0.6615740740740741 0.04114583333333333 0.04351851851851852
3 0.03411458333333333 0.6513888888888889 0.05260416666666667 0.04722222222222222
3 0.07942708333333333 0.6527777777777778 0.06197916666666667 0.053703703703703705
3 0.1171875 0.6513888888888889 0.0375 0.03611111111111111
1 0.18515625 0.6518518518518519 0.008854166666666666 0.040740740740740744
2 0.20338541666666668 0.6578703703703703 0.018229166666666668 0.04722222222222222
2 0.25026041666666665 0.6509259259259259 0.013020833333333334 0.046296296296296294
6 0.3294270833333333 0.6453703703703704 0.016145833333333335 0.044444444444444446
3 0.5020833333333333 0.6569444444444444 0.04583333333333333 0.06759259259259259
3 0.5453125 0.6467592592592593 0.030208333333333334 0.05092592592592592
3 0.5309895833333333 0.6425925925925926 0.018229166666666668 0.03148148148148148
3 0.5856770833333333 0.6731481481481482 0.0796875 0.12037037037037036
2 0.7885416666666667 0.6856481481481481 0.03854166666666667 0.14537037037037037
1 0.68203125 0.6541666666666667 0.0109375 0.06574074074074074
1 0.8018229166666667 0.6675925925925926 0.022395833333333334 0.10555555555555556
