1 0.019791666666666666 0.6935185185185185 0.03854166666666667 0.15925925925925927
3 0.03723958333333333 0.6837962962962963 0.07447916666666667 0.13425925925925927
3 0.09713541666666667 0.6893518518518519 0.10572916666666667 0.10462962962962963
3 0.3033854166666667 0.6689814814814815 0.019270833333333334 0.03796296296296296
3 0.3380208333333333 0.6611111111111111 0.051041666666666666 0.09074074074074075
2 0.428125 0.6777777777777778 0.019791666666666666 0.07407407407407407
2 0.46380208333333334 0.6833333333333333 0.0140625 0.06111111111111111
3 0.48984375 0.6842592592592592 0.0421875 0.05740740740740741
1 0.6122395833333333 0.6671296296296296 0.016145833333333335 0.06018518518518518
3 0.534375 0.6944444444444444 0.065625 0.08518518518518518
