3 0.3953125 0.6532407407407408 0.053125 0.08425925925925926
3 0.43125 0.6476851851851851 0.030208333333333334 0.05092592592592592
4 0.48385416666666664 0.6157407407407407 0.01875 0.04814814814814815
3 0.11197916666666667 0.6435185185185185 0.0875 0.07407407407407407
3 0.18567708333333333 0.6393518518518518 0.059895833333333336 0.06388888888888888
3 0.27682291666666664 0.6398148148148148 0.0390625 0.044444444444444446
3 0.3375 0.6291666666666667 0.017708333333333333 0.026851851851851852
3 0.3684895833333333 0.6328703703703704 0.0234375 0.041666666666666664
3 0.23567708333333334 0.624537037037037 0.033854166666666664 0.03611111111111111
3 0.0296875 0.6467592592592593 0.058333333333333334 0.06574074074074074
3 0.05963541666666667 0.6444444444444445 0.06614583333333333 0.046296296296296294
4 0.46927083333333336 0.6231481481481481 0.016666666666666666 0.04259259259259259
4 0.30130208333333336 0.6106481481481482 0.0484375 0.06759259259259259
3 0.30390625 0.6370370370370371 0.030729166666666665 0.02962962962962963
4 0.8916666666666667 0.6296296296296297 0.090625 0.06481481481481481
3 0.5651041666666666 0.6259259259259259 0.029166666666666667 0.025925925925925925
3 0.4479166666666667 0.6236111111111111 0.013541666666666667 0.021296296296296296
