3 0.43385416666666665 0.675 0.09166666666666666 0.12222222222222222
3 0.33828125 0.6393518518518518 0.0421875 0.032407407407407406
3 0.5057291666666667 0.6342592592592593 0.04479166666666667 0.03148148148148148
1 0.29921875 0.6398148148148148 0.0078125 0.02962962962962963
3 0.03359375 0.6638888888888889 0.0671875 0.08333333333333333
3 0.0546875 0.6518518518518519 0.10833333333333334 0.09259259259259259
3 0.07552083333333333 0.6527777777777778 0.08333333333333333 0.07222222222222222
3 0.08515625 0.6523148148148148 0.08697916666666666 0.0787037037037037
3 0.16067708333333333 0.649537037037037 0.06510416666666667 0.05648148148148148
3 0.18880208333333334 0.649074074074074 0.06510416666666667 0.053703703703703705
3 0.1953125 0.649537037037037 0.059375 0.05277777777777778
3 0.13359375 0.6398148148148148 0.04739583333333333 0.046296296296296294
