4 0.07447916666666667 0.5930555555555556 0.11666666666666667 0.2601851851851852
2 0.20104166666666667 0.6467592592592593 0.04375 0.08425925925925926
2 0.3455729166666667 0.6462962962962963 0.05677083333333333 0.09074074074074075
2 0.43125 0.6513888888888889 0.052083333333333336 0.08981481481481482
2 0.42109375 0.6523148148148148 0.058854166666666666 0.10092592592592593
3 0.45208333333333334 0.6393518518518518 0.026041666666666668 0.04722222222222222
3 0.49661458333333336 0.6504629629629629 0.0515625 0.07314814814814814
2 0.5106770833333333 0.6513888888888889 0.0453125 0.10277777777777777
2 0.54609375 0.6550925925925926 0.0640625 0.10833333333333334
2 0.5807291666666666 0.6509259259259259 0.040625 0.08333333333333333
2 0.64765625 0.6546296296296297 0.018229166666666668 0.05925925925925926
1 0.678125 0.6481481481481481 0.009375 0.04259259259259259
3 0.7388020833333333 0.6412037037037037 0.0671875 0.04722222222222222
1 0.7442708333333333 0.6523148148148148 0.009375 0.075
2 0.7690104166666667 0.6476851851851851 0.013020833333333334 0.06574074074074074
2 0.78515625 0.6560185185185186 0.0546875 0.08611111111111111
3 0.82734375 0.6574074074074074 0.12239583333333333 0.09259259259259259
3 0.9234375 0.6041666666666666 0.15416666666666667 0.27870370370370373
1 0.98046875 0.7194444444444444 0.04114583333333333 0.42407407407407405
