2 0.21614583333333334 0.65 0.023958333333333335 0.08148148148148149
2 0.23463541666666668 0.6578703703703703 0.0234375 0.10648148148148148
3 0.334375 0.6662037037037037 0.0875 0.08796296296296297
3 0.40989583333333335 0.6925925925925925 0.11770833333333333 0.19074074074074074
3 0.6458333333333334 0.7050925925925926 0.10520833333333333 0.14537037037037037
3 0.7002604166666667 0.6754629629629629 0.08802083333333334 0.11388888888888889
1 0.80078125 0.6837962962962963 0.0140625 0.09351851851851851
1 0.8385416666666666 0.6953703703703704 0.022916666666666665 0.11666666666666667
1 0.8609375 0.6990740740740741 0.015625 0.10185185185185185
2 0.8856770833333333 0.7032407407407407 0.022395833333333334 0.09351851851851851
3 0.8638020833333333 0.6893518518518519 0.1109375 0.06759259259259259
