3 0.05755208333333333 0.7513888888888889 0.11197916666666667 0.18425925925925926
3 0.13255208333333332 0.7055555555555556 0.12239583333333333 0.13518518518518519
2 0.15598958333333332 0.7560185185185185 0.07239583333333334 0.20833333333333334
3 0.2578125 0.6583333333333333 0.071875 0.07407407407407407
3 0.34739583333333335 0.675 0.07916666666666666 0.1
3 0.32265625 0.6199074074074075 0.0390625 0.06759259259259259
3 0.41380208333333335 0.6143518518518518 0.019270833333333334 0.026851851851851852
3 0.3497395833333333 0.6129629629629629 0.0171875 0.03148148148148148
3 0.3619791666666667 0.6106481481481482 0.010416666666666666 0.021296296296296296
1 0.6177083333333333 0.6717592592592593 0.01875 0.125
2 0.6489583333333333 0.6759259259259259 0.058333333333333334 0.11296296296296296
