1 0.041666666666666664 0.5731481481481482 0.022916666666666665 0.09814814814814815
2 0.12265625 0.6171296296296296 0.0515625 0.16944444444444445
2 0.15677083333333333 0.6046296296296296 0.030208333333333334 0.12222222222222222
3 0.165625 0.5787037037037037 0.06666666666666667 0.044444444444444446
1 0.2234375 0.5796296296296296 0.009375 0.05
2 0.32369791666666664 0.5930555555555556 0.008854166666666666 0.04537037037037037
3 0.35078125 0.6 0.03802083333333333 0.04814814814814815
5 0.3802083333333333 0.5800925925925926 0.013541666666666667 0.032407407407407406
3 0.4041666666666667 0.5902777777777778 0.014583333333333334 0.023148148148148147
3 0.39348958333333334 0.5902777777777778 0.013020833333333334 0.019444444444444445
2 0.49713541666666666 0.6518518518518519 0.04635416666666667 0.1814814814814815
2 0.48854166666666665 0.6319444444444444 0.04895833333333333 0.15462962962962962
4 0.48333333333333334 0.5842592592592593 0.053125 0.10740740740740741
3 0.8296875 0.7462962962962963 0.3416666666666667 0.32407407407407407
4 0.67734375 0.5615740740740741 0.23072916666666668 0.3972222222222222
1 0.5296875 0.6171296296296296 0.011458333333333333 0.06574074074074074
