3 0.09166666666666666 0.6847222222222222 0.05520833333333333 0.04351851851851852
3 0.13567708333333334 0.6796296296296296 0.04010416666666667 0.037037037037037035
3 0.39817708333333335 0.6800925925925926 0.050520833333333334 0.07314814814814814
3 0.46901041666666665 0.638425925925926 0.0203125 0.028703703703703703
3 0.9057291666666667 0.8310185185185185 0.18854166666666666 0.3101851851851852
3 0.7841145833333333 0.7379629629629629 0.1671875 0.18333333333333332
3 0.6848958333333334 0.7018518518518518 0.09375 0.12407407407407407
3 0.6283854166666667 0.675 0.07135416666666666 0.1111111111111111
3 0.5872395833333334 0.6592592592592592 0.0359375 0.05740740740740741
3 0.5669270833333333 0.6527777777777778 0.030729166666666665 0.05555555555555555
3 0.5515625 0.6449074074074074 0.028125 0.04351851851851852
