3 0.19036458333333334 0.6351851851851852 0.030729166666666665 0.03518518518518519
2 0.21875 0.6365740740740741 0.014583333333333334 0.03425925925925926
3 0.2578125 0.6365740740740741 0.029166666666666667 0.028703703703703703
4 0.36484375 0.6175925925925926 0.027604166666666666 0.05555555555555555
3 0.46979166666666666 0.6300925925925925 0.036458333333333336 0.05648148148148148
3 0.49895833333333334 0.6231481481481481 0.009375 0.014814814814814815
3 0.41822916666666665 0.6217592592592592 0.01875 0.012037037037037037
3 0.40572916666666664 0.6222222222222222 0.016666666666666666 0.011111111111111112
1 0.165625 0.6305555555555555 0.008333333333333333 0.04259259259259259
3 0.13177083333333334 0.6388888888888888 0.03854166666666667 0.03148148148148148
1 0.840625 0.6518518518518519 0.01875 0.06481481481481481
