3 0.9697916666666667 0.6305555555555555 0.059375 0.1
3 0.9466145833333334 0.6416666666666667 0.0953125 0.09259259259259259
3 0.9153645833333334 0.6375 0.13697916666666668 0.08981481481481482
3 0.8859375 0.6365740740740741 0.11875 0.0824074074074074
3 0.85625 0.6328703703703704 0.11041666666666666 0.09351851851851851
3 0.7447916666666666 0.6287037037037037 0.06666666666666667 0.04259259259259259
3 0.5783854166666667 0.6486111111111111 0.09635416666666667 0.11574074074074074
3 0.6354166666666666 0.6185185185185185 0.03333333333333333 0.027777777777777776
3 0.49114583333333334 0.6217592592592592 0.027083333333333334 0.03981481481481482
3 0.459375 0.6268518518518519 0.03229166666666667 0.046296296296296294
5 0.3953125 0.6055555555555555 0.015625 0.03148148148148148
3 0.21875 0.6226851851851852 0.046875 0.04537037037037037
