3 0.04296875 0.6564814814814814 0.0859375 0.07407407407407407
2 0.21484375 0.6685185185185185 0.015104166666666667 0.040740740740740744
1 0.23385416666666667 0.6675925925925926 0.007291666666666667 0.040740740740740744
1 0.29296875 0.6625 0.0109375 0.049074074074074076
3 0.34348958333333335 0.6666666666666666 0.025520833333333333 0.03518518518518519
3 0.3580729166666667 0.6574074074074074 0.034895833333333334 0.05
4 0.37994791666666666 0.649537037037037 0.0390625 0.06944444444444445
3 0.46979166666666666 0.6648148148148149 0.01875 0.03148148148148148
3 0.490625 0.6703703703703704 0.026041666666666668 0.03333333333333333
3 0.5830729166666667 0.6703703703703704 0.058854166666666666 0.053703703703703705
3 0.634375 0.6726851851851852 0.12708333333333333 0.08055555555555556
4 0.6645833333333333 0.6597222222222222 0.06875 0.0787037037037037
1 0.7286458333333333 0.6824074074074075 0.014583333333333334 0.046296296296296294
3 0.8276041666666667 0.6837962962962963 0.13854166666666667 0.07314814814814814
3 0.9473958333333333 0.6847222222222222 0.10520833333333333 0.062037037037037036
