3 0.051041666666666666 0.6592592592592592 0.1 0.17222222222222222
4 0.14583333333333334 0.637962962962963 0.10833333333333334 0.13333333333333333
4 0.18072916666666666 0.600925925925926 0.075 0.11851851851851852
3 0.22057291666666667 0.6351851851851852 0.0671875 0.07777777777777778
3 0.24010416666666667 0.6050925925925926 0.042708333333333334 0.04351851851851852
3 0.27057291666666666 0.6138888888888889 0.050520833333333334 0.05925925925925926
3 0.2947916666666667 0.6041666666666666 0.034375 0.05277777777777778
5 0.32395833333333335 0.586574074074074 0.040625 0.0712962962962963
3 0.3450520833333333 0.5967592592592592 0.015104166666666667 0.026851851851851852
3 0.3541666666666667 0.5962962962962963 0.015625 0.025925925925925925
5 0.40963541666666664 0.5916666666666667 0.0546875 0.11296296296296296
1 0.5505208333333333 0.5962962962962963 0.005208333333333333 0.02962962962962963
2 0.6125 0.6287037037037037 0.017708333333333333 0.06481481481481481
