4 0.11614583333333334 0.5828703703703704 0.057291666666666664 0.05462962962962963
3 0.16119791666666666 0.5907407407407408 0.0546875 0.040740740740740744
3 0.20390625 0.5930555555555556 0.03802083333333333 0.032407407407407406
3 0.23828125 0.5907407407407408 0.033854166666666664 0.03888888888888889
3 0.3268229166666667 0.5995370370370371 0.044270833333333336 0.05277777777777778
3 0.2796875 0.6189814814814815 0.08333333333333333 0.09907407407407408
3 0.4125 0.6509259259259259 0.15 0.24259259259259258
3 0.5153645833333333 0.6263888888888889 0.0578125 0.0712962962962963
3 0.5697916666666667 0.6393518518518518 0.0875 0.1398148148148148
2 0.6153645833333333 0.6208333333333333 0.019270833333333334 0.03611111111111111
2 0.63984375 0.6268518518518519 0.018229166666666668 0.04259259259259259
2 0.69609375 0.625462962962963 0.022395833333333334 0.032407407407407406
1 0.7822916666666667 0.6314814814814815 0.00625 0.02962962962962963
2 0.9239583333333333 0.6509259259259259 0.019791666666666666 0.07222222222222222
1 0.9015625 0.6393518518518518 0.011458333333333333 0.06388888888888888
