2 0.2875 0.6888888888888889 0.03125 0.10925925925925926
3 0.3229166666666667 0.6222222222222222 0.020833333333333332 0.022222222222222223
2 0.32916666666666666 0.6412037037037037 0.017708333333333333 0.032407407407407406
2 0.365625 0.6615740740740741 0.014583333333333334 0.05648148148148148
2 0.3578125 0.6648148148148149 0.017708333333333333 0.06296296296296296
2 0.3859375 0.6458333333333334 0.010416666666666666 0.03611111111111111
3 0.5041666666666667 0.6319444444444444 0.013541666666666667 0.021296296296296296
3 0.51484375 0.6671296296296296 0.0390625 0.058333333333333334
3 0.5322916666666667 0.6342592592592593 0.017708333333333333 0.025925925925925925
3 0.5502604166666667 0.6324074074074074 0.0140625 0.020370370370370372
3 0.8822916666666667 0.774074074074074 0.234375 0.3388888888888889
5 0.6520833333333333 0.6319444444444444 0.13541666666666666 0.21388888888888888
3 0.5875 0.6703703703703704 0.04375 0.06481481481481481
3 0.5755208333333334 0.649537037037037 0.04479166666666667 0.0787037037037037
