3 0.027604166666666666 0.6800925925925926 0.05416666666666667 0.2064814814814815
1 0.18854166666666666 0.6888888888888889 0.008333333333333333 0.040740740740740744
1 0.21015625 0.6875 0.008854166666666666 0.03796296296296296
2 0.29635416666666664 0.6768518518518518 0.008333333333333333 0.02962962962962963
3 0.3377604166666667 0.674074074074074 0.0234375 0.027777777777777776
3 0.36328125 0.6731481481481482 0.0265625 0.037037037037037035
6 0.39401041666666664 0.6699074074074074 0.018229166666666668 0.04722222222222222
3 0.41510416666666666 0.6694444444444444 0.0125 0.016666666666666666
5 0.44114583333333335 0.663425925925926 0.008333333333333333 0.017592592592592594
3 0.4518229166666667 0.6652777777777777 0.011979166666666667 0.019444444444444445
3 0.45807291666666666 0.6685185185185185 0.0078125 0.014814814814814815
3 0.465625 0.6657407407407407 0.010416666666666666 0.014814814814814815
3 0.47682291666666665 0.6671296296296296 0.0109375 0.01574074074074074
2 0.5359375 0.663425925925926 0.008333333333333333 0.026851851851851852
3 0.57421875 0.6662037037037037 0.05572916666666667 0.041666666666666664
2 0.6885416666666667 0.6958333333333333 0.03125 0.10648148148148148
3 0.67734375 0.6578703703703703 0.0578125 0.04537037037037037
2 0.8953125 0.7476851851851852 0.128125 0.30833333333333335
3 0.7677083333333333 0.6578703703703703 0.096875 0.07685185185185185
3 0.8072916666666666 0.6583333333333333 0.08958333333333333 0.07592592592592592
3 0.8544270833333333 0.6523148148148148 0.07552083333333333 0.09722222222222222
3 0.9450520833333333 0.6449074074074074 0.10989583333333333 0.14166666666666666
