3 0.425 0.624537037037037 0.015625 0.025
3 0.4109375 0.6333333333333333 0.020833333333333332 0.03148148148148148
3 0.4825520833333333 0.6611111111111111 0.0453125 0.06481481481481481
3 0.5216145833333333 0.6314814814814815 0.0203125 0.02962962962962963
3 0.5395833333333333 0.6435185185185185 0.03125 0.04814814814814815
3 0.5583333333333333 0.6597222222222222 0.04375 0.062037037037037036
3 0.6419270833333334 0.6972222222222222 0.11510416666666666 0.14629629629629629
3 0.8033854166666666 0.6166666666666667 0.0515625 0.025925925925925925
3 0.7864583333333334 0.6148148148148148 0.041666666666666664 0.027777777777777776
3 0.44296875 0.6203703703703703 0.0140625 0.018518518518518517
3 0.48203125 0.6189814814814815 0.011979166666666667 0.017592592592592594
4 0.48776041666666664 0.6050925925925926 0.016145833333333335 0.041666666666666664
3 0.8388020833333333 0.6134259259259259 0.0296875 0.028703703703703703
3 0.50859375 0.6162037037037037 0.008854166666666666 0.013888888888888888
