1 0.049479166666666664 0.687037037037037 0.013541666666666667 0.06851851851851852
1 0.22239583333333332 0.6805555555555556 0.010416666666666666 0.04814814814814815
1 0.20598958333333334 0.6768518518518518 0.009895833333333333 0.03888888888888889
4 0.2984375 0.6226851851851852 0.16770833333333332 0.2490740740740741
3 0.3854166666666667 0.6652777777777777 0.025 0.03611111111111111
3 0.4203125 0.6666666666666666 0.03333333333333333 0.040740740740740744
3 0.43203125 0.663425925925926 0.0203125 0.032407407407407406
3 0.4515625 0.6592592592592592 0.015625 0.022222222222222223
5 0.47161458333333334 0.649074074074074 0.008854166666666666 0.018518518518518517
4 0.47760416666666666 0.6569444444444444 0.014583333333333334 0.026851851851851852
1 0.5078125 0.662962962962963 0.013541666666666667 0.05185185185185185
3 0.66328125 0.6615740740740741 0.1015625 0.062037037037037036
3 0.6984375 0.6430555555555556 0.06875 0.04537037037037037
3 0.7307291666666667 0.6504629629629629 0.08125 0.06018518518518518
2 0.7552083333333334 0.6898148148148148 0.04895833333333333 0.11851851851851852
3 0.7861979166666667 0.6361111111111111 0.0453125 0.03333333333333333
3 0.8005208333333333 0.638425925925926 0.04791666666666667 0.03425925925925926
3 0.83046875 0.637962962962963 0.04739583333333333 0.03148148148148148
3 0.84765625 0.6361111111111111 0.049479166666666664 0.046296296296296294
1 0.8557291666666667 0.6333333333333333 0.014583333333333334 0.06296296296296296
1 0.8713541666666667 0.6365740740740741 0.015625 0.058333333333333334
1 0.8815104166666666 0.6324074074074074 0.0109375 0.06111111111111111
3 0.9408854166666667 0.6513888888888889 0.11822916666666666 0.18425925925925926
