2 0.0875 0.7449074074074075 0.06979166666666667 0.21388888888888888
2 0.18072916666666666 0.6773148148148148 0.035416666666666666 0.1712962962962963
2 0.27291666666666664 0.6763888888888889 0.04375 0.14537037037037037
1 0.13333333333333333 0.6458333333333334 0.03125 0.1175925925925926
3 0.23046875 0.6476851851851851 0.0765625 0.11574074074074074
3 0.41770833333333335 0.5935185185185186 0.040625 0.05555555555555555
2 0.4296875 0.6129629629629629 0.015625 0.07037037037037037
1 0.46640625 0.5935185185185186 0.009895833333333333 0.053703703703703705
3 0.4635416666666667 0.586574074074074 0.027083333333333334 0.06018518518518518
3 0.821875 0.7833333333333333 0.35208333333333336 0.4222222222222222
3 0.63671875 0.7083333333333334 0.11927083333333334 0.18333333333333332
3 0.56875 0.6444444444444445 0.071875 0.1
2 0.38229166666666664 0.5944444444444444 0.010416666666666666 0.037037037037037035
3 0.5330729166666667 0.6152777777777778 0.04635416666666667 0.07685185185185185
