2 0.140625 0.6768518518518518 0.0125 0.044444444444444446
3 0.19765625 0.6865740740740741 0.0890625 0.12314814814814815
2 0.24947916666666667 0.6837962962962963 0.011458333333333333 0.032407407407407406
3 0.278125 0.6796296296296296 0.03229166666666667 0.044444444444444446
3 0.30546875 0.6810185185185185 0.0234375 0.03425925925925926
3 0.33125 0.6768518518518518 0.030208333333333334 0.04814814814814815
3 0.346875 0.6768518518518518 0.021875 0.044444444444444446
3 0.37838541666666664 0.6814814814814815 0.022395833333333334 0.037037037037037035
3 0.37083333333333335 0.6819444444444445 0.027083333333333334 0.04351851851851852
4 0.41770833333333335 0.6759259259259259 0.026041666666666668 0.05925925925925926
3 0.43125 0.6842592592592592 0.010416666666666666 0.016666666666666666
3 0.40338541666666666 0.6875 0.0328125 0.04537037037037037
3 0.4544270833333333 0.6898148148148148 0.024479166666666666 0.040740740740740744
2 0.4747395833333333 0.6875 0.005729166666666666 0.023148148148148147
2 0.50546875 0.6986111111111111 0.0078125 0.032407407407407406
2 0.5356770833333333 0.6972222222222222 0.018229166666666668 0.03333333333333333
2 0.59453125 0.6981481481481482 0.025520833333333333 0.08888888888888889
