1 0.9828125 0.6865740740740741 0.023958333333333335 0.12314814814814815
3 0.8536458333333333 0.7435185185185185 0.19479166666666667 0.21481481481481482
3 0.7677083333333333 0.6967592592592593 0.1 0.15833333333333333
3 0.6252604166666667 0.7106481481481481 0.1515625 0.2564814814814815
3 0.9776041666666667 0.8726851851851852 0.04375 0.2564814814814815
2 0.07734375 0.687037037037037 0.0484375 0.09814814814814815
2 0.13515625 0.6828703703703703 0.021354166666666667 0.07685185185185185
1 0.12994791666666666 0.6671296296296296 0.0140625 0.0712962962962963
1 0.15442708333333333 0.6712962962962963 0.013020833333333334 0.07222222222222222
2 0.22265625 0.674537037037037 0.0171875 0.08425925925925926
3 0.22447916666666667 0.6773148148148148 0.096875 0.06574074074074074
2 0.3223958333333333 0.674074074074074 0.016666666666666666 0.053703703703703705
2 0.3140625 0.6703703703703704 0.0125 0.053703703703703705
2 0.2984375 0.6736111111111112 0.0125 0.058333333333333334
2 0.2859375 0.6726851851851852 0.015625 0.062037037037037036
1 0.25052083333333336 0.6537037037037037 0.008333333333333333 0.046296296296296294
3 0.4348958333333333 0.6703703703703704 0.04375 0.046296296296296294
3 0.4630208333333333 0.6657407407407407 0.03229166666666667 0.04259259259259259
3 0.5005208333333333 0.6671296296296296 0.036458333333333336 0.05277777777777778
3 0.4869791666666667 0.6671296296296296 0.020833333333333332 0.03425925925925926
2 0.52890625 0.6722222222222223 0.03697916666666667 0.07037037037037037
3 0.5385416666666667 0.662962962962963 0.021875 0.040740740740740744
3 0.5533854166666666 0.663425925925926 0.022395833333333334 0.030555555555555555
