1 0.9455729166666667 0.687037037037037 0.030729166666666665 0.10185185185185185
1 0.7799479166666666 0.6675925925925926 0.0234375 0.06666666666666667
3 0.671875 0.700462962962963 0.10520833333333333 0.15648148148148147
2 0.5434895833333333 0.663425925925926 0.015104166666666667 0.06944444444444445
3 0.5395833333333333 0.6444444444444445 0.015625 0.025925925925925925
3 0.52578125 0.6458333333333334 0.0140625 0.01574074074074074
3 0.48020833333333335 0.649074074074074 0.015625 0.018518518518518517
2 0.4515625 0.6444444444444445 0.008333333333333333 0.02962962962962963
3 0.353125 0.65 0.06145833333333333 0.05185185185185185
3 0.32057291666666665 0.6564814814814814 0.08802083333333334 0.05
3 0.2947916666666667 0.6592592592592592 0.096875 0.05925925925925926
3 0.275 0.6620370370370371 0.09895833333333333 0.06296296296296296
3 0.23020833333333332 0.6685185185185185 0.13020833333333334 0.07777777777777778
1 0.20130208333333333 0.6462962962962963 0.009895833333333333 0.05
