3 0.22421875 0.6648148148148149 0.10364583333333334 0.12037037037037036
3 0.28880208333333335 0.6597222222222222 0.06302083333333333 0.09351851851851851
3 0.36744791666666665 0.6550925925925926 0.04010416666666667 0.05648148148148148
3 0.38723958333333336 0.6560185185185186 0.028645833333333332 0.04537037037037037
3 0.4005208333333333 0.65 0.025 0.03888888888888889
3 0.41692708333333334 0.649537037037037 0.0203125 0.028703703703703703
5 0.440625 0.6291666666666667 0.026041666666666668 0.04722222222222222
3 0.4942708333333333 0.6583333333333333 0.027083333333333334 0.03888888888888889
3 0.46979166666666666 0.6481481481481481 0.017708333333333333 0.025925925925925925
3 0.8669270833333333 0.6430555555555556 0.08177083333333333 0.07314814814814814
3 0.9481770833333333 0.6476851851851851 0.10364583333333334 0.0787037037037037
