2 0.0265625 0.6759259259259259 0.05416666666666667 0.13518518518518519
3 0.4122395833333333 0.6712962962962963 0.09635416666666667 0.1259259259259259
3 0.490625 0.6541666666666667 0.021875 0.032407407407407406
3 0.51796875 0.6504629629629629 0.015104166666666667 0.025
3 0.5723958333333333 0.6583333333333333 0.027083333333333334 0.04259259259259259
3 0.60390625 0.6555555555555556 0.018229166666666668 0.03333333333333333
3 0.6317708333333333 0.6583333333333333 0.0375 0.05925925925925926
1 0.8861979166666667 0.6671296296296296 0.009895833333333333 0.04722222222222222
3 0.9338541666666667 0.6657407407407407 0.05416666666666667 0.053703703703703705
1 0.9307291666666667 0.6782407407407407 0.022916666666666665 0.125
2 0.96953125 0.6893518518518519 0.04635416666666667 0.15648148148148147
3 0.9734375 0.6643518518518519 0.052083333333333336 0.06759259259259259
3 0.8354166666666667 0.6625 0.04479166666666667 0.04351851851851852
