3 0.8536458333333333 0.8050925925925926 0.29375 0.39166666666666666
2 0.7713541666666667 0.6814814814814815 0.028125 0.07407407407407407
1 0.7510416666666667 0.6791666666666667 0.008333333333333333 0.04537037037037037
3 0.6778645833333333 0.7101851851851851 0.14427083333333332 0.19074074074074074
3 0.5955729166666667 0.6912037037037037 0.0640625 0.09166666666666666
3 0.47317708333333336 0.7893518518518519 0.26197916666666665 0.3675925925925926
3 0.33619791666666665 0.6842592592592592 0.10364583333333334 0.11666666666666667
5 0.3807291666666667 0.6430555555555556 0.03854166666666667 0.062037037037037036
5 0.3546875 0.6504629629629629 0.04583333333333333 0.09537037037037037
3 0.29192708333333334 0.663425925925926 0.043229166666666666 0.04351851851851852
1 0.2674479166666667 0.6453703703703704 0.0067708333333333336 0.03333333333333333
2 0.24817708333333333 0.6532407407407408 0.013020833333333334 0.03796296296296296
2 0.23567708333333334 0.6550925925925926 0.016145833333333335 0.03981481481481482
2 0.19609375 0.6583333333333333 0.024479166666666666 0.044444444444444446
3 0.134375 0.6625 0.07604166666666666 0.04351851851851852
1 0.090625 0.6611111111111111 0.010416666666666666 0.04259259259259259
