3 0.24401041666666667 0.6805555555555556 0.06197916666666667 0.04814814814814815
3 0.36614583333333334 0.6810185185185185 0.021875 0.03981481481481482
3 0.38359375 0.6893518518518519 0.022395833333333334 0.032407407407407406
3 0.39114583333333336 0.6861111111111111 0.01875 0.03333333333333333
4 0.4041666666666667 0.6787037037037037 0.01875 0.046296296296296294
3 0.4205729166666667 0.6912037037037037 0.019270833333333334 0.026851851851851852
4 0.44921875 0.6685185185185185 0.059895833333333336 0.09074074074074075
2 0.7302083333333333 0.7069444444444445 0.025 0.03981481481481482
3 0.9174479166666667 0.7041666666666667 0.05677083333333333 0.03796296296296296
6 0.9828125 0.736574074074074 0.035416666666666666 0.16203703703703703
