2 0.6986979166666667 0.6800925925925926 0.015104166666666667 0.05462962962962963
3 0.5330729166666667 0.6171296296296296 0.0140625 0.025
4 0.52109375 0.6018518518518519 0.016145833333333335 0.03148148148148148
3 0.49973958333333335 0.6064814814814815 0.0140625 0.016666666666666666
4 0.49192708333333335 0.5921296296296297 0.015104166666666667 0.030555555555555555
3 0.4875 0.6050925925925926 0.011458333333333333 0.019444444444444445
3 0.4908854166666667 0.6212962962962963 0.0171875 0.025925925925925925
4 0.47890625 0.5907407407407408 0.011979166666666667 0.024074074074074074
3 0.46875 0.6074074074074074 0.011458333333333333 0.016666666666666666
3 0.46536458333333336 0.624537037037037 0.018229166666666668 0.026851851851851852
3 0.4466145833333333 0.6375 0.022395833333333334 0.03796296296296296
3 0.40989583333333335 0.6657407407407407 0.06458333333333334 0.07777777777777778
3 0.14348958333333334 0.7726851851851851 0.2869791666666667 0.4212962962962963
3 0.39401041666666664 0.5981481481481481 0.018229166666666668 0.014814814814814815
3 0.4427083333333333 0.6018518518518519 0.011458333333333333 0.014814814814814815
4 0.44375 0.5879629629629629 0.011458333333333333 0.025925925925925925
4 0.45026041666666666 0.5861111111111111 0.009895833333333333 0.018518518518518517
4 0.43515625 0.5879629629629629 0.009895833333333333 0.020370370370370372
4 0.42994791666666665 0.5967592592592592 0.009895833333333333 0.017592592592592594
5 0.4630208333333333 0.5828703703703704 0.008333333333333333 0.019444444444444445
2 0.3341145833333333 0.6106481481481482 0.005729166666666666 0.021296296296296296
2 0.3229166666666667 0.6134259259259259 0.005208333333333333 0.019444444444444445
2 0.34036458333333336 0.6101851851851852 0.0046875 0.016666666666666666
