3 0.07265625 0.6819444444444445 0.1453125 0.14907407407407408
3 0.21380208333333334 0.6564814814814814 0.06822916666666666 0.05925925925925926
3 0.284375 0.6638888888888889 0.06770833333333333 0.06296296296296296
3 0.3424479166666667 0.6555555555555556 0.04010416666666667 0.04814814814814815
5 0.3390625 0.6300925925925925 0.07604166666666666 0.06759259259259259
3 0.39375 0.6555555555555556 0.03229166666666667 0.03518518518518519
3 0.44192708333333336 0.6513888888888889 0.0234375 0.032407407407407406
3 0.43072916666666666 0.65 0.01875 0.025925925925925925
3 0.46328125 0.6462962962962963 0.015104166666666667 0.024074074074074074
3 0.48125 0.6518518518518519 0.016666666666666666 0.020370370370370372
3 0.4432291666666667 0.4912037037037037 0.07395833333333333 0.058333333333333334
3 0.6484375 0.6754629629629629 0.06458333333333334 0.05277777777777778
3 0.6088541666666667 0.6717592592592593 0.0375 0.04537037037037037
3 0.5872395833333334 0.6652777777777777 0.019270833333333334 0.030555555555555555
3 0.5661458333333333 0.6564814814814814 0.015625 0.022222222222222223
5 0.7510416666666667 0.47453703703703703 0.13541666666666666 0.08055555555555556
