1 0.13489583333333333 0.6282407407407408 0.008333333333333333 0.04722222222222222
2 0.20807291666666666 0.6240740740740741 0.009895833333333333 0.037037037037037035
1 0.19739583333333333 0.6273148148148148 0.007291666666666667 0.03796296296296296
3 0.17578125 0.6222222222222222 0.03802083333333333 0.027777777777777776
4 0.19010416666666666 0.6050925925925926 0.06875 0.05092592592592592
5 0.35 0.6069444444444444 0.036458333333333336 0.05092592592592592
3 0.3802083333333333 0.6449074074074074 0.08333333333333333 0.10092592592592593
3 0.40911458333333334 0.6402777777777777 0.04739583333333333 0.07685185185185185
3 0.42473958333333334 0.6328703703703704 0.033854166666666664 0.05648148148148148
3 0.4473958333333333 0.6236111111111111 0.03125 0.049074074074074076
3 0.45989583333333334 0.6217592592592592 0.020833333333333332 0.03611111111111111
3 0.47682291666666665 0.6157407407407407 0.015104166666666667 0.025925925925925925
3 0.5421875 0.6550925925925926 0.11875 0.18425925925925926
3 0.7361979166666667 0.7439814814814815 0.35052083333333334 0.38796296296296295
1 0.86953125 0.6574074074074074 0.021354166666666667 0.05740740740740741
