3 0.05260416666666667 0.6652777777777777 0.04583333333333333 0.06759259259259259
3 0.10755208333333334 0.6648148148148149 0.043229166666666666 0.05740740740740741
3 0.2015625 0.6671296296296296 0.08958333333333333 0.058333333333333334
3 0.23541666666666666 0.6648148148148149 0.041666666666666664 0.05185185185185185
3 0.2794270833333333 0.6648148148148149 0.050520833333333334 0.05
1 0.4671875 0.6680555555555555 0.010416666666666666 0.04351851851851852
3 0.615625 0.6555555555555556 0.021875 0.022222222222222223
3 0.6791666666666667 0.6555555555555556 0.013541666666666667 0.020370370370370372
3 0.6958333333333333 0.6620370370370371 0.025 0.03888888888888889
3 0.7145833333333333 0.6611111111111111 0.017708333333333333 0.027777777777777776
3 0.7578125 0.6611111111111111 0.019791666666666666 0.03148148148148148
