3 0.94375 0.6541666666666667 0.11354166666666667 0.16203703703703703
3 0.7020833333333333 0.6587962962962963 0.053125 0.06018518518518518
3 0.6580729166666667 0.6615740740740741 0.03697916666666667 0.041666666666666664
4 0.6416666666666667 0.6356481481481482 0.04479166666666667 0.08981481481481482
3 0.4375 0.6652777777777777 0.020833333333333332 0.03611111111111111
3 0.4036458333333333 0.6731481481481482 0.036458333333333336 0.06481481481481481
3 0.3703125 0.687037037037037 0.057291666666666664 0.08518518518518518
3 0.3229166666666667 0.6972222222222222 0.096875 0.11851851851851852
3 0.21041666666666667 0.711574074074074 0.16041666666666668 0.19722222222222222
3 0.0875 0.7597222222222222 0.175 0.41574074074074074
