2 0.23046875 0.6995370370370371 0.06510416666666667 0.21574074074074073
1 0.17369791666666667 0.6504629629629629 0.015104166666666667 0.0787037037037037
3 0.31979166666666664 0.6601851851851852 0.07604166666666666 0.06111111111111111
2 0.33046875 0.6606481481481481 0.019270833333333334 0.06018518518518518
3 0.4453125 0.6717592592592593 0.14583333333333334 0.09907407407407408
1 0.47630208333333335 0.6796296296296296 0.019270833333333334 0.13703703703703704
1 0.5028645833333333 0.6759259259259259 0.024479166666666666 0.15
3 0.7140625 0.6763888888888889 0.04895833333333333 0.062037037037037036
3 0.8486979166666667 0.6949074074074074 0.0859375 0.08981481481481482
1 0.7747395833333334 0.6805555555555556 0.0140625 0.0962962962962963
