4 0.05078125 0.5282407407407408 0.10260416666666666 0.6694444444444444
4 0.13984375 0.5361111111111111 0.2796875 0.39814814814814814
3 0.18958333333333333 0.6893518518518519 0.19791666666666666 0.21944444444444444
3 0.3106770833333333 0.6555555555555556 0.11197916666666667 0.1648148148148148
3 0.39791666666666664 0.6652777777777777 0.04479166666666667 0.06388888888888888
4 0.39453125 0.6412037037037037 0.04010416666666667 0.062037037037037036
3 0.50390625 0.6842592592592592 0.0609375 0.09814814814814815
5 0.5359375 0.6587962962962963 0.019791666666666666 0.04351851851851852
3 0.5893229166666667 0.675 0.03177083333333333 0.053703703703703705
3 0.5708333333333333 0.6814814814814815 0.03958333333333333 0.06111111111111111
3 0.6671875 0.7226851851851852 0.15416666666666667 0.2101851851851852
2 0.8859375 0.7240740740740741 0.0375 0.10555555555555556
2 0.9846354166666667 0.7138888888888889 0.0296875 0.07777777777777778
