2 0.8609375 0.7134259259259259 0.04583333333333333 0.08425925925925926
2 0.7794270833333333 0.7217592592592592 0.06822916666666666 0.10277777777777777
2 0.6372395833333333 0.774537037037037 0.1328125 0.31574074074074077
2 0.5588541666666667 0.7037037037037037 0.014583333333333334 0.05185185185185185
2 0.5471354166666667 0.7050925925925926 0.0140625 0.05462962962962963
6 0.5341145833333333 0.6949074074074074 0.009895833333333333 0.03796296296296296
2 0.5208333333333334 0.7046296296296296 0.023958333333333335 0.06296296296296296
3 0.4661458333333333 0.6796296296296296 0.008333333333333333 0.012962962962962963
3 0.44505208333333335 0.6981481481481482 0.04010416666666667 0.05
2 0.40286458333333336 0.7041666666666667 0.0453125 0.06759259259259259
2 0.25729166666666664 0.7018518518518518 0.03958333333333333 0.07037037037037037
2 0.22057291666666667 0.6912037037037037 0.0140625 0.05462962962962963
2 0.20260416666666667 0.6930555555555555 0.014583333333333334 0.04537037037037037
3 0.12213541666666666 0.7023148148148148 0.12760416666666666 0.08055555555555556
