6 0.30807291666666664 0.5939814814814814 0.016145833333333335 0.041666666666666664
3 0.3203125 0.5921296296296297 0.01875 0.026851851851851852
3 0.33697916666666666 0.5893518518518519 0.015625 0.028703703703703703
3 0.3609375 0.5981481481481481 0.021875 0.02962962962962963
3 0.4 0.5912037037037037 0.026041666666666668 0.05462962962962963
2 0.421875 0.600462962962963 0.00625 0.023148148148148147
3 0.43307291666666664 0.6023148148148149 0.0171875 0.023148148148148147
3 0.46875 0.6111111111111112 0.0375 0.044444444444444446
3 0.6697916666666667 0.6425925925925926 0.15104166666666666 0.1925925925925926
1 0.92890625 0.6888888888888889 0.027604166666666666 0.14074074074074075
1 0.9533854166666667 0.6703703703703704 0.034895833333333334 0.18333333333333332
