2 0.5309895833333333 0.6175925925925926 0.021354166666666667 0.09444444444444444
3 0.13932291666666666 0.5935185185185186 0.09114583333333333 0.08888888888888889
3 0.2596354166666667 0.5925925925925926 0.0296875 0.03148148148148148
3 0.31640625 0.6074074074074074 0.0640625 0.08333333333333333
3 0.41171875 0.6041666666666666 0.03177083333333333 0.049074074074074076
4 0.36666666666666664 0.5791666666666667 0.020833333333333332 0.032407407407407406
4 0.3765625 0.5773148148148148 0.017708333333333333 0.03796296296296296
4 0.38776041666666666 0.5833333333333334 0.009895833333333333 0.022222222222222223
3 0.43723958333333335 0.5949074074074074 0.011979166666666667 0.021296296296296296
2 0.484375 0.6013888888888889 0.007291666666666667 0.030555555555555555
