4 0.634375 0.6648148148148149 0.37604166666666666 0.42407407407407405
3 0.45390625 0.6768518518518518 0.024479166666666666 0.04259259259259259
4 0.44375 0.6509259259259259 0.021875 0.053703703703703705
3 0.4236979166666667 0.6657407407407407 0.008854166666666666 0.016666666666666666
3 0.4127604166666667 0.6722222222222223 0.016145833333333335 0.027777777777777776
3 0.4005208333333333 0.6726851851851852 0.020833333333333332 0.03611111111111111
3 0.3854166666666667 0.6703703703703704 0.034375 0.06296296296296296
3 0.35390625 0.6754629629629629 0.0296875 0.03796296296296296
3 0.32838541666666665 0.6787037037037037 0.028645833333333332 0.05
3 0.31171875 0.6782407407407407 0.04010416666666667 0.062037037037037036
3 0.29010416666666666 0.6847222222222222 0.04791666666666667 0.06574074074074074
3 0.25885416666666666 0.6902777777777778 0.06354166666666666 0.08425925925925926
3 0.2140625 0.6990740740740741 0.0875 0.10740740740740741
5 0.19375 0.6430555555555556 0.12083333333333333 0.1675925925925926
3 0.13307291666666668 0.7152777777777778 0.15989583333333332 0.15648148148148147
3 0.040364583333333336 0.7069444444444445 0.08072916666666667 0.11388888888888889
