3 0.12890625 0.6370370370370371 0.043229166666666666 0.02962962962962963
3 0.16380208333333332 0.6314814814814815 0.05260416666666667 0.03148148148148148
4 0.23515625 0.6157407407407407 0.03697916666666667 0.02962962962962963
1 0.2638020833333333 0.6425925925925926 0.009895833333333333 0.07222222222222222
3 0.3065104166666667 0.6453703703703704 0.04739583333333333 0.053703703703703705
1 0.3372395833333333 0.6356481481481482 0.016145833333333335 0.07685185185185185
5 0.3411458333333333 0.6134259259259259 0.07395833333333333 0.09537037037037037
3 0.3796875 0.638425925925926 0.041666666666666664 0.05277777777777778
3 0.39947916666666666 0.6282407407407408 0.036458333333333336 0.05462962962962963
3 0.41744791666666664 0.6314814814814815 0.025520833333333333 0.037037037037037035
3 0.43020833333333336 0.6217592592592592 0.023958333333333335 0.041666666666666664
3 0.46822916666666664 0.6148148148148148 0.014583333333333334 0.027777777777777776
1 0.4953125 0.6328703703703704 0.0125 0.06944444444444445
4 0.525 0.6064814814814815 0.020833333333333332 0.027777777777777776
2 0.5809895833333333 0.637962962962963 0.06614583333333333 0.13148148148148148
3 0.6901041666666666 0.6361111111111111 0.17708333333333334 0.1037037037037037
3 0.44088541666666664 0.6240740740740741 0.0203125 0.027777777777777776
3 0.48984375 0.6157407407407407 0.015104166666666667 0.016666666666666666
4 0.10833333333333334 0.6328703703703704 0.046875 0.03611111111111111
