4 0.12994791666666666 0.5912037037037037 0.2296875 0.31574074074074077
3 0.315625 0.6555555555555556 0.026041666666666668 0.046296296296296294
3 0.3614583333333333 0.6643518518518519 0.08958333333333333 0.13055555555555556
3 0.40911458333333334 0.6578703703703703 0.04010416666666667 0.07314814814814814
3 0.44088541666666664 0.6560185185185186 0.027604166666666666 0.041666666666666664
3 0.4705729166666667 0.6513888888888889 0.008854166666666666 0.013888888888888888
3 0.484375 0.6574074074074074 0.022916666666666665 0.03518518518518519
3 0.5078125 0.6648148148148149 0.0375 0.053703703703703705
4 0.6736979166666667 0.6546296296296297 0.0671875 0.1259259259259259
2 0.7830729166666667 0.6935185185185185 0.015104166666666667 0.04814814814814815
1 0.9046875 0.6949074074074074 0.009375 0.05462962962962963
2 0.9328125 0.7041666666666667 0.023958333333333335 0.062037037037037036
1 0.9721354166666667 0.7046296296296296 0.013020833333333334 0.05555555555555555
