1 0.90859375 0.6949074074074074 0.016145833333333335 0.0712962962962963
1 0.8971354166666666 0.6893518518518519 0.0140625 0.06759259259259259
1 0.8354166666666667 0.6865740740740741 0.015625 0.06944444444444445
1 0.8143229166666667 0.6898148148148148 0.015104166666666667 0.07222222222222222
1 0.7864583333333334 0.6907407407407408 0.014583333333333334 0.06666666666666667
2 0.73203125 0.6986111111111111 0.0390625 0.06388888888888888
2 0.40625 0.6726851851851852 0.03229166666666667 0.05462962962962963
1 0.2 0.6546296296296297 0.010416666666666666 0.053703703703703705
1 0.18880208333333334 0.6537037037037037 0.011979166666666667 0.05555555555555555
1 0.15260416666666668 0.649537037037037 0.013541666666666667 0.0712962962962963
1 0.09557291666666666 0.6504629629629629 0.011979166666666667 0.062037037037037036
1 0.075 0.6462962962962963 0.013541666666666667 0.05925925925925926
1 0.022395833333333334 0.6412037037037037 0.011458333333333333 0.06018518518518518
3 0.04375 0.6458333333333334 0.08541666666666667 0.05092592592592592
2 0.016145833333333335 0.6726851851851852 0.030208333333333334 0.08055555555555556
