3 0.0421875 0.6337962962962963 0.08229166666666667 0.0824074074074074
2 0.0984375 0.6513888888888889 0.0375 0.11574074074074074
3 0.4044270833333333 0.6138888888888889 0.028645833333333332 0.04259259259259259
2 0.45 0.6185185185185185 0.007291666666666667 0.02962962962962963
3 0.4703125 0.6143518518518518 0.010416666666666666 0.023148148148148147
3 0.48463541666666665 0.6148148148148148 0.0067708333333333336 0.014814814814814815
2 0.5013020833333334 0.6282407407407408 0.008854166666666666 0.04537037037037037
4 0.5119791666666667 0.6074074074074074 0.025 0.05
4 0.528125 0.6111111111111112 0.029166666666666667 0.06481481481481481
4 0.5609375 0.6203703703703703 0.04583333333333333 0.10555555555555556
1 0.7122395833333334 0.6435185185185185 0.0140625 0.08148148148148149
