5 0.88984375 0.5 0.2140625 0.9925925925925926
2 0.6875 0.6541666666666667 0.013541666666666667 0.04722222222222222
2 0.6096354166666667 0.6462962962962963 0.009895833333333333 0.03148148148148148
2 0.5830729166666667 0.6439814814814815 0.0067708333333333336 0.026851851851851852
3 0.56171875 0.649537037037037 0.04010416666666667 0.062037037037037036
3 0.54453125 0.6472222222222223 0.0203125 0.040740740740740744
3 0.5388020833333333 0.6402777777777777 0.0203125 0.041666666666666664
4 0.51953125 0.625462962962963 0.019270833333333334 0.041666666666666664
3 0.50234375 0.6643518518518519 0.05364583333333333 0.0787037037037037
3 0.46432291666666664 0.6398148148148148 0.015104166666666667 0.02962962962962963
3 0.45416666666666666 0.6425925925925926 0.023958333333333335 0.037037037037037035
3 0.43463541666666666 0.6370370370370371 0.016145833333333335 0.027777777777777776
3 0.3966145833333333 0.6643518518518519 0.0703125 0.09722222222222222
3 0.3494791666666667 0.662962962962963 0.11875 0.16111111111111112
5 0.28932291666666665 0.6087962962962963 0.14010416666666667 0.20462962962962963
3 0.15989583333333332 0.7439814814814815 0.315625 0.39351851851851855
