4 0.09973958333333334 0.5509259259259259 0.16927083333333334 0.23333333333333334
4 0.225 0.6 0.016666666666666666 0.027777777777777776
3 0.25234375 0.5995370370370371 0.021354166666666667 0.03796296296296296
3 0.2716145833333333 0.6134259259259259 0.022395833333333334 0.03981481481481482
1 0.28125 0.6162037037037037 0.014583333333333334 0.06944444444444445
3 0.29192708333333334 0.6148148148148148 0.043229166666666666 0.06851851851851852
2 0.41432291666666665 0.7171296296296297 0.23697916666666666 0.5638888888888889
6 0.6994791666666667 0.6560185185185186 0.058333333333333334 0.12314814814814815
2 0.75 0.6453703703703704 0.0375 0.11481481481481481
2 0.86640625 0.6560185185185186 0.06822916666666666 0.10833333333333334
