3 0.13046875 0.6648148148148149 0.2598958333333333 0.43148148148148147
3 0.2677083333333333 0.6375 0.13333333333333333 0.2212962962962963
3 0.31666666666666665 0.6157407407407407 0.046875 0.06666666666666667
3 0.39453125 0.6157407407407407 0.0203125 0.025925925925925925
3 0.4515625 0.6689814814814815 0.11979166666666667 0.16944444444444445
3 0.49192708333333335 0.6287037037037037 0.03802083333333333 0.07962962962962963
3 0.50625 0.6273148148148148 0.03854166666666667 0.06018518518518518
2 0.6174479166666667 0.638425925925926 0.016145833333333335 0.05277777777777778
2 0.6057291666666667 0.6407407407407407 0.013541666666666667 0.053703703703703705
2 0.5622395833333333 0.6342592592592593 0.0109375 0.03888888888888889
3 0.7505208333333333 0.7208333333333333 0.25833333333333336 0.27870370370370373
2 0.9270833333333334 0.6601851851851852 0.05 0.07962962962962963
4 0.34036458333333336 0.6083333333333333 0.0265625 0.04814814814814815
