2 0.15182291666666667 0.6638888888888889 0.027604166666666666 0.08703703703703704
3 0.43463541666666666 0.6537037037037037 0.0453125 0.06666666666666667
3 0.46067708333333335 0.6449074074074074 0.0171875 0.028703703703703703
3 0.48151041666666666 0.6439814814814815 0.0140625 0.021296296296296296
3 0.52265625 0.6523148148148148 0.03177083333333333 0.04722222222222222
3 0.5609375 0.6476851851851851 0.020833333333333332 0.03425925925925926
3 0.5901041666666667 0.6518518518518519 0.040625 0.06666666666666667
2 0.8416666666666667 0.6680555555555555 0.036458333333333336 0.125
1 0.8197916666666667 0.6643518518518519 0.01875 0.10648148148148148
1 0.98046875 0.6643518518518519 0.015104166666666667 0.10277777777777777
1 0.9513020833333333 0.6615740740740741 0.015104166666666667 0.0787037037037037
3 0.9760416666666667 0.6638888888888889 0.04895833333333333 0.06666666666666667
3 0.9434895833333333 0.6537037037037037 0.0671875 0.07592592592592592
3 0.8955729166666667 0.6555555555555556 0.058854166666666666 0.06481481481481481
3 0.8677083333333333 0.6574074074074074 0.05520833333333333 0.05
