3 0.011458333333333333 0.7018518518518518 0.022916666666666665 0.10740740740740741
4 0.019010416666666665 0.6569444444444444 0.03802083333333333 0.1398148148148148
3 0.09270833333333334 0.6981481481481482 0.046875 0.06851851851851852
3 0.17109375 0.725462962962963 0.11510416666666666 0.16018518518518518
5 0.17395833333333333 0.6481481481481481 0.08541666666666667 0.1259259259259259
1 0.3927083333333333 0.7087962962962963 0.016666666666666666 0.0787037037037037
1 0.6450520833333333 0.7277777777777777 0.021354166666666667 0.10925925925925926
2 0.6151041666666667 0.7143518518518519 0.034375 0.09722222222222222
1 0.5958333333333333 0.7212962962962963 0.017708333333333333 0.11666666666666667
1 0.5802083333333333 0.7310185185185185 0.019791666666666666 0.12129629629629629
