3 0.1984375 0.512962962962963 0.3770833333333333 0.7648148148148148
3 0.41015625 0.6504629629629629 0.08802083333333334 0.14722222222222223
2 0.5463541666666667 0.6513888888888889 0.03229166666666667 0.11388888888888889
2 0.53046875 0.6439814814814815 0.03177083333333333 0.11574074074074074
2 0.62109375 0.6527777777777778 0.043229166666666666 0.17962962962962964
2 0.6005208333333333 0.649537037037037 0.05625 0.1175925925925926
2 0.6234375 0.6472222222222223 0.052083333333333336 0.11481481481481481
2 0.6559895833333333 0.6555555555555556 0.0515625 0.1037037037037037
1 0.7020833333333333 0.6587962962962963 0.029166666666666667 0.12314814814814815
2 0.8098958333333334 0.6680555555555555 0.07708333333333334 0.12685185185185185
2 0.7940104166666667 0.6703703703703704 0.06927083333333334 0.11851851851851852
2 0.8635416666666667 0.6726851851851852 0.065625 0.11574074074074074
