1 0.12005208333333334 0.6421296296296296 0.0078125 0.03796296296296296
2 0.17291666666666666 0.6453703703703704 0.014583333333333334 0.037037037037037035
2 0.253125 0.6416666666666667 0.009375 0.03148148148148148
2 0.26640625 0.6453703703703704 0.013020833333333334 0.04259259259259259
2 0.3651041666666667 0.649074074074074 0.011458333333333333 0.03888888888888889
3 0.37734375 0.6439814814814815 0.0359375 0.028703703703703703
3 0.42239583333333336 0.6800925925925926 0.058333333333333334 0.08611111111111111
3 0.5255208333333333 0.7555555555555555 0.22395833333333334 0.3592592592592593
2 0.6682291666666667 0.6648148148148149 0.023958333333333335 0.05740740740740741
1 0.8192708333333333 0.6638888888888889 0.0125 0.04814814814814815
2 0.8049479166666667 0.6620370370370371 0.0140625 0.046296296296296294
3 0.9463541666666667 0.6620370370370371 0.08229166666666667 0.03888888888888889
3 0.9046875 0.6587962962962963 0.05625 0.04722222222222222
2 0.7390625 0.6662037037037037 0.022916666666666665 0.05092592592592592
