3 0.9713541666666666 0.7972222222222223 0.057291666666666664 0.12777777777777777
3 0.8856770833333333 0.7685185185185185 0.19010416666666666 0.15
2 0.7546875 0.7833333333333333 0.04479166666666667 0.17407407407407408
1 0.7 0.7430555555555556 0.013541666666666667 0.06944444444444445
1 0.6854166666666667 0.7458333333333333 0.011458333333333333 0.07685185185185185
1 0.66796875 0.7476851851851852 0.0140625 0.0712962962962963
1 0.6575520833333334 0.7467592592592592 0.011979166666666667 0.0824074074074074
1 0.6177083333333333 0.7481481481481481 0.011458333333333333 0.07777777777777778
2 0.5828125 0.7550925925925925 0.023958333333333335 0.08981481481481482
2 0.54921875 0.7476851851851852 0.0140625 0.05648148148148148
5 0.5088541666666667 0.7092592592592593 0.015625 0.022222222222222223
3 0.4903645833333333 0.712037037037037 0.0109375 0.018518518518518517
3 0.48072916666666665 0.7189814814814814 0.01875 0.026851851851851852
3 0.46119791666666665 0.7171296296296297 0.016145833333333335 0.023148148148148147
5 0.43255208333333334 0.7060185185185185 0.0390625 0.05648148148148148
3 0.40989583333333335 0.7143518518518519 0.028125 0.041666666666666664
3 0.37265625 0.7263888888888889 0.027604166666666666 0.03425925925925926
4 0.3494791666666667 0.7162037037037037 0.053125 0.05648148148148148
4 0.28567708333333336 0.687962962962963 0.1109375 0.12962962962962962
3 0.21901041666666668 0.7273148148148149 0.0578125 0.06759259259259259
3 0.12369791666666667 0.7893518518518519 0.2421875 0.27314814814814814
4 0.10364583333333334 0.6620370370370371 0.20625 0.26481481481481484
