3 0.5169270833333334 0.6476851851851851 0.011979166666666667 0.021296296296296296
3 0.5046875 0.649537037037037 0.01875 0.03425925925925926
3 0.48098958333333336 0.6518518518518519 0.030729166666666665 0.06666666666666667
3 0.6421875 0.6689814814814815 0.10625 0.062037037037037036
1 0.59140625 0.6949074074074074 0.044270833333333336 0.16574074074074074
3 0.7260416666666667 0.7175925925925926 0.165625 0.20185185185185187
3 0.8778645833333333 0.7759259259259259 0.24427083333333333 0.3685185185185185
3 0.21432291666666667 0.675 0.2109375 0.14444444444444443
1 0.18307291666666667 0.7212962962962963 0.04739583333333333 0.31296296296296294
3 0.11614583333333334 0.6787037037037037 0.23229166666666667 0.25
