3 0.8955729166666667 0.6305555555555555 0.0796875 0.06111111111111111
2 0.8427083333333333 0.6518518518518519 0.022916666666666665 0.0962962962962963
2 0.7791666666666667 0.6523148148148148 0.027083333333333334 0.08981481481481482
3 0.7356770833333334 0.6430555555555556 0.09427083333333333 0.05648148148148148
3 0.4700520833333333 0.7657407407407407 0.4171875 0.4703703703703704
3 0.32109375 0.6236111111111111 0.024479166666666666 0.03611111111111111
3 0.2984375 0.6240740740740741 0.020833333333333332 0.03333333333333333
3 0.27578125 0.6231481481481481 0.0296875 0.04259259259259259
4 0.109375 0.6212962962962963 0.16875 0.1814814814814815
3 0.05625 0.6763888888888889 0.11145833333333334 0.49166666666666664
