1 0.8786458333333333 0.6875 0.03229166666666667 0.14351851851851852
2 0.41041666666666665 0.6412037037037037 0.01875 0.05277777777777778
3 0.27578125 0.6282407407407408 0.0328125 0.049074074074074076
3 0.22369791666666666 0.6259259259259259 0.025520833333333333 0.03148148148148148
3 0.18385416666666668 0.6226851851851852 0.025 0.03796296296296296
3 0.1515625 0.6273148148148148 0.03854166666666667 0.05092592592592592
3 0.12057291666666667 0.6217592592592592 0.025520833333333333 0.030555555555555555
3 0.084375 0.6180555555555556 0.022916666666666665 0.028703703703703703
3 0.07838541666666667 0.6129629629629629 0.019270833333333334 0.018518518518518517
3 0.026041666666666668 0.6171296296296296 0.011458333333333333 0.017592592592592594
