5 0.2 0.6037037037037037 0.08541666666666667 0.10555555555555556
3 0.2546875 0.6162037037037037 0.029166666666666667 0.049074074074074076
3 0.2872395833333333 0.6217592592592592 0.018229166666666668 0.023148148148148147
3 0.33880208333333334 0.637962962962963 0.0640625 0.11296296296296296
3 0.37135416666666665 0.6296296296296297 0.036458333333333336 0.053703703703703705
3 0.4036458333333333 0.6101851851851852 0.014583333333333334 0.02962962962962963
3 0.4114583333333333 0.6189814814814815 0.019791666666666666 0.028703703703703703
3 0.4317708333333333 0.6138888888888889 0.022916666666666665 0.053703703703703705
4 0.44765625 0.600925925925926 0.009895833333333333 0.022222222222222223
4 0.4510416666666667 0.5967592592592592 0.010416666666666666 0.028703703703703703
4 0.4861979166666667 0.5921296296296297 0.0390625 0.09351851851851851
3 0.5255208333333333 0.6199074074074075 0.023958333333333335 0.030555555555555555
3 0.5356770833333333 0.6263888888888889 0.028645833333333332 0.032407407407407406
3 0.56484375 0.6263888888888889 0.03802083333333333 0.049074074074074076
