2 0.5153645833333333 0.7310185185185185 0.10052083333333334 0.41759259259259257
2 0.7763020833333333 0.6564814814814814 0.03697916666666667 0.17777777777777778
4 0.6934895833333333 0.5944444444444444 0.0828125 0.17222222222222222
3 0.6434895833333333 0.6212962962962963 0.0421875 0.07037037037037037
3 0.6302083333333334 0.6222222222222222 0.03125 0.05185185185185185
3 0.6252604166666667 0.6148148148148148 0.0296875 0.05185185185185185
3 0.6088541666666667 0.612037037037037 0.022916666666666665 0.037037037037037035
3 0.5971354166666667 0.6106481481481482 0.0171875 0.026851851851851852
2 0.5859375 0.6097222222222223 0.008333333333333333 0.041666666666666664
3 0.56015625 0.6046296296296296 0.008854166666666666 0.012962962962962963
3 0.44453125 0.6166666666666667 0.0296875 0.040740740740740744
2 0.42994791666666665 0.6458333333333334 0.1015625 0.1712962962962963
2 0.3932291666666667 0.6199074074074075 0.014583333333333334 0.05277777777777778
1 0.016145833333333335 0.5675925925925925 0.010416666666666666 0.06481481481481481
