1 0.9330729166666667 0.6986111111111111 0.0171875 0.06944444444444445
1 0.9138020833333333 0.7166666666666667 0.019270833333333334 0.09814814814814815
1 0.8942708333333333 0.7148148148148148 0.020833333333333332 0.09814814814814815
1 0.8799479166666667 0.7189814814814814 0.022395833333333334 0.10092592592592593
1 0.8684895833333334 0.7162037037037037 0.0140625 0.09351851851851851
1 0.8520833333333333 0.7194444444444444 0.017708333333333333 0.1111111111111111
1 0.8325520833333333 0.7194444444444444 0.021354166666666667 0.1037037037037037
3 0.75859375 0.7527777777777778 0.1984375 0.13518518518518519
3 0.6703125 0.7328703703703704 0.11875 0.11018518518518519
1 0.6333333333333333 0.7342592592592593 0.026041666666666668 0.14444444444444443
3 0.4200520833333333 0.7736111111111111 0.19947916666666668 0.2972222222222222
3 0.27578125 0.6962962962962963 0.08385416666666666 0.1425925925925926
3 0.24739583333333334 0.6893518518518519 0.051041666666666666 0.09537037037037037
3 0.22526041666666666 0.6819444444444445 0.0421875 0.0712962962962963
4 0.19270833333333334 0.6421296296296296 0.06041666666666667 0.10833333333333334
4 0.13880208333333333 0.6481481481481481 0.05364583333333333 0.09259259259259259
3 0.14401041666666667 0.6773148148148148 0.05677083333333333 0.0824074074074074
2 0.0890625 0.6504629629629629 0.0125 0.030555555555555555
3 0.06145833333333333 0.6564814814814814 0.03229166666666667 0.04814814814814815
3 0.040625 0.6486111111111111 0.014583333333333334 0.021296296296296296
3 0.03515625 0.6472222222222223 0.011979166666666667 0.020370370370370372
3 0.013541666666666667 0.6458333333333334 0.013541666666666667 0.019444444444444445
3 0.0234375 0.6458333333333334 0.008333333333333333 0.013888888888888888
