5 0.44375 0.6439814814814815 0.013541666666666667 0.026851851851851852
1 0.46041666666666664 0.6578703703703703 0.007291666666666667 0.032407407407407406
3 0.49895833333333334 0.6800925925925926 0.07395833333333333 0.13425925925925927
1 0.5747395833333333 0.6611111111111111 0.0078125 0.05740740740740741
1 0.6052083333333333 0.662962962962963 0.010416666666666666 0.05740740740740741
1 0.6002604166666666 0.6611111111111111 0.009895833333333333 0.05185185185185185
2 0.6453125 0.7842592592592592 0.09791666666666667 0.43148148148148147
3 0.7294270833333333 0.7236111111111111 0.16510416666666666 0.18425925925925926
3 0.86953125 0.7717592592592593 0.2609375 0.30833333333333335
1 0.7950520833333333 0.6944444444444444 0.0234375 0.14074074074074075
