2 0.35572916666666665 0.6754629629629629 0.042708333333333334 0.10092592592592593
3 0.31354166666666666 0.6578703703703703 0.04791666666666667 0.062037037037037036
3 0.3567708333333333 0.6550925925925926 0.03125 0.04351851851851852
3 0.4036458333333333 0.6513888888888889 0.03229166666666667 0.04722222222222222
3 0.51015625 0.6421296296296296 0.019270833333333334 0.028703703703703703
3 0.6583333333333333 0.6685185185185185 0.04479166666666667 0.05925925925925926
3 0.6234375 0.6569444444444444 0.03125 0.05462962962962963
3 0.6130208333333333 0.6587962962962963 0.029166666666666667 0.04722222222222222
1 0.6966145833333334 0.6712962962962963 0.0171875 0.08148148148148149
4 0.9440104166666666 0.6351851851851852 0.1109375 0.22037037037037038
2 0.19791666666666666 0.6717592592592593 0.01875 0.07314814814814814
2 0.18020833333333333 0.6662037037037037 0.035416666666666666 0.06759259259259259
1 0.14947916666666666 0.6773148148148148 0.01875 0.08055555555555556
1 0.13671875 0.6819444444444445 0.0171875 0.07314814814814814
1 0.11510416666666666 0.6837962962962963 0.0125 0.075
1 0.09296875 0.6726851851851852 0.0171875 0.09166666666666666
1 0.03671875 0.687037037037037 0.0296875 0.12407407407407407
1 0.06145833333333333 0.6759259259259259 0.015625 0.08888888888888889
1 0.007291666666666667 0.6847222222222222 0.014583333333333334 0.0824074074074074
