4 0.05520833333333333 0.5824074074074074 0.11041666666666666 0.4222222222222222
3 0.10520833333333333 0.6888888888888889 0.022916666666666665 0.03333333333333333
3 0.12421875 0.6884259259259259 0.0203125 0.030555555555555555
4 0.13567708333333334 0.6689814814814815 0.0296875 0.05277777777777778
3 0.21067708333333332 0.6731481481481482 0.09114583333333333 0.15185185185185185
2 0.35234375 0.6842592592592592 0.018229166666666668 0.05
2 0.3932291666666667 0.6833333333333333 0.027083333333333334 0.05
2 0.4109375 0.6842592592592592 0.028125 0.05555555555555555
1 0.29635416666666664 0.6847222222222222 0.008333333333333333 0.03611111111111111
6 0.48098958333333336 0.6759259259259259 0.05260416666666667 0.06851851851851852
2 0.5080729166666667 0.6754629629629629 0.0140625 0.06759259259259259
1 0.5682291666666667 0.6773148148148148 0.019791666666666666 0.062037037037037036
1 0.5971354166666667 0.6731481481481482 0.0140625 0.05740740740740741
1 0.615625 0.6680555555555555 0.028125 0.09166666666666666
1 0.65234375 0.663425925925926 0.0234375 0.09907407407407408
1 0.6734375 0.6587962962962963 0.025 0.09907407407407408
1 0.69453125 0.6606481481481481 0.022395833333333334 0.10833333333333334
2 0.7380208333333333 0.6759259259259259 0.03958333333333333 0.05740740740740741
1 0.79296875 0.6675925925925926 0.0265625 0.10925925925925926
1 0.8200520833333333 0.6625 0.021354166666666667 0.11203703703703703
1 0.834375 0.6824074074074075 0.022916666666666665 0.1037037037037037
1 0.84453125 0.674074074074074 0.022395833333333334 0.12962962962962962
1 0.86015625 0.6699074074074074 0.0234375 0.13240740740740742
1 0.9635416666666666 0.6939814814814815 0.023958333333333335 0.09907407407407408
1 0.9606770833333333 0.6694444444444444 0.03697916666666667 0.14444444444444443
1 0.8942708333333333 0.6782407407407407 0.028125 0.10833333333333334
5 0.95 0.6129629629629629 0.09895833333333333 0.17777777777777778
