3 0.4083333333333333 0.7550925925925925 0.26875 0.2898148148148148
3 0.5065104166666666 0.6925925925925925 0.0546875 0.10555555555555556
3 0.56484375 0.6893518518518519 0.05677083333333333 0.09166666666666666
3 0.5848958333333333 0.6694444444444444 0.05416666666666667 0.03333333333333333
2 0.6455729166666667 0.7074074074074074 0.04114583333333333 0.14814814814814814
2 0.6869791666666667 0.6953703703703704 0.035416666666666666 0.1574074074074074
3 0.6895833333333333 0.6625 0.057291666666666664 0.04722222222222222
1 0.7549479166666667 0.6657407407407407 0.016145833333333335 0.07592592592592592
3 0.053125 0.7736111111111111 0.10625 0.3509259259259259
3 0.0578125 0.6851851851851852 0.10416666666666667 0.14444444444444443
3 0.09609375 0.6907407407407408 0.10052083333333334 0.10740740740740741
3 0.11901041666666666 0.6976851851851852 0.10677083333333333 0.09351851851851851
3 0.22005208333333334 0.6851851851851852 0.11510416666666666 0.08518518518518518
3 0.2526041666666667 0.6861111111111111 0.10416666666666667 0.08333333333333333
3 0.2953125 0.6763888888888889 0.06458333333333334 0.05648148148148148
