2 0.9505208333333334 0.7439814814814815 0.078125 0.2101851851851852
3 0.9315104166666667 0.6717592592592593 0.09635416666666667 0.06759259259259259
2 0.7997395833333333 0.7101851851851851 0.0421875 0.11851851851851852
6 0.7549479166666667 0.6902777777777778 0.033854166666666664 0.09907407407407408
3 0.6979166666666666 0.6689814814814815 0.052083333333333336 0.030555555555555555
3 0.5708333333333333 0.6958333333333333 0.052083333333333336 0.07685185185185185
3 0.5408854166666667 0.674537037037037 0.025520833333333333 0.041666666666666664
3 0.4544270833333333 0.7171296296296297 0.11822916666666666 0.16203703703703703
4 0.40703125 0.6541666666666667 0.0421875 0.075
3 0.3658854166666667 0.6773148148148148 0.0421875 0.049074074074074076
3 0.31614583333333335 0.6773148148148148 0.06041666666666667 0.06944444444444445
3 0.21875 0.6893518518518519 0.09270833333333334 0.09351851851851851
3 0.07552083333333333 0.6671296296296296 0.06875 0.05277777777777778
3 0.04765625 0.7060185185185185 0.09322916666666667 0.1675925925925926
