1 0.13619791666666667 0.5990740740740741 0.009895833333333333 0.046296296296296294
3 0.15729166666666666 0.6319444444444444 0.075 0.0712962962962963
2 0.23489583333333333 0.6231481481481481 0.015625 0.07037037037037037
2 0.3450520833333333 0.6175925925925926 0.015104166666666667 0.03518518518518519
3 0.38177083333333334 0.6194444444444445 0.016666666666666666 0.025925925925925925
3 0.3684895833333333 0.6189814814814815 0.015104166666666667 0.026851851851851852
5 0.37994791666666666 0.6097222222222223 0.0203125 0.04351851851851852
3 0.42213541666666665 0.6203703703703703 0.028645833333333332 0.025925925925925925
2 0.44036458333333334 0.6189814814814815 0.0109375 0.026851851851851852
2 0.44765625 0.6231481481481481 0.008854166666666666 0.03333333333333333
3 0.4828125 0.6208333333333333 0.034375 0.026851851851851852
2 0.48411458333333335 0.6356481481481482 0.0171875 0.07314814814814814
1 0.9330729166666667 0.6041666666666666 0.013020833333333334 0.08611111111111111
1 0.8325520833333333 0.6134259259259259 0.0265625 0.11388888888888889
3 0.8299479166666667 0.6171296296296296 0.10572916666666667 0.08981481481481482
3 0.6864583333333333 0.6097222222222223 0.084375 0.075
3 0.6502604166666667 0.6143518518518518 0.05677083333333333 0.062037037037037036
3 0.6052083333333333 0.6175925925925926 0.057291666666666664 0.046296296296296294
3 0.5888020833333333 0.6157407407407407 0.04635416666666667 0.04259259259259259
3 0.5671875 0.6162037037037037 0.04479166666666667 0.03981481481481482
