3 0.86328125 0.7763888888888889 0.27239583333333334 0.3824074074074074
3 0.6036458333333333 0.7189814814814814 0.27291666666666664 0.2361111111111111
3 0.4375 0.663425925925926 0.13541666666666666 0.1787037037037037
3 0.3611979166666667 0.6347222222222222 0.1171875 0.16574074074074074
3 0.30963541666666666 0.6550925925925926 0.06197916666666667 0.0824074074074074
3 0.2828125 0.6509259259259259 0.051041666666666666 0.07037037037037037
3 0.2609375 0.6449074074074074 0.04479166666666667 0.062037037037037036
3 0.24765625 0.6430555555555556 0.0359375 0.05277777777777778
3 0.23463541666666668 0.6393518518518518 0.03697916666666667 0.04537037037037037
3 0.21875 0.6333333333333333 0.030208333333333334 0.04814814814814815
3 0.20963541666666666 0.6356481481481482 0.024479166666666666 0.03611111111111111
3 0.19869791666666667 0.6319444444444444 0.0234375 0.032407407407407406
3 0.18645833333333334 0.6291666666666667 0.015625 0.026851851851851852
2 0.16927083333333334 0.6398148148148148 0.016666666666666666 0.05555555555555555
3 0.15677083333333333 0.6324074074074074 0.021875 0.02962962962962963
3 0.146875 0.6226851851851852 0.010416666666666666 0.019444444444444445
2 0.11015625 0.6287037037037037 0.005729166666666666 0.020370370370370372
2 0.0953125 0.6324074074074074 0.010416666666666666 0.03518518518518519
2 0.05416666666666667 0.6351851851851852 0.019791666666666666 0.06111111111111111
2 0.0203125 0.6481481481481481 0.025 0.07222222222222222
1 0.015364583333333333 0.6291666666666667 0.0109375 0.05648148148148148
