2 0.28125 0.7087962962962963 0.14791666666666667 0.2601851851851852
2 0.065625 0.6365740740740741 0.11354166666666667 0.22314814814814815
3 0.028125 0.6208333333333333 0.05520833333333333 0.18425925925925926
3 0.10625 0.6106481481481482 0.18541666666666667 0.18981481481481483
3 0.24244791666666668 0.6365740740740741 0.1921875 0.13796296296296295
3 0.34817708333333336 0.6208333333333333 0.1828125 0.16018518518518518
3 0.4401041666666667 0.6449074074074074 0.14270833333333333 0.10277777777777777
1 0.41067708333333336 0.6101851851851852 0.018229166666666668 0.09074074074074075
3 0.5403645833333334 0.6375 0.14947916666666666 0.1175925925925926
1 0.615625 0.6546296296296297 0.025 0.12037037037037036
3 0.60234375 0.6481481481481481 0.1171875 0.08518518518518518
3 0.65078125 0.6481481481481481 0.1078125 0.07962962962962963
2 0.7424479166666667 0.6564814814814814 0.0359375 0.1
3 0.7166666666666667 0.6523148148148148 0.075 0.075
3 0.7356770833333334 0.6504629629629629 0.0765625 0.06944444444444445
3 0.8541666666666666 0.6532407407407408 0.059375 0.05648148148148148
3 0.9114583333333334 0.649074074074074 0.06354166666666666 0.044444444444444446
1 0.9263020833333333 0.6481481481481481 0.011979166666666667 0.05555555555555555
3 0.9408854166666667 0.6458333333333334 0.058854166666666666 0.04722222222222222
3 0.9640625 0.6476851851851851 0.03958333333333333 0.03981481481481482
4 0.9877604166666667 0.637962962962963 0.024479166666666666 0.044444444444444446
3 0.990625 0.649074074074074 0.017708333333333333 0.03148148148148148
