1 0.025520833333333333 0.6212962962962963 0.017708333333333333 0.07962962962962963
1 0.084375 0.6273148148148148 0.0125 0.08055555555555556
3 0.0359375 0.7754629629629629 0.071875 0.30462962962962964
2 0.13385416666666666 0.65 0.03333333333333333 0.12037037037037036
3 0.20572916666666666 0.6560185185185186 0.17604166666666668 0.21944444444444444
3 0.39453125 0.7518518518518519 0.31614583333333335 0.45185185185185184
2 0.5505208333333333 0.6287037037037037 0.014583333333333334 0.05555555555555555
2 0.52890625 0.6268518518518519 0.0109375 0.05925925925925926
2 0.5708333333333333 0.638425925925926 0.01875 0.09907407407407408
3 0.5622395833333333 0.6282407407407408 0.0140625 0.062037037037037036
3 0.59453125 0.6300925925925925 0.05364583333333333 0.058333333333333334
2 0.60859375 0.6398148148148148 0.0234375 0.0962962962962963
1 0.75234375 0.6138888888888889 0.018229166666666668 0.08333333333333333
1 0.7080729166666667 0.6018518518518519 0.0109375 0.05925925925925926
1 0.6986979166666667 0.6055555555555555 0.0109375 0.05740740740740741
2 0.9653645833333333 0.662962962962963 0.06927083333333334 0.36666666666666664
