2 0.8807291666666667 0.7060185185185185 0.06770833333333333 0.18611111111111112
1 0.7927083333333333 0.675 0.025 0.1425925925925926
2 0.7895833333333333 0.6277777777777778 0.020833333333333332 0.1
3 0.7901041666666667 0.6018518518518519 0.07916666666666666 0.040740740740740744
3 0.7557291666666667 0.5916666666666667 0.06979166666666667 0.04259259259259259
3 0.6994791666666667 0.7060185185185185 0.16041666666666668 0.21388888888888888
2 0.6828125 0.5907407407407408 0.00625 0.024074074074074074
1 0.6588541666666666 0.5972222222222222 0.00625 0.037037037037037035
2 0.65078125 0.6064814814814815 0.0109375 0.044444444444444446
2 0.63671875 0.5990740740740741 0.008854166666666666 0.04259259259259259
5 0.64140625 0.5828703703703704 0.030729166666666665 0.06388888888888888
4 0.61953125 0.586574074074074 0.021354166666666667 0.05092592592592592
3 0.60625 0.6259259259259259 0.041666666666666664 0.06851851851851852
3 0.56953125 0.5958333333333333 0.028645833333333332 0.03796296296296296
3 0.56796875 0.6550925925925926 0.07552083333333333 0.10092592592592593
3 0.53359375 0.611574074074074 0.0328125 0.05092592592592592
3 0.5166666666666667 0.6268518518518519 0.052083333333333336 0.06851851851851852
3 0.4934895833333333 0.6064814814814815 0.025520833333333333 0.037037037037037035
3 0.47291666666666665 0.611574074074074 0.0375 0.05092592592592592
3 0.44765625 0.6134259259259259 0.03802083333333333 0.05462962962962963
3 0.4244791666666667 0.6125 0.06041666666666667 0.0787037037037037
3 0.3651041666666667 0.638425925925926 0.08854166666666667 0.10092592592592593
4 0.35625 0.5990740740740741 0.090625 0.14074074074074075
3 0.23932291666666666 0.6643518518518519 0.13489583333333333 0.13425925925925927
3 0.17838541666666666 0.8199074074074074 0.3546875 0.36203703703703705
1 0.04869791666666667 0.6319444444444444 0.011979166666666667 0.07685185185185185
1 0.06276041666666667 0.6351851851851852 0.011979166666666667 0.07222222222222222
1 0.019270833333333334 0.637962962962963 0.0125 0.07037037037037037
