2 0.09765625 0.6842592592592592 0.19635416666666666 0.30185185185185187
3 0.10572916666666667 0.6578703703703703 0.209375 0.15833333333333333
4 0.2669270833333333 0.6236111111111111 0.19947916666666668 0.13425925925925927
3 0.17994791666666668 0.6361111111111111 0.12447916666666667 0.11481481481481481
1 0.40390625 0.625 0.025520833333333333 0.05
3 0.40234375 0.6226851851851852 0.03177083333333333 0.04722222222222222
3 0.44635416666666666 0.6199074074074075 0.030208333333333334 0.04722222222222222
4 0.4158854166666667 0.6101851851851852 0.030729166666666665 0.05185185185185185
3 0.4596354166666667 0.6236111111111111 0.019270833333333334 0.03796296296296296
3 0.4674479166666667 0.6236111111111111 0.018229166666666668 0.032407407407407406
3 0.5372395833333333 0.6388888888888888 0.10989583333333333 0.07592592592592592
3 0.5059895833333333 0.6273148148148148 0.0296875 0.06759259259259259
3 0.6643229166666667 0.6606481481481481 0.16197916666666667 0.10648148148148148
3 0.73671875 0.6541666666666667 0.14114583333333333 0.10277777777777777
3 0.971875 0.6689814814814815 0.05520833333333333 0.062037037037037036
4 0.8833333333333333 0.6203703703703703 0.18854166666666666 0.14629629629629629
