1 0.10182291666666667 0.6759259259259259 0.0234375 0.05185185185185185
1 0.10807291666666667 0.6583333333333333 0.009895833333333333 0.03888888888888889
1 0.15364583333333334 0.6611111111111111 0.009375 0.04259259259259259
1 0.140625 0.6592592592592592 0.010416666666666666 0.037037037037037035
1 0.13098958333333333 0.6611111111111111 0.0067708333333333336 0.037037037037037035
3 0.26197916666666665 0.6819444444444445 0.09895833333333333 0.10833333333333334
3 0.19322916666666667 0.6819444444444445 0.075 0.08796296296296297
3 0.32109375 0.6782407407407407 0.030729166666666665 0.04537037037037037
5 0.35859375 0.6518518518518519 0.058854166666666666 0.10185185185185185
3 0.40338541666666666 0.6694444444444444 0.028645833333333332 0.037037037037037035
3 0.42083333333333334 0.6638888888888889 0.021875 0.03148148148148148
3 0.43984375 0.6569444444444444 0.009895833333333333 0.017592592592592594
3 0.44765625 0.6532407407407408 0.013020833333333334 0.028703703703703703
3 0.50078125 0.7 0.11302083333333333 0.19074074074074074
1 0.6640625 0.6689814814814815 0.009375 0.041666666666666664
3 0.7723958333333333 0.7564814814814815 0.221875 0.23148148148148148
