3 0.46822916666666664 0.6662037037037037 0.06458333333333334 0.125
3 0.42265625 0.6615740740740741 0.027604166666666666 0.03981481481481482
3 0.3841145833333333 0.6759259259259259 0.044270833333333336 0.06666666666666667
3 0.3606770833333333 0.6726851851851852 0.05364583333333333 0.09166666666666666
3 0.32890625 0.6861111111111111 0.07760416666666667 0.10925925925925926
3 0.25859375 0.7074074074074074 0.14947916666666666 0.1648148148148148
3 0.1609375 0.6865740740740741 0.06458333333333334 0.08055555555555556
1 0.14192708333333334 0.6685185185185185 0.018229166666666668 0.07592592592592592
3 0.1140625 0.6657407407407407 0.057291666666666664 0.05185185185185185
3 0.05364583333333333 0.6592592592592592 0.10729166666666666 0.1
3 0.028125 0.6648148148148149 0.057291666666666664 0.09444444444444444
