3 0.04479166666666667 0.6712962962962963 0.08958333333333333 0.16111111111111112
3 0.12135416666666667 0.6865740740740741 0.18854166666666666 0.14351851851851852
3 0.29765625 0.6472222222222223 0.03697916666666667 0.03148148148148148
2 0.36302083333333335 0.6574074074074074 0.020833333333333332 0.07222222222222222
3 0.9002604166666667 0.7828703703703703 0.1984375 0.43425925925925923
3 0.7731770833333333 0.711574074074074 0.18802083333333333 0.22870370370370371
3 0.6966145833333334 0.6824074074074075 0.1421875 0.14444444444444443
3 0.6388020833333333 0.6620370370370371 0.1046875 0.12407407407407407
3 0.5848958333333333 0.6611111111111111 0.07708333333333334 0.08148148148148149
3 0.5484375 0.6583333333333333 0.058333333333333334 0.06666666666666667
3 0.5125 0.6546296296296297 0.053125 0.05740740740740741
3 0.47734375 0.649074074074074 0.050520833333333334 0.05555555555555555
3 0.44921875 0.6513888888888889 0.043229166666666666 0.04351851851851852
3 0.4200520833333333 0.65 0.04010416666666667 0.040740740740740744
3 0.38776041666666666 0.6476851851851851 0.03802083333333333 0.04351851851851852
3 0.3502604166666667 0.6481481481481481 0.049479166666666664 0.03333333333333333
