3 0.08802083333333334 0.65 0.12395833333333334 0.1388888888888889
2 0.1890625 0.6425925925925926 0.027083333333333334 0.1037037037037037
3 0.33880208333333334 0.6967592592592593 0.24322916666666666 0.15648148148148147
2 0.5158854166666667 0.7152777777777778 0.08072916666666667 0.21944444444444444
2 0.5515625 0.6708333333333333 0.05 0.10277777777777777
1 0.59765625 0.6694444444444444 0.0265625 0.13518518518518519
1 0.62578125 0.6893518518518519 0.025520833333333333 0.12685185185185185
2 0.6989583333333333 0.7041666666666667 0.096875 0.13796296296296295
1 0.7903645833333334 0.7 0.019270833333333334 0.14444444444444443
2 0.83359375 0.7050925925925926 0.07447916666666667 0.1398148148148148
1 0.8658854166666666 0.6976851851851852 0.021354166666666667 0.15462962962962962
3 0.8838541666666667 0.7347222222222223 0.23229166666666667 0.18055555555555555
1 0.6674479166666667 0.6847222222222222 0.022395833333333334 0.11574074074074074
1 0.7182291666666667 0.6787037037037037 0.020833333333333332 0.1037037037037037
