5 0.1015625 0.6328703703703704 0.08958333333333333 0.1527777777777778
1 0.012239583333333333 0.6615740740740741 0.0171875 0.06388888888888888
5 0.14427083333333332 0.6462962962962963 0.05 0.08703703703703704
6 0.19322916666666667 0.6675925925925926 0.017708333333333333 0.06111111111111111
6 0.17734375 0.6689814814814815 0.016145833333333335 0.04537037037037037
3 0.31666666666666665 0.6722222222222223 0.027083333333333334 0.04814814814814815
5 0.4705729166666667 0.6583333333333333 0.13072916666666667 0.11666666666666667
1 0.6015625 0.6972222222222222 0.013541666666666667 0.05925925925925926
5 0.7421875 0.6601851851851852 0.26875 0.21296296296296297
3 0.875 0.7180555555555556 0.08333333333333333 0.0787037037037037
