1 0.9854166666666667 0.7523148148148148 0.027083333333333334 0.18611111111111112
2 0.6893229166666667 0.762962962962963 0.04114583333333333 0.1925925925925926
3 0.48802083333333335 0.712037037037037 0.019791666666666666 0.027777777777777776
3 0.47213541666666664 0.7074074074074074 0.0109375 0.018518518518518517
3 0.4588541666666667 0.711574074074074 0.022916666666666665 0.03425925925925926
3 0.4203125 0.7106481481481481 0.01875 0.030555555555555555
3 0.38203125 0.7351851851851852 0.0859375 0.10740740740740741
3 0.33229166666666665 0.7199074074074074 0.06458333333333334 0.06388888888888888
3 0.26145833333333335 0.7106481481481481 0.09375 0.13240740740740742
3 0.1890625 0.7351851851851852 0.115625 0.13148148148148148
1 0.1734375 0.7268518518518519 0.03958333333333333 0.1962962962962963
3 0.08046875 0.7375 0.1578125 0.21574074074074073
