3 0.08828125 0.712037037037037 0.1734375 0.3314814814814815
3 0.23880208333333333 0.6921296296296297 0.27447916666666666 0.16944444444444445
3 0.4395833333333333 0.6759259259259259 0.09375 0.11666666666666667
3 0.48098958333333336 0.6685185185185185 0.0640625 0.08518518518518518
3 0.5247395833333334 0.6574074074074074 0.04010416666666667 0.07407407407407407
1 0.55078125 0.6550925925925926 0.011979166666666667 0.05092592592592592
3 0.56875 0.6504629629629629 0.015625 0.025
2 0.5895833333333333 0.6550925925925926 0.009375 0.03981481481481482
1 0.6447916666666667 0.6736111111111112 0.020833333333333332 0.12129629629629629
3 0.66171875 0.6555555555555556 0.06302083333333333 0.05
1 0.6122395833333333 0.6569444444444444 0.0078125 0.03796296296296296
1 0.6205729166666667 0.6523148148148148 0.0067708333333333336 0.03611111111111111
