3 0.73125 0.7125 0.5375 0.5712962962962963
1 0.2669270833333333 0.6842592592592592 0.030729166666666665 0.1925925925925926
1 0.2546875 0.7078703703703704 0.03854166666666667 0.15648148148148147
1 0.11979166666666667 0.6861111111111111 0.03125 0.17777777777777778
3 0.15885416666666666 0.6694444444444444 0.029166666666666667 0.04814814814814815
4 0.20494791666666667 0.6550925925925926 0.021354166666666667 0.03981481481481482
3 0.22109375 0.6680555555555555 0.016145833333333335 0.025
5 0.22083333333333333 0.6606481481481481 0.009375 0.023148148148148147
5 0.26171875 0.6509259259259259 0.04010416666666667 0.09074074074074075
1 0.3072916666666667 0.6726851851851852 0.01875 0.09537037037037037
1 0.28828125 0.6671296296296296 0.008854166666666666 0.041666666666666664
1 0.31796875 0.6787037037037037 0.0109375 0.06851851851851852
2 0.36354166666666665 0.6865740740740741 0.026041666666666668 0.09537037037037037
2 0.4861979166666667 0.687037037037037 0.0390625 0.18518518518518517
3 0.54375 0.6726851851851852 0.07916666666666666 0.06018518518518518
3 0.5690104166666666 0.6648148148148149 0.08177083333333333 0.06851851851851852
3 0.63046875 0.6685185185185185 0.12135416666666667 0.11296296296296296
