3 0.9643229166666667 0.7921296296296296 0.07135416666666666 0.41759259259259257
1 0.6666666666666666 0.6314814814814815 0.011458333333333333 0.05740740740740741
3 0.6192708333333333 0.6208333333333333 0.07708333333333334 0.06759259259259259
3 0.5908854166666667 0.6217592592592592 0.0578125 0.05648148148148148
1 0.5205729166666667 0.6157407407407407 0.008854166666666666 0.040740740740740744
3 0.40338541666666666 0.6342592592592593 0.0921875 0.1537037037037037
3 0.31875 0.6083333333333333 0.022916666666666665 0.03148148148148148
2 0.29348958333333336 0.6129629629629629 0.0140625 0.05185185185185185
3 0.2981770833333333 0.6111111111111112 0.028645833333333332 0.037037037037037035
2 0.24765625 0.611574074074074 0.0296875 0.08796296296296297
3 0.23463541666666668 0.6064814814814815 0.0609375 0.07222222222222222
1 0.16588541666666667 0.5990740740740741 0.0109375 0.06851851851851852
2 0.109375 0.625 0.040625 0.14629629629629629
3 0.030208333333333334 0.6143518518518518 0.059375 0.15462962962962962
