1 0.21380208333333334 0.6541666666666667 0.016145833333333335 0.0824074074074074
1 0.16640625 0.6643518518518519 0.019270833333333334 0.07314814814814814
1 0.09479166666666666 0.6449074074074074 0.016666666666666666 0.10462962962962963
3 0.38046875 0.6671296296296296 0.0828125 0.11388888888888889
3 0.45 0.6574074074074074 0.052083333333333336 0.12407407407407407
1 0.9072916666666667 0.6611111111111111 0.026041666666666668 0.10925925925925926
3 0.8533854166666667 0.6643518518518519 0.08489583333333334 0.10092592592592593
3 0.98203125 0.6578703703703703 0.033854166666666664 0.09166666666666666
2 0.12265625 0.6615740740740741 0.018229166666666668 0.06944444444444445
3 0.61875 0.7537037037037037 0.465625 0.4888888888888889
