3 0.2794270833333333 0.6402777777777777 0.07447916666666667 0.0824074074074074
2 0.43515625 0.6268518518518519 0.0067708333333333336 0.03518518518518519
2 0.38958333333333334 0.6324074074074074 0.0375 0.09444444444444444
5 0.503125 0.6074074074074074 0.015625 0.03333333333333333
2 0.59375 0.6263888888888889 0.009375 0.04351851851851852
4 0.5552083333333333 0.6064814814814815 0.040625 0.06296296296296296
3 0.7041666666666667 0.6523148148148148 0.08541666666666667 0.09722222222222222
3 0.6705729166666666 0.6425925925925926 0.0546875 0.07777777777777778
3 0.6484375 0.6375 0.041666666666666664 0.06018518518518518
3 0.6315104166666666 0.6300925925925925 0.03697916666666667 0.04537037037037037
3 0.6190104166666667 0.6226851851851852 0.024479166666666666 0.05092592592592592
4 0.6135416666666667 0.5976851851851852 0.03229166666666667 0.0712962962962963
