3 0.9817708333333334 0.8083333333333333 0.036458333333333336 0.11481481481481481
3 0.9151041666666667 0.7888888888888889 0.15104166666666666 0.12777777777777777
3 0.8484375 0.7930555555555555 0.09270833333333334 0.08055555555555556
3 0.8169270833333333 0.7851851851851852 0.1015625 0.06851851851851852
3 0.7059895833333333 0.7597222222222222 0.1046875 0.0824074074074074
1 0.62734375 0.7601851851851852 0.015104166666666667 0.06851851851851852
3 0.6630208333333333 0.7537037037037037 0.07083333333333333 0.05740740740740741
2 0.5135416666666667 0.7407407407407407 0.016666666666666666 0.03518518518518519
4 0.42630208333333336 0.7148148148148148 0.013020833333333334 0.024074074074074074
3 0.41380208333333335 0.7152777777777778 0.0109375 0.01574074074074074
3 0.4036458333333333 0.7175925925925926 0.0125 0.020370370370370372
