1 0.02421875 0.6504629629629629 0.021354166666666667 0.08611111111111111
3 0.05234375 0.7481481481481481 0.1046875 0.2851851851851852
3 0.0890625 0.6430555555555556 0.052083333333333336 0.03796296296296296
3 0.11119791666666666 0.638425925925926 0.058854166666666666 0.041666666666666664
3 0.40911458333333334 0.6944444444444444 0.1609375 0.23703703703703705
3 0.5153645833333333 0.6537037037037037 0.0796875 0.12962962962962962
2 0.6247395833333333 0.6611111111111111 0.021354166666666667 0.09259259259259259
3 0.6208333333333333 0.6513888888888889 0.059375 0.0712962962962963
1 0.6619791666666667 0.6467592592592593 0.016666666666666666 0.0824074074074074
1 0.6658854166666667 0.6513888888888889 0.016145833333333335 0.0712962962962963
1 0.6856770833333333 0.6416666666666667 0.0109375 0.05925925925925926
2 0.7302083333333333 0.6731481481481482 0.036458333333333336 0.13333333333333333
1 0.8450520833333334 0.6060185185185185 0.008854166666666666 0.05092592592592592
1 0.88515625 0.6037037037037037 0.0109375 0.05185185185185185
