2 0.016927083333333332 0.6416666666666667 0.033854166666666664 0.09444444444444444
2 0.075 0.6421296296296296 0.016666666666666666 0.07685185185185185
2 0.10208333333333333 0.6435185185185185 0.025 0.05555555555555555
2 0.21171875 0.6699074074074074 0.0296875 0.09537037037037037
5 0.3463541666666667 0.6078703703703704 0.16666666666666666 0.25092592592592594
3 0.43333333333333335 0.6504629629629629 0.029166666666666667 0.05462962962962963
3 0.47734375 0.6453703703703704 0.0109375 0.018518518518518517
3 0.51953125 0.6472222222222223 0.0109375 0.020370370370370372
2 0.5346354166666667 0.65 0.005729166666666666 0.025925925925925925
2 0.5479166666666667 0.6555555555555556 0.008333333333333333 0.03888888888888889
2 0.5776041666666667 0.6675925925925926 0.017708333333333333 0.06296296296296296
