5 0.06432291666666666 0.5115740740740741 0.12864583333333332 0.7712962962962963
5 0.19401041666666666 0.5152777777777777 0.3078125 0.487962962962963
5 0.3828125 0.5814814814814815 0.0875 0.1537037037037037
1 0.35130208333333335 0.6416666666666667 0.018229166666666668 0.12222222222222222
1 0.4041666666666667 0.624537037037037 0.023958333333333335 0.10648148148148148
3 0.34765625 0.624537037037037 0.058854166666666666 0.09537037037037037
2 0.53203125 0.6430555555555556 0.0234375 0.09351851851851851
2 0.546875 0.6324074074074074 0.019791666666666666 0.06481481481481481
2 0.5791666666666667 0.6652777777777777 0.034375 0.14351851851851852
2 0.6075520833333333 0.6550925925925926 0.024479166666666666 0.09722222222222222
2 0.71484375 0.6847222222222222 0.043229166666666666 0.2490740740740741
1 0.884375 0.7180555555555556 0.05520833333333333 0.29907407407407405
1 0.9580729166666667 0.7342592592592593 0.08385416666666666 0.4185185185185185
5 0.8643229166666667 0.5481481481481482 0.2703125 0.575925925925926
5 0.6989583333333333 0.5879629629629629 0.16145833333333334 0.25
3 0.51328125 0.6212962962962963 0.0203125 0.020370370370370372
