2 0.0203125 0.6064814814814815 0.040625 0.08518518518518518
1 0.06588541666666667 0.6069444444444444 0.034895833333333334 0.19537037037037036
3 0.11875 0.6189814814814815 0.14895833333333333 0.1287037037037037
3 0.0765625 0.6171296296296296 0.121875 0.09351851851851851
3 0.25677083333333334 0.6189814814814815 0.08958333333333333 0.07685185185185185
4 0.3697916666666667 0.5898148148148148 0.11770833333333333 0.17777777777777778
3 0.44817708333333334 0.6324074074074074 0.0578125 0.06481481481481481
3 0.4830729166666667 0.6337962962962963 0.043229166666666666 0.05648148148148148
3 0.5239583333333333 0.6300925925925925 0.03229166666666667 0.03981481481481482
3 0.55234375 0.625462962962963 0.0328125 0.03611111111111111
3 0.5825520833333333 0.6305555555555555 0.030729166666666665 0.03148148148148148
3 0.6010416666666667 0.6310185185185185 0.023958333333333335 0.025
2 0.7096354166666666 0.6648148148148149 0.024479166666666666 0.10555555555555556
2 0.7260416666666667 0.6708333333333333 0.041666666666666664 0.12314814814814815
2 0.765625 0.6606481481481481 0.025 0.06944444444444445
2 0.78359375 0.6680555555555555 0.027604166666666666 0.11944444444444445
2 0.8502604166666666 0.6777777777777778 0.030729166666666665 0.10555555555555556
2 0.9557291666666666 0.6902777777777778 0.06875 0.14907407407407408
2 0.96328125 0.7398148148148148 0.07239583333333334 0.32407407407407407
