3 0.06901041666666667 0.6953703703703704 0.13697916666666668 0.23333333333333334
3 0.14348958333333334 0.7393518518518518 0.2296875 0.2212962962962963
3 0.28541666666666665 0.6976851851851852 0.11145833333333334 0.14351851851851852
3 0.33177083333333335 0.6888888888888889 0.07708333333333334 0.10185185185185185
4 0.36640625 0.6564814814814814 0.06510416666666667 0.1259259259259259
5 0.4171875 0.6509259259259259 0.029166666666666667 0.05555555555555555
3 0.45598958333333334 0.7 0.1015625 0.14814814814814814
3 0.51015625 0.6592592592592592 0.043229166666666666 0.037037037037037035
1 0.5893229166666667 0.6532407407407408 0.008854166666666666 0.03611111111111111
2 0.5481770833333334 0.6606481481481481 0.022395833333333334 0.041666666666666664
2 0.6747395833333333 0.6555555555555556 0.025520833333333333 0.05185185185185185
2 0.6674479166666667 0.6657407407407407 0.04635416666666667 0.07592592592592592
2 0.7138020833333333 0.6657407407407407 0.050520833333333334 0.07962962962962963
3 0.7515625 0.6523148148148148 0.06875 0.06018518518518518
1 0.8520833333333333 0.6550925925925926 0.020833333333333332 0.14166666666666666
2 0.78828125 0.65 0.033854166666666664 0.06666666666666667
1 0.8096354166666667 0.6375 0.013020833333333334 0.062037037037037036
