3 0.18385416666666668 0.6333333333333333 0.121875 0.13518518518518519
4 0.23229166666666667 0.5935185185185186 0.14791666666666667 0.1037037037037037
2 0.46875 0.6263888888888889 0.030208333333333334 0.04722222222222222
3 0.5182291666666666 0.6435185185185185 0.05625 0.08148148148148149
1 0.5658854166666667 0.6328703703703704 0.013020833333333334 0.058333333333333334
3 0.5677083333333334 0.6175925925925926 0.04791666666666667 0.03148148148148148
3 0.6028645833333334 0.6407407407407407 0.06197916666666667 0.07592592592592592
4 0.765625 0.6268518518518519 0.26458333333333334 0.32037037037037036
3 0.94921875 0.625 0.07135416666666666 0.03888888888888889
3 0.5278645833333333 0.6240740740740741 0.05364583333333333 0.03888888888888889
