3 0.20078125 0.6837962962962963 0.05260416666666667 0.062037037037037036
3 0.34921875 0.7268518518518519 0.2328125 0.37222222222222223
3 0.46536458333333336 0.6865740740740741 0.0390625 0.0787037037037037
4 0.8505208333333333 0.5226851851851851 0.2989583333333333 0.6212962962962963
3 0.69609375 0.711574074074074 0.16614583333333333 0.18611111111111112
3 0.5497395833333333 0.6851851851851852 0.05572916666666667 0.07037037037037037
3 0.5067708333333333 0.674074074074074 0.01875 0.024074074074074074
3 0.4981770833333333 0.6712962962962963 0.015104166666666667 0.022222222222222223
3 0.4921875 0.6708333333333333 0.011458333333333333 0.021296296296296296
4 0.4901041666666667 0.6527777777777778 0.014583333333333334 0.03333333333333333
