5 0.190625 0.5208333333333334 0.2864583333333333 0.41574074074074074
3 0.3296875 0.6148148148148148 0.03333333333333333 0.06296296296296296
3 0.34479166666666666 0.6023148148148149 0.014583333333333334 0.023148148148148147
3 0.3528645833333333 0.5962962962962963 0.0078125 0.014814814814814815
3 0.365625 0.5939814814814814 0.008333333333333333 0.013888888888888888
3 0.3763020833333333 0.5976851851851852 0.008854166666666666 0.013888888888888888
3 0.39453125 0.6087962962962963 0.019270833333333334 0.026851851851851852
2 0.43125 0.6083333333333333 0.004166666666666667 0.018518518518518517
2 0.44869791666666664 0.6166666666666667 0.0067708333333333336 0.022222222222222223
2 0.44088541666666664 0.6180555555555556 0.005729166666666666 0.026851851851851852
2 0.48072916666666665 0.6337962962962963 0.011458333333333333 0.049074074074074076
2 0.5229166666666667 0.6592592592592592 0.029166666666666667 0.0962962962962963
2 0.5486979166666667 0.6541666666666667 0.018229166666666668 0.08981481481481482
1 0.5932291666666667 0.6388888888888888 0.011458333333333333 0.06481481481481481
