3 0.027083333333333334 0.6731481481481482 0.05520833333333333 0.06481481481481481
2 0.07369791666666667 0.6759259259259259 0.0296875 0.046296296296296294
3 0.1453125 0.6726851851851852 0.109375 0.06944444444444445
2 0.20703125 0.6777777777777778 0.0140625 0.03888888888888889
2 0.22916666666666666 0.6763888888888889 0.013541666666666667 0.041666666666666664
2 0.26328125 0.6763888888888889 0.0140625 0.03425925925925926
3 0.3575520833333333 0.6726851851851852 0.025520833333333333 0.03425925925925926
3 0.3697916666666667 0.674537037037037 0.016666666666666666 0.032407407407407406
4 0.3963541666666667 0.6578703703703703 0.03125 0.06574074074074074
3 0.43072916666666666 0.6722222222222223 0.023958333333333335 0.037037037037037035
3 0.58515625 0.6768518518518518 0.1078125 0.06481481481481481
2 0.6463541666666667 0.6800925925925926 0.020833333333333332 0.03611111111111111
3 0.7041666666666667 0.6717592592592593 0.08125 0.062037037037037036
3 0.7265625 0.6861111111111111 0.09479166666666666 0.05185185185185185
4 0.85234375 0.6305555555555555 0.2953125 0.18703703703703703
2 0.990625 0.7037037037037037 0.019791666666666666 0.09259259259259259
