5 0.23359375 0.6 0.24947916666666667 0.48703703703703705
5 0.35859375 0.6648148148148149 0.0640625 0.14814814814814814
3 0.39947916666666666 0.6800925925925926 0.0125 0.017592592592592594
3 0.44166666666666665 0.6949074074074074 0.027083333333333334 0.03981481481481482
3 0.47760416666666666 0.6805555555555556 0.034375 0.020370370370370372
3 0.49140625 0.6944444444444444 0.0328125 0.046296296296296294
3 0.5135416666666667 0.7027777777777777 0.036458333333333336 0.04814814814814815
3 0.5544270833333333 0.7157407407407408 0.06927083333333334 0.10925925925925926
2 0.6575520833333334 0.7134259259259259 0.021354166666666667 0.06759259259259259
2 0.9341145833333333 0.7412037037037037 0.06197916666666667 0.14722222222222223
