1 0.6544270833333333 0.7597222222222222 0.1140625 0.4101851851851852
1 0.6388020833333333 0.8060185185185185 0.06614583333333333 0.28055555555555556
1 0.73671875 0.762962962962963 0.06822916666666666 0.26296296296296295
1 0.7606770833333333 0.7472222222222222 0.0921875 0.3351851851851852
1 0.921875 0.7203703703703703 0.07291666666666667 0.26666666666666666
3 0.7565104166666666 0.6888888888888889 0.2953125 0.22962962962962963
4 0.9580729166666667 0.6513888888888889 0.08072916666666667 0.21203703703703702
1 0.4934895833333333 0.6888888888888889 0.03697916666666667 0.19074074074074074
1 0.5041666666666667 0.7129629629629629 0.026041666666666668 0.13333333333333333
1 0.58671875 0.6643518518518519 0.0109375 0.06759259259259259
1 0.48020833333333335 0.675 0.015625 0.09259259259259259
2 0.55859375 0.6949074074074074 0.09635416666666667 0.1527777777777778
1 0.39479166666666665 0.7555555555555555 0.07916666666666666 0.31296296296296294
1 0.31979166666666664 0.7537037037037037 0.06354166666666666 0.21481481481481482
1 0.3424479166666667 0.7194444444444444 0.058854166666666666 0.2814814814814815
1 0.20494791666666667 0.7361111111111112 0.03802083333333333 0.2074074074074074
1 0.17578125 0.711574074074074 0.05364583333333333 0.2657407407407407
1 0.2734375 0.687037037037037 0.346875 0.24444444444444444
1 0.0859375 0.7143518518518519 0.04895833333333333 0.25277777777777777
1 0.04635416666666667 0.7555555555555555 0.09166666666666666 0.34629629629629627
1 0.05755208333333333 0.6898148148148148 0.07447916666666667 0.31851851851851853
1 0.016927083333333332 0.749537037037037 0.0359375 0.20462962962962963
