2 0.10390625 0.6421296296296296 0.019270833333333334 0.06018518518518518
1 0.19010416666666666 0.6370370370370371 0.009375 0.03888888888888889
5 0.23619791666666667 0.6217592592592592 0.10052083333333334 0.075
5 0.35052083333333334 0.6282407407407408 0.071875 0.062037037037037036
5 0.47708333333333336 0.625462962962963 0.08333333333333333 0.08425925925925926
3 0.4708333333333333 0.6763888888888889 0.06354166666666666 0.10462962962962963
5 0.5424479166666667 0.6296296296296297 0.04739583333333333 0.07222222222222222
1 0.7098958333333333 0.6791666666666667 0.021875 0.10648148148148148
1 0.8911458333333333 0.6837962962962963 0.017708333333333333 0.13055555555555556
1 0.81171875 0.6824074074074075 0.0171875 0.12407407407407407
3 0.053125 0.7287037037037037 0.10520833333333333 0.42777777777777776
