3 0.1859375 0.7162037037037037 0.23854166666666668 0.22685185185185186
2 0.09453125 0.6819444444444445 0.043229166666666666 0.11203703703703703
3 0.2760416666666667 0.6601851851851852 0.07916666666666666 0.1111111111111111
3 0.36666666666666664 0.6587962962962963 0.052083333333333336 0.058333333333333334
3 0.43385416666666665 0.6537037037037037 0.04479166666666667 0.06481481481481481
3 0.4630208333333333 0.6509259259259259 0.019791666666666666 0.03518518518518519
3 0.5166666666666667 0.6587962962962963 0.035416666666666666 0.05462962962962963
5 0.5229166666666667 0.6439814814814815 0.03229166666666667 0.05648148148148148
3 0.6375 0.6800925925925926 0.08958333333333333 0.1175925925925926
3 0.5760416666666667 0.6597222222222222 0.03333333333333333 0.04537037037037037
3 0.55078125 0.6527777777777778 0.0234375 0.025925925925925925
3 0.9119791666666667 0.6611111111111111 0.07604166666666666 0.06111111111111111
2 0.7671875 0.6564814814814814 0.014583333333333334 0.05740740740740741
2 0.7309895833333333 0.6574074074074074 0.0140625 0.04814814814814815
3 0.59140625 0.3347222222222222 0.03177083333333333 0.058333333333333334
