4 0.8947916666666667 0.600462962962963 0.209375 0.2935185185185185
3 0.7361979166666667 0.6462962962962963 0.1453125 0.13148148148148148
3 0.4875 0.6935185185185185 0.271875 0.18888888888888888
3 0.07864583333333333 0.6532407407407408 0.15625 0.31574074074074077
3 0.32864583333333336 0.6759259259259259 0.17916666666666667 0.13148148148148148
4 0.09765625 0.6074074074074074 0.11614583333333334 0.17592592592592593
4 0.16197916666666667 0.6171296296296296 0.07916666666666666 0.10462962962962963
3 0.21510416666666668 0.6023148148148149 0.027083333333333334 0.023148148148148147
3 0.25390625 0.5967592592592592 0.016145833333333335 0.019444444444444445
3 0.2671875 0.5925925925925926 0.014583333333333334 0.020370370370370372
3 0.28515625 0.5958333333333333 0.015104166666666667 0.019444444444444445
4 0.28958333333333336 0.5851851851851851 0.013541666666666667 0.03148148148148148
3 0.32135416666666666 0.6 0.022916666666666665 0.02962962962962963
3 0.359375 0.5995370370370371 0.016666666666666666 0.023148148148148147
3 0.37135416666666665 0.5898148148148148 0.017708333333333333 0.022222222222222223
4 0.353125 0.575925925925926 0.014583333333333334 0.03333333333333333
3 0.34869791666666666 0.5916666666666667 0.013020833333333334 0.016666666666666666
