3 0.940625 0.7138888888888889 0.115625 0.09814814814814815
1 0.7434895833333334 0.6787037037037037 0.0234375 0.07037037037037037
2 0.7109375 0.6819444444444445 0.04583333333333333 0.08055555555555556
3 0.6518229166666667 0.6444444444444445 0.0140625 0.020370370370370372
3 0.5799479166666667 0.6638888888888889 0.0421875 0.06111111111111111
3 0.47708333333333336 0.6851851851851852 0.196875 0.13518518518518519
4 0.4197916666666667 0.624537037037037 0.021875 0.04722222222222222
3 0.3846354166666667 0.6509259259259259 0.03177083333333333 0.044444444444444446
3 0.35989583333333336 0.6444444444444445 0.025 0.03888888888888889
1 0.34322916666666664 0.6527777777777778 0.014583333333333334 0.053703703703703705
3 0.3380208333333333 0.6504629629629629 0.036458333333333336 0.04351851851851852
1 0.3151041666666667 0.6518518518518519 0.009375 0.053703703703703705
3 0.30052083333333335 0.6398148148148148 0.028125 0.03888888888888889
3 0.2453125 0.6569444444444444 0.1375 0.08611111111111111
3 0.22135416666666666 0.6476851851851851 0.0375 0.03611111111111111
2 0.11822916666666666 0.6537037037037037 0.040625 0.06111111111111111
1 0.10572916666666667 0.649537037037037 0.010416666666666666 0.05277777777777778
1 0.06901041666666667 0.6513888888888889 0.011979166666666667 0.05648148148148148
2 0.0109375 0.6476851851851851 0.01875 0.0712962962962963
