3 0.05286458333333333 0.8375 0.10677083333333333 0.3212962962962963
4 0.10026041666666667 0.6069444444444444 0.19947916666666668 0.10092592592592593
4 0.2390625 0.6013888888888889 0.065625 0.11018518518518519
3 0.29973958333333334 0.624537037037037 0.03177083333333333 0.028703703703703703
4 0.315625 0.6092592592592593 0.05520833333333333 0.037037037037037035
3 0.34739583333333335 0.6129629629629629 0.019791666666666666 0.024074074074074074
4 0.37734375 0.5898148148148148 0.03177083333333333 0.07407407407407407
3 0.3953125 0.6305555555555555 0.034375 0.046296296296296294
3 0.4236979166666667 0.6157407407407407 0.019270833333333334 0.03148148148148148
3 0.4328125 0.6097222222222223 0.013541666666666667 0.021296296296296296
3 0.453125 0.6189814814814815 0.019791666666666666 0.028703703703703703
2 0.5036458333333333 0.6189814814814815 0.007291666666666667 0.028703703703703703
2 0.50859375 0.6185185185185185 0.0067708333333333336 0.025925925925925925
6 0.8458333333333333 0.6569444444444444 0.096875 0.10648148148148148
4 0.8705729166666667 0.6199074074074075 0.15364583333333334 0.09351851851851851
3 0.87578125 0.6212962962962963 0.07447916666666667 0.07222222222222222
