2 0.12578125 0.6037037037037037 0.03177083333333333 0.06111111111111111
2 0.27291666666666664 0.6041666666666666 0.014583333333333334 0.041666666666666664
3 0.2984375 0.6125 0.05625 0.06574074074074074
3 0.3572916666666667 0.5879629629629629 0.0875 0.14814814814814814
3 0.4002604166666667 0.6087962962962963 0.027604166666666666 0.03796296296296296
3 0.47239583333333335 0.6018518518518519 0.021875 0.03333333333333333
3 0.5057291666666667 0.6138888888888889 0.021875 0.03333333333333333
3 0.5252604166666667 0.6 0.0140625 0.022222222222222223
3 0.5434895833333333 0.6050925925925926 0.016145833333333335 0.025
3 0.5528645833333333 0.600462962962963 0.013020833333333334 0.019444444444444445
