2 0.8669270833333333 0.7870370370370371 0.18385416666666668 0.412962962962963
3 0.5859375 0.7685185185185185 0.15104166666666666 0.18518518518518517
2 0.5177083333333333 0.7305555555555555 0.020833333333333332 0.07222222222222222
2 0.49635416666666665 0.7138888888888889 0.00625 0.025925925925925925
3 0.4739583333333333 0.711574074074074 0.014583333333333334 0.026851851851851852
2 0.48385416666666664 0.7157407407407408 0.00625 0.02962962962962963
2 0.46119791666666665 0.7217592592592592 0.0109375 0.03981481481481482
3 0.40546875 0.7212962962962963 0.04010416666666667 0.05925925925925926
1 0.378125 0.7328703703703704 0.01875 0.07314814814814814
3 0.34348958333333335 0.7226851851851852 0.059895833333333336 0.09722222222222222
