3 0.13411458333333334 0.6365740740740741 0.08802083333333334 0.09907407407407408
3 0.13854166666666667 0.6509259259259259 0.09375 0.08333333333333333
4 0.23645833333333333 0.6152777777777778 0.08541666666666667 0.13240740740740742
2 0.39947916666666666 0.6574074074074074 0.011458333333333333 0.053703703703703705
3 0.4921875 0.6476851851851851 0.013541666666666667 0.019444444444444445
3 0.5203125 0.6430555555555556 0.013541666666666667 0.028703703703703703
2 0.5630208333333333 0.6625 0.010416666666666666 0.05092592592592592
4 0.6125 0.637962962962963 0.04791666666666667 0.10925925925925926
4 0.6010416666666667 0.625 0.051041666666666666 0.10740740740740741
3 0.7278645833333334 0.7027777777777777 0.1109375 0.11666666666666667
4 0.8627604166666667 0.6689814814814815 0.2713541666666667 0.6527777777777778
