3 0.28046875 0.6351851851851852 0.13385416666666666 0.13518518518518519
3 0.06328125 0.6666666666666666 0.12760416666666666 0.2351851851851852
3 0.5697916666666667 0.625462962962963 0.020833333333333332 0.028703703703703703
5 0.6005208333333333 0.6050925925925926 0.05625 0.1175925925925926
3 0.80390625 0.624537037037037 0.04114583333333333 0.062037037037037036
3 0.8341145833333333 0.6277777777777778 0.043229166666666666 0.05925925925925926
3 0.8682291666666667 0.6083333333333333 0.07916666666666666 0.1111111111111111
3 0.93203125 0.6361111111111111 0.07864583333333333 0.07222222222222222
2 0.9614583333333333 0.649074074074074 0.027083333333333334 0.1037037037037037
3 0.9796875 0.6365740740740741 0.041666666666666664 0.0712962962962963
