3 0.20182291666666666 0.6962962962962963 0.19010416666666666 0.22407407407407406
3 0.08697916666666666 0.6916666666666667 0.13333333333333333 0.1925925925925926
3 0.31145833333333334 0.6875 0.07708333333333334 0.14907407407407408
3 0.33828125 0.6814814814814815 0.0578125 0.1259259259259259
3 0.39505208333333336 0.6523148148148148 0.030729166666666665 0.08796296296296297
5 0.36614583333333334 0.6259259259259259 0.03854166666666667 0.0962962962962963
3 0.36380208333333336 0.6731481481481482 0.034895833333333334 0.1037037037037037
3 0.4552083333333333 0.6662037037037037 0.08333333333333333 0.13055555555555556
3 0.5473958333333333 0.6578703703703703 0.052083333333333336 0.06944444444444445
3 0.8955729166666667 0.7523148148148148 0.2078125 0.4898148148148148
3 0.04609375 0.7583333333333333 0.09114583333333333 0.3351851851851852
3 0.2721354166666667 0.6287037037037037 0.07552083333333333 0.12222222222222222
