2 0.37578125 0.6828703703703703 0.033854166666666664 0.0787037037037037
2 0.47760416666666666 0.6847222222222222 0.021875 0.06574074074074074
2 0.5127604166666667 0.6805555555555556 0.0171875 0.06851851851851852
2 0.5815104166666667 0.6787037037037037 0.013020833333333334 0.053703703703703705
2 0.6052083333333333 0.6842592592592592 0.013541666666666667 0.05185185185185185
2 0.6515625 0.6828703703703703 0.009375 0.04351851851851852
3 0.69609375 0.6736111111111112 0.07239583333333334 0.10277777777777777
5 0.8489583333333334 0.674537037037037 0.0125 0.025
3 0.8169270833333333 0.6814814814814815 0.022395833333333334 0.03518518518518519
3 0.7947916666666667 0.6847222222222222 0.025 0.03796296296296296
3 0.7763020833333333 0.6861111111111111 0.03802083333333333 0.053703703703703705
5 0.8760416666666667 0.6703703703703704 0.041666666666666664 0.06481481481481481
3 0.909375 0.7013888888888888 0.04791666666666667 0.06574074074074074
3 0.9421875 0.8185185185185185 0.11458333333333333 0.35555555555555557
