3 0.12890625 0.624537037037037 0.09947916666666666 0.08425925925925926
3 0.09921875 0.625 0.1109375 0.08703703703703704
3 0.023958333333333335 0.625 0.046875 0.05
3 0.82265625 0.6375 0.0140625 0.021296296296296296
3 0.7861979166666667 0.6564814814814814 0.05677083333333333 0.07592592592592592
5 0.76953125 0.6236111111111111 0.049479166666666664 0.075
5 0.7104166666666667 0.6185185185185185 0.04479166666666667 0.07777777777777778
5 0.66875 0.6175925925925926 0.04583333333333333 0.06851851851851852
3 0.8515625 0.6333333333333333 0.0125 0.016666666666666666
3 0.8979166666666667 0.6583333333333333 0.06041666666666667 0.07407407407407407
1 0.9565104166666667 0.6472222222222223 0.008854166666666666 0.03888888888888889
1 0.61015625 0.6481481481481481 0.0171875 0.09259259259259259
5 0.7364583333333333 0.6194444444444445 0.0375 0.06481481481481481
1 0.93125 0.6407407407407407 0.007291666666666667 0.037037037037037035
3 0.20859375 0.6194444444444445 0.07135416666666666 0.08703703703703704
