6 0.013020833333333334 0.6958333333333333 0.025 0.11203703703703703
1 0.0125 0.6356481481481482 0.011458333333333333 0.0712962962962963
3 0.05182291666666667 0.6768518518518518 0.1046875 0.1037037037037037
3 0.04453125 0.6416666666666667 0.08697916666666666 0.08333333333333333
3 0.10546875 0.6421296296296296 0.08177083333333333 0.08425925925925926
3 0.14427083333333332 0.7796296296296297 0.22916666666666666 0.2462962962962963
2 0.22760416666666666 0.662962962962963 0.029166666666666667 0.07222222222222222
2 0.19713541666666667 0.6324074074074074 0.0140625 0.046296296296296294
1 0.2955729166666667 0.6402777777777777 0.011979166666666667 0.0787037037037037
3 0.35963541666666665 0.6240740740740741 0.0296875 0.05555555555555555
4 0.38828125 0.6111111111111112 0.059895833333333336 0.1259259259259259
3 0.41848958333333336 0.6069444444444444 0.009895833333333333 0.021296296296296296
3 0.4239583333333333 0.6046296296296296 0.010416666666666666 0.020370370370370372
3 0.46015625 0.5981481481481481 0.009895833333333333 0.016666666666666666
5 0.46536458333333336 0.5875 0.009895833333333333 0.017592592592592594
3 0.44947916666666665 0.6037037037037037 0.0125 0.018518518518518517
3 0.4817708333333333 0.5995370370370371 0.010416666666666666 0.021296296296296296
3 0.47421875 0.6185185185185185 0.0265625 0.03888888888888889
3 0.46380208333333334 0.6425925925925926 0.043229166666666666 0.06296296296296296
3 0.5723958333333333 0.6018518518518519 0.036458333333333336 0.027777777777777776
3 0.58671875 0.6078703703703704 0.0484375 0.028703703703703703
3 0.6166666666666667 0.6101851851851852 0.051041666666666666 0.040740740740740744
3 0.6421875 0.6134259259259259 0.059375 0.03981481481481482
4 0.6888020833333334 0.587037037037037 0.09739583333333333 0.14629629629629629
