3 0.0203125 0.700925925925926 0.040625 0.053703703703703705
3 0.046875 0.6907407407407408 0.06041666666666667 0.05555555555555555
4 0.41354166666666664 0.6527777777777778 0.04791666666666667 0.10740740740740741
2 0.46015625 0.675 0.008854166666666666 0.024074074074074074
3 0.48854166666666665 0.6722222222222223 0.020833333333333332 0.025925925925925925
2 0.6815104166666667 0.6777777777777778 0.0265625 0.08888888888888889
2 0.7119791666666667 0.6842592592592592 0.03333333333333333 0.12037037037037036
2 0.63671875 0.6722222222222223 0.009895833333333333 0.05740740740740741
2 0.6119791666666666 0.6675925925925926 0.011458333333333333 0.053703703703703705
2 0.8421875 0.7032407407407407 0.11875 0.20092592592592592
