3 0.13203125 0.6532407407407408 0.058854166666666666 0.09166666666666666
4 0.06770833333333333 0.6435185185185185 0.13541666666666666 0.17037037037037037
3 0.3026041666666667 0.700925925925926 0.15729166666666666 0.18703703703703703
3 0.3690104166666667 0.6800925925925926 0.08489583333333334 0.12685185185185185
3 0.40234375 0.6592592592592592 0.050520833333333334 0.07962962962962963
4 0.41901041666666666 0.6370370370370371 0.0359375 0.07777777777777778
3 0.4427083333333333 0.6537037037037037 0.01875 0.027777777777777776
3 0.5192708333333333 0.7087962962962963 0.13541666666666666 0.21574074074074073
3 0.6276041666666666 0.6958333333333333 0.10208333333333333 0.15092592592592594
3 0.6729166666666667 0.675 0.05520833333333333 0.044444444444444446
3 0.7294270833333333 0.700925925925926 0.10677083333333333 0.1259259259259259
3 0.825 0.6777777777777778 0.09375 0.05925925925925926
2 0.86953125 0.7152777777777778 0.0328125 0.11388888888888889
2 0.8875 0.6888888888888889 0.026041666666666668 0.040740740740740744
1 0.9484375 0.7046296296296296 0.026041666666666668 0.12222222222222222
3 0.9515625 0.6856481481481481 0.096875 0.09166666666666666
4 0.3328125 0.6240740740740741 0.08333333333333333 0.14629629629629629
