1 0.039322916666666666 0.6712962962962963 0.05364583333333333 0.2611111111111111
3 0.2791666666666667 0.6703703703703704 0.2125 0.17592592592592593
1 0.33177083333333335 0.6787037037037037 0.040625 0.21296296296296297
3 0.44453125 0.6453703703703704 0.09010416666666667 0.09444444444444444
3 0.56328125 0.6472222222222223 0.1015625 0.12407407407407407
3 0.6520833333333333 0.625462962962963 0.029166666666666667 0.03981481481481482
5 0.6684895833333333 0.6037037037037037 0.03802083333333333 0.07777777777777778
1 0.6239583333333333 0.6208333333333333 0.008333333333333333 0.03796296296296296
3 0.69453125 0.6175925925925926 0.013020833333333334 0.020370370370370372
3 0.7205729166666667 0.6185185185185185 0.018229166666666668 0.027777777777777776
1 0.7755208333333333 0.6467592592592593 0.027083333333333334 0.2064814814814815
3 0.9286458333333333 0.7134259259259259 0.14166666666666666 0.5731481481481482
