3 0.057291666666666664 0.575462962962963 0.11458333333333333 0.5861111111111111
3 0.12161458333333333 0.6365740740740741 0.0953125 0.10648148148148148
3 0.19192708333333333 0.6189814814814815 0.08072916666666667 0.08796296296296297
3 0.2546875 0.6101851851851852 0.06979166666666667 0.07222222222222222
3 0.30442708333333335 0.6287037037037037 0.0953125 0.10925925925925926
3 0.3776041666666667 0.6013888888888889 0.05520833333333333 0.0787037037037037
3 0.3229166666666667 0.5875 0.04791666666666667 0.06574074074074074
2 0.4796875 0.5893518518518519 0.007291666666666667 0.030555555555555555
3 0.5627604166666667 0.600462962962963 0.0484375 0.08611111111111111
2 0.659375 0.6611111111111111 0.07083333333333333 0.25925925925925924
2 0.41510416666666666 0.5888888888888889 0.005208333333333333 0.022222222222222223
