3 0.03567708333333333 0.7143518518518519 0.07135416666666666 0.18981481481481483
3 0.09947916666666666 0.674537037037037 0.13229166666666667 0.18055555555555555
3 0.19765625 0.6819444444444445 0.09322916666666667 0.10462962962962963
3 0.2578125 0.6736111111111112 0.06354166666666666 0.08611111111111111
3 0.2955729166666667 0.6689814814814815 0.0484375 0.07685185185185185
3 0.32005208333333335 0.6532407407407408 0.0328125 0.04537037037037037
3 0.35520833333333335 0.6824074074074075 0.08125 0.09444444444444444
3 0.40260416666666665 0.6555555555555556 0.022916666666666665 0.03148148148148148
5 0.453125 0.6393518518518518 0.035416666666666666 0.0712962962962963
5 0.49322916666666666 0.6453703703703704 0.021875 0.046296296296296294
3 0.5463541666666667 0.6652777777777777 0.01875 0.028703703703703703
3 0.5934895833333333 0.662962962962963 0.0390625 0.07407407407407407
3 0.6104166666666667 0.6685185185185185 0.04583333333333333 0.07962962962962963
3 0.6263020833333334 0.6842592592592592 0.043229166666666666 0.07407407407407407
3 0.65078125 0.6930555555555555 0.0578125 0.08611111111111111
3 0.6973958333333333 0.7069444444444445 0.08229166666666667 0.11574074074074074
3 0.8127604166666667 0.6986111111111111 0.19010416666666666 0.2212962962962963
2 0.8174479166666667 0.7430555555555556 0.07864583333333333 0.30833333333333335
