4 0.06484375 0.6134259259259259 0.1296875 0.1712962962962963
3 0.21953125 0.6277777777777778 0.06197916666666667 0.06481481481481481
3 0.3098958333333333 0.625 0.04791666666666667 0.05740740740740741
2 0.26015625 0.6217592592592592 0.009895833333333333 0.030555555555555555
3 0.33958333333333335 0.6148148148148148 0.022916666666666665 0.03888888888888889
4 0.3703125 0.5967592592592592 0.034375 0.06944444444444445
3 0.4119791666666667 0.6226851851851852 0.028125 0.03611111111111111
5 0.40546875 0.6032407407407407 0.0359375 0.06388888888888888
3 0.4322916666666667 0.6162037037037037 0.013541666666666667 0.023148148148148147
4 0.4296875 0.6083333333333333 0.016666666666666666 0.03518518518518519
