3 0.3377604166666667 0.6513888888888889 0.049479166666666664 0.049074074074074076
3 0.36822916666666666 0.6435185185185185 0.036458333333333336 0.04814814814814815
3 0.39817708333333335 0.6504629629629629 0.043229166666666666 0.05092592592592592
3 0.4484375 0.6467592592592593 0.03854166666666667 0.05648148148148148
3 0.48125 0.6347222222222222 0.013541666666666667 0.023148148148148147
3 0.49505208333333334 0.6337962962962963 0.0140625 0.019444444444444445
3 0.515625 0.6314814814814815 0.011458333333333333 0.020370370370370372
3 0.5369791666666667 0.6407407407407407 0.04479166666666667 0.05185185185185185
3 0.5598958333333334 0.6407407407407407 0.021875 0.037037037037037035
3 0.66171875 0.6537037037037037 0.07760416666666667 0.08148148148148149
3 0.08828125 0.7472222222222222 0.17552083333333332 0.37592592592592594
1 0.8713541666666667 0.6356481481481482 0.015625 0.0787037037037037
2 0.9322916666666666 0.7347222222222223 0.134375 0.36944444444444446
