1 0.7140625 0.7069444444444445 0.04791666666666667 0.27870370370370373
1 0.4158854166666667 0.6726851851851852 0.0171875 0.09722222222222222
1 0.2921875 0.6638888888888889 0.010416666666666666 0.05185185185185185
3 0.2598958333333333 0.6675925925925926 0.034375 0.05
1 0.234375 0.6638888888888889 0.0125 0.05555555555555555
3 0.20078125 0.6518518518518519 0.030729166666666665 0.020370370370370372
1 0.20260416666666667 0.6546296296296297 0.007291666666666667 0.03148148148148148
3 0.17890625 0.6601851851851852 0.0234375 0.03148148148148148
3 0.15182291666666667 0.6574074074074074 0.03177083333333333 0.04259259259259259
3 0.12161458333333333 0.6657407407407407 0.04739583333333333 0.05740740740740741
1 0.05546875 0.7361111111111112 0.10885416666666667 0.5203703703703704
