3 0.06822916666666666 0.7 0.13645833333333332 0.24444444444444444
3 0.19479166666666667 0.6365740740740741 0.16666666666666666 0.20462962962962963
3 0.30182291666666666 0.6402777777777777 0.0859375 0.1175925925925926
3 0.35885416666666664 0.6597222222222222 0.12604166666666666 0.1675925925925926
3 0.4122395833333333 0.6375 0.058854166666666666 0.09907407407407408
3 0.5044270833333333 0.6569444444444444 0.07239583333333334 0.12129629629629629
3 0.48463541666666665 0.6314814814814815 0.044270833333333336 0.08888888888888889
2 0.8359375 0.6768518518518518 0.059375 0.1962962962962963
2 0.9513020833333333 0.6893518518518519 0.0578125 0.18611111111111112
1 0.86796875 0.6541666666666667 0.0296875 0.175
1 0.7783854166666667 0.6527777777777778 0.03177083333333333 0.18703703703703703
1 0.65625 0.6291666666666667 0.016666666666666666 0.06944444444444445
1 0.6151041666666667 0.6291666666666667 0.013541666666666667 0.06574074074074074
1 0.5875 0.6347222222222222 0.013541666666666667 0.06759259259259259
2 0.9388020833333334 0.6666666666666666 0.050520833333333334 0.12962962962962962
