3 0.15807291666666667 0.6148148148148148 0.10260416666666666 0.09444444444444444
3 0.24244791666666668 0.6282407407407408 0.1171875 0.12129629629629629
3 0.3 0.6064814814814815 0.058333333333333334 0.07222222222222222
3 0.39010416666666664 0.649074074074074 0.165625 0.2574074074074074
4 0.5005208333333333 0.5703703703703704 0.05416666666666667 0.1388888888888889
1 0.4934895833333333 0.6291666666666667 0.019270833333333334 0.13055555555555556
3 0.5755208333333334 0.6564814814814814 0.11041666666666666 0.14814814814814814
4 0.6080729166666666 0.6189814814814815 0.13385416666666666 0.1712962962962963
3 0.7606770833333333 0.6388888888888888 0.0921875 0.0962962962962963
3 0.8911458333333333 0.6527777777777778 0.1375 0.12407407407407407
3 0.9736979166666667 0.6574074074074074 0.0515625 0.2388888888888889
6 0.51640625 0.625462962962963 0.04010416666666667 0.08425925925925926
