3 0.06067708333333333 0.7638888888888888 0.1203125 0.4203703703703704
3 0.10833333333333334 0.6587962962962963 0.03958333333333333 0.025
4 0.23177083333333334 0.6333333333333333 0.11354166666666667 0.13333333333333333
3 0.4231770833333333 0.6787037037037037 0.04635416666666667 0.06111111111111111
3 0.40963541666666664 0.6648148148148149 0.0296875 0.06111111111111111
2 0.3377604166666667 0.6717592592592593 0.0078125 0.023148148148148147
2 0.3658854166666667 0.6722222222222223 0.0078125 0.022222222222222223
3 0.5221354166666666 0.7680555555555556 0.2109375 0.3138888888888889
2 0.6408854166666667 0.6800925925925926 0.0203125 0.06388888888888888
2 0.6559895833333333 0.6782407407407407 0.009895833333333333 0.03981481481481482
3 0.6794270833333333 0.6865740740740741 0.04635416666666667 0.04722222222222222
