2 0.06953125 0.6347222222222222 0.0171875 0.06944444444444445
2 0.29765625 0.6310185185185185 0.021354166666666667 0.04722222222222222
3 0.4979166666666667 0.6314814814814815 0.052083333333333336 0.05
4 0.5963541666666666 0.6055555555555555 0.07916666666666666 0.06666666666666667
2 0.6513020833333333 0.6287037037037037 0.009895833333333333 0.03888888888888889
3 0.7268229166666667 0.6273148148148148 0.0453125 0.06574074074074074
3 0.7997395833333333 0.6203703703703703 0.044270833333333336 0.07962962962962963
3 0.8684895833333334 0.6268518518518519 0.03802083333333333 0.05925925925925926
3 0.9783854166666667 0.6296296296296297 0.033854166666666664 0.04814814814814815
1 0.6572916666666667 0.6287037037037037 0.008333333333333333 0.046296296296296294
3 0.6731770833333334 0.6199074074074075 0.0140625 0.023148148148148147
