3 0.9513020833333333 0.6893518518518519 0.09739583333333333 0.16574074074074074
3 0.8578125 0.7111111111111111 0.18541666666666667 0.15925925925925927
3 0.7953125 0.6444444444444445 0.08125 0.07592592592592592
3 0.7361979166666667 0.750462962962963 0.2046875 0.24166666666666667
3 0.55703125 0.6615740740740741 0.049479166666666664 0.06388888888888888
3 0.4705729166666667 0.6351851851851852 0.027604166666666666 0.040740740740740744
3 0.46041666666666664 0.6273148148148148 0.03125 0.03796296296296296
3 0.43723958333333335 0.6208333333333333 0.030729166666666665 0.03425925925925926
3 0.21067708333333332 0.6763888888888889 0.0546875 0.06018518518518518
2 0.06614583333333333 0.6875 0.029166666666666667 0.04722222222222222
2 0.04973958333333333 0.6865740740740741 0.0234375 0.041666666666666664
3 0.5138020833333333 0.625462962962963 0.028645833333333332 0.03425925925925926
3 0.5338541666666666 0.6041666666666666 0.019791666666666666 0.032407407407407406
3 0.6682291666666667 0.6569444444444444 0.06458333333333334 0.08055555555555556
3 0.6200520833333333 0.649074074074074 0.0515625 0.06296296296296296
3 0.57734375 0.6305555555555555 0.03802083333333333 0.05
2 0.7283854166666667 0.611574074074074 0.0109375 0.03425925925925926
3 0.8200520833333333 0.587037037037037 0.033854166666666664 0.024074074074074074
5 0.2859375 0.611574074074074 0.05625 0.04722222222222222
3 0.37864583333333335 0.6171296296296296 0.017708333333333333 0.023148148148148147
3 0.3606770833333333 0.6185185185185185 0.021354166666666667 0.027777777777777776
6 0.2296875 0.624537037037037 0.023958333333333335 0.032407407407407406
2 0.13463541666666667 0.637962962962963 0.008854166666666666 0.02962962962962963
3 0.5526041666666667 0.6180555555555556 0.027083333333333334 0.03611111111111111
3 0.5 0.612037037037037 0.014583333333333334 0.027777777777777776
