1 0.04296875 0.5768518518518518 0.0171875 0.07777777777777778
2 0.06588541666666667 0.5805555555555556 0.0234375 0.07777777777777778
3 0.12890625 0.5648148148148148 0.09114583333333333 0.053703703703703705
2 0.18046875 0.5837962962962963 0.0515625 0.07314814814814814
3 0.16953125 0.5726851851851852 0.07239583333333334 0.05092592592592592
3 0.2234375 0.5787037037037037 0.041666666666666664 0.03148148148148148
3 0.3927083333333333 0.7449074074074075 0.346875 0.49722222222222223
2 0.7567708333333333 0.6449074074074074 0.040625 0.15462962962962962
2 0.8033854166666666 0.7046296296296296 0.08385416666666666 0.31296296296296294
2 0.8755208333333333 0.6296296296296297 0.030208333333333334 0.13518518518518519
2 0.9755208333333333 0.6458333333333334 0.04791666666666667 0.22870370370370371
