3 0.8755208333333333 0.8009259259259259 0.24895833333333334 0.3925925925925926
3 0.7161458333333334 0.7083333333333334 0.125 0.1685185185185185
3 0.55390625 0.7398148148148148 0.3640625 0.5203703703703704
4 0.4158854166666667 0.6259259259259259 0.0359375 0.07592592592592592
4 0.38307291666666665 0.6365740740740741 0.03697916666666667 0.07314814814814814
3 0.39401041666666664 0.6615740740740741 0.05572916666666667 0.06944444444444445
3 0.3645833333333333 0.6504629629629629 0.029166666666666667 0.041666666666666664
3 0.3151041666666667 0.6768518518518518 0.1 0.1111111111111111
3 0.26015625 0.6569444444444444 0.0734375 0.09166666666666666
3 0.12604166666666666 0.7462962962962963 0.2520833333333333 0.32407407407407407
