3 0.8015625 0.6305555555555555 0.11666666666666667 0.06481481481481481
1 0.8708333333333333 0.6199074074074075 0.010416666666666666 0.058333333333333334
3 0.7200520833333334 0.7027777777777777 0.20260416666666667 0.20555555555555555
1 0.6333333333333333 0.6754629629629629 0.057291666666666664 0.21944444444444444
3 0.496875 0.6268518518518519 0.027083333333333334 0.03518518518518519
3 0.4552083333333333 0.6171296296296296 0.013541666666666667 0.021296296296296296
3 0.4348958333333333 0.612037037037037 0.009375 0.016666666666666666
3 0.42526041666666664 0.6092592592592593 0.018229166666666668 0.016666666666666666
3 0.38828125 0.6175925925925926 0.0234375 0.037037037037037035
3 0.36171875 0.6134259259259259 0.0203125 0.028703703703703703
3 0.3234375 0.6240740740740741 0.06145833333333333 0.08518518518518518
2 0.15989583333333332 0.6180555555555556 0.034375 0.0824074074074074
