1 0.22994791666666667 0.6527777777777778 0.027604166666666666 0.19074074074074074
3 0.14375 0.6657407407407407 0.140625 0.14074074074074075
3 0.05520833333333333 0.6370370370370371 0.11145833333333334 0.11296296296296296
3 0.090625 0.6282407407407408 0.12916666666666668 0.0824074074074074
3 0.18828125 0.6157407407407407 0.09947916666666666 0.07962962962962963
3 0.35520833333333335 0.6180555555555556 0.028125 0.041666666666666664
3 0.3984375 0.6194444444444445 0.026041666666666668 0.037037037037037035
3 0.4388020833333333 0.6231481481481481 0.0296875 0.046296296296296294
2 0.48020833333333335 0.6166666666666667 0.011458333333333333 0.03148148148148148
3 0.54921875 0.6370370370370371 0.07135416666666666 0.0962962962962963
2 0.5625 0.6583333333333333 0.034375 0.13333333333333333
3 0.5859375 0.6518518518518519 0.09166666666666666 0.10185185185185185
3 0.6549479166666666 0.6657407407407407 0.14739583333333334 0.19074074074074074
3 0.8015625 0.7231481481481481 0.28125 0.2574074074074074
3 0.9377604166666667 0.8074074074074075 0.12447916666666667 0.3425925925925926
3 0.2559895833333333 0.6148148148148148 0.06302083333333333 0.046296296296296294
3 0.5286458333333334 0.6361111111111111 0.04791666666666667 0.07037037037037037
3 0.5169270833333334 0.6263888888888889 0.0453125 0.06944444444444445
