1 0.8169270833333333 0.49675925925925923 0.04114583333333333 0.11018518518518519
3 0.46484375 0.687962962962963 0.0078125 0.012962962962962963
3 0.45026041666666666 0.6861111111111111 0.008854166666666666 0.014814814814814815
3 0.4317708333333333 0.6939814814814815 0.026041666666666668 0.041666666666666664
3 0.4125 0.6875 0.046875 0.09351851851851851
3 0.37473958333333335 0.6953703703703704 0.0296875 0.04259259259259259
6 0.35182291666666665 0.687037037037037 0.015104166666666667 0.040740740740740744
2 0.30859375 0.6939814814814815 0.0140625 0.06018518518518518
3 0.3033854166666667 0.6916666666666667 0.03802083333333333 0.03518518518518519
3 0.22421875 0.7013888888888888 0.10260416666666666 0.125
3 0.06015625 0.6550925925925926 0.12135416666666667 0.3472222222222222
