3 0.05546875 0.6087962962962963 0.0921875 0.08796296296296297
3 0.08828125 0.6078703703703704 0.1015625 0.07685185185185185
3 0.1203125 0.6013888888888889 0.09895833333333333 0.0787037037037037
3 0.24244791666666668 0.5986111111111111 0.06822916666666666 0.06018518518518518
3 0.3182291666666667 0.600462962962963 0.05 0.041666666666666664
3 0.3888020833333333 0.6231481481481481 0.04739583333333333 0.05925925925925926
3 0.4388020833333333 0.6143518518518518 0.0203125 0.025
4 0.47109375 0.5898148148148148 0.04114583333333333 0.09814814814814815
3 0.47239583333333335 0.6217592592592592 0.0375 0.05462962962962963
3 0.51953125 0.6217592592592592 0.022395833333333334 0.032407407407407406
3 0.54375 0.6240740740740741 0.0375 0.04814814814814815
