3 0.054947916666666666 0.7925925925925926 0.10989583333333333 0.4166666666666667
1 0.18203125 0.6787037037037037 0.06302083333333333 0.22777777777777777
3 0.16588541666666667 0.6768518518518518 0.15989583333333332 0.14629629629629629
2 0.31640625 0.6393518518518518 0.008854166666666666 0.03981481481481482
3 0.34427083333333336 0.6347222222222222 0.040625 0.025
3 0.38203125 0.6416666666666667 0.03697916666666667 0.05
3 0.4205729166666667 0.6337962962962963 0.03177083333333333 0.021296296296296296
3 0.45598958333333334 0.6337962962962963 0.013020833333333334 0.021296296296296296
3 0.4817708333333333 0.6347222222222222 0.014583333333333334 0.017592592592592594
3 0.43645833333333334 0.6310185185185185 0.0125 0.028703703703703703
3 0.87578125 0.7851851851851852 0.2453125 0.42592592592592593
2 0.7622395833333333 0.7050925925925926 0.0984375 0.2101851851851852
1 0.7903645833333334 0.6430555555555556 0.011979166666666667 0.0712962962962963
3 0.6528645833333333 0.6875 0.1296875 0.1712962962962963
3 0.6067708333333334 0.6787037037037037 0.07604166666666666 0.11481481481481481
3 0.5838541666666667 0.6587962962962963 0.06770833333333333 0.10277777777777777
3 0.5559895833333334 0.6509259259259259 0.044270833333333336 0.06851851851851852
3 0.5455729166666666 0.6351851851851852 0.044270833333333336 0.08518518518518518
3 0.5010416666666667 0.6351851851851852 0.009375 0.014814814814814815
