4 0.3294270833333333 0.6310185185185185 0.11197916666666667 0.25462962962962965
3 0.39036458333333335 0.6842592592592592 0.013020833333333334 0.020370370370370372
3 0.39895833333333336 0.6810185185185185 0.009375 0.01574074074074074
3 0.41640625 0.6754629629629629 0.0265625 0.06018518518518518
4 0.43515625 0.6652777777777777 0.0296875 0.06759259259259259
3 0.42864583333333334 0.6865740740740741 0.020833333333333332 0.03425925925925926
4 0.46145833333333336 0.6675925925925926 0.026041666666666668 0.07222222222222222
3 0.45078125 0.6893518518518519 0.019270833333333334 0.03981481481481482
3 0.4591145833333333 0.6944444444444444 0.025520833333333333 0.03888888888888889
5 0.5375 0.6851851851851852 0.05 0.03888888888888889
2 0.5721354166666667 0.7092592592592593 0.016145833333333335 0.05925925925925926
2 0.5182291666666666 0.6939814814814815 0.008333333333333333 0.032407407407407406
3 0.875 0.7018518518518518 0.025 0.046296296296296294
3 0.9286458333333333 0.7060185185185185 0.03854166666666667 0.05277777777777778
