5 0.14322916666666666 0.7027777777777777 0.28541666666666665 0.32407407407407407
3 0.3098958333333333 0.7597222222222222 0.075 0.075
1 0.378125 0.7458333333333333 0.011458333333333333 0.041666666666666664
2 0.4161458333333333 0.7444444444444445 0.016666666666666666 0.03518518518518519
2 0.43984375 0.7467592592592592 0.0171875 0.03425925925925926
3 0.46640625 0.7578703703703704 0.0421875 0.058333333333333334
4 0.56015625 0.7444444444444445 0.033854166666666664 0.06851851851851852
1 0.6794270833333333 0.7509259259259259 0.0078125 0.02962962962962963
1 0.7796875 0.7472222222222222 0.014583333333333334 0.053703703703703705
2 0.7059895833333333 0.7476851851851852 0.0078125 0.028703703703703703
2 0.7119791666666667 0.7467592592592592 0.008333333333333333 0.03611111111111111
