1 0.9877604166666667 0.7018518518518518 0.0171875 0.08148148148148149
1 0.96875 0.7 0.020833333333333332 0.08518518518518518
2 0.9317708333333333 0.7101851851851851 0.05416666666666667 0.11666666666666667
1 0.8916666666666667 0.6981481481481482 0.017708333333333333 0.07962962962962963
1 0.7671875 0.6939814814814815 0.010416666666666666 0.04537037037037037
1 0.7458333333333333 0.6949074074074074 0.007291666666666667 0.041666666666666664
1 0.61796875 0.6884259259259259 0.008854166666666666 0.041666666666666664
3 0.5 0.7157407407407408 0.10416666666666667 0.15185185185185185
3 0.40286458333333336 0.6736111111111112 0.022395833333333334 0.03981481481481482
3 0.39088541666666665 0.6736111111111112 0.015104166666666667 0.019444444444444445
5 0.38645833333333335 0.6648148148148149 0.013541666666666667 0.027777777777777776
3 0.36302083333333335 0.6671296296296296 0.008333333333333333 0.012037037037037037
3 0.35208333333333336 0.6703703703703704 0.013541666666666667 0.018518518518518517
5 0.2981770833333333 0.6578703703703703 0.025520833333333333 0.05277777777777778
3 0.3216145833333333 0.6787037037037037 0.0390625 0.05555555555555555
3 0.24817708333333333 0.6773148148148148 0.044270833333333336 0.05462962962962963
