1 0.77109375 0.6162037037037037 0.05364583333333333 0.325
1 0.4979166666666667 0.49953703703703706 0.015625 0.11203703703703703
1 0.4752604166666667 0.4935185185185185 0.022395833333333334 0.10185185185185185
3 0.47760416666666666 0.4486111111111111 0.04375 0.032407407407407406
4 0.39166666666666666 0.47129629629629627 0.046875 0.08703703703703704
3 0.35442708333333334 0.5175925925925926 0.0734375 0.10185185185185185
3 0.3268229166666667 0.4837962962962963 0.0359375 0.05462962962962963
4 0.34661458333333334 0.4361111111111111 0.0140625 0.027777777777777776
3 0.3572916666666667 0.4652777777777778 0.03125 0.05277777777777778
4 0.15442708333333333 0.5 0.30885416666666665 1.0
