3 0.48046875 0.8393518518518519 0.47760416666666666 0.32314814814814813
4 0.9161458333333333 0.6305555555555555 0.16770833333333332 0.7388888888888889
2 0.9109375 0.6652777777777777 0.030208333333333334 0.11388888888888889
2 0.8825520833333333 0.6949074074074074 0.033854166666666664 0.12685185185185185
2 0.8723958333333334 0.7143518518518519 0.041666666666666664 0.1527777777777778
3 0.9182291666666667 0.6060185185185185 0.0375 0.04537037037037037
4 0.8296875 0.6129629629629629 0.15104166666666666 0.08888888888888889
6 0.6346354166666667 0.6143518518518518 0.030729166666666665 0.04722222222222222
2 0.5872395833333334 0.6453703703703704 0.0671875 0.08703703703703704
4 0.5622395833333333 0.6134259259259259 0.13489583333333333 0.10833333333333334
1 0.3411458333333333 0.6083333333333333 0.0125 0.046296296296296294
4 0.34453125 0.5842592592592593 0.03802083333333333 0.07222222222222222
3 0.328125 0.6050925925925926 0.027083333333333334 0.04351851851851852
2 0.23177083333333334 0.611574074074074 0.010416666666666666 0.03796296296296296
2 0.28828125 0.6023148148148149 0.0067708333333333336 0.026851851851851852
2 0.21145833333333333 0.612037037037037 0.009375 0.03518518518518519
3 0.18385416666666668 0.6226851851851852 0.09375 0.06018518518518518
