5 0.11223958333333334 0.6138888888888889 0.2234375 0.12962962962962962
3 0.18177083333333333 0.6430555555555556 0.11666666666666667 0.08796296296296297
2 0.25052083333333336 0.6458333333333334 0.015625 0.049074074074074076
3 0.31015625 0.6444444444444445 0.0359375 0.04814814814814815
3 0.36796875 0.6532407407407408 0.1171875 0.10092592592592593
5 0.34088541666666666 0.6212962962962963 0.04010416666666667 0.07407407407407407
3 0.41380208333333335 0.637962962962963 0.0328125 0.05555555555555555
2 0.4739583333333333 0.7449074074074075 0.090625 0.39351851851851855
3 0.5848958333333333 0.6398148148148148 0.06666666666666667 0.05555555555555555
3 0.64453125 0.6523148148148148 0.09427083333333333 0.058333333333333334
3 0.7390625 0.7263888888888889 0.19895833333333332 0.24166666666666667
3 0.8864583333333333 0.7379629629629629 0.22395833333333334 0.5166666666666667
3 0.54921875 0.6462962962962963 0.0140625 0.024074074074074074
3 0.27708333333333335 0.6449074074074074 0.046875 0.04537037037037037
2 0.27369791666666665 0.6435185185185185 0.021354166666666667 0.05
3 0.4822916666666667 0.6763888888888889 0.096875 0.15462962962962962
