3 0.16640625 0.6884259259259259 0.07552083333333333 0.04351851851851852
1 0.12526041666666668 0.6810185185185185 0.009895833333333333 0.06018518518518518
3 0.2794270833333333 0.6921296296296297 0.0578125 0.05462962962962963
3 0.41302083333333334 0.6930555555555555 0.030208333333333334 0.03796296296296296
3 0.3997395833333333 0.6893518518518519 0.022395833333333334 0.028703703703703703
3 0.4354166666666667 0.6902777777777778 0.020833333333333332 0.026851851851851852
3 0.47552083333333334 0.687037037037037 0.011458333333333333 0.018518518518518517
3 0.4588541666666667 0.6875 0.010416666666666666 0.01574074074074074
3 0.49322916666666666 0.6888888888888889 0.013541666666666667 0.018518518518518517
3 0.5104166666666666 0.6921296296296297 0.013541666666666667 0.021296296296296296
