4 0.05026041666666667 0.6513888888888889 0.0640625 0.062037037037037036
3 0.071875 0.6611111111111111 0.06145833333333333 0.06481481481481481
4 0.11901041666666666 0.6152777777777778 0.1140625 0.1175925925925926
3 0.18046875 0.6398148148148148 0.0234375 0.027777777777777776
3 0.4049479166666667 0.6175925925925926 0.016145833333333335 0.027777777777777776
3 0.43072916666666666 0.6152777777777778 0.016666666666666666 0.03611111111111111
3 0.44869791666666664 0.6217592592592592 0.019270833333333334 0.025
4 0.46145833333333336 0.6041666666666666 0.030208333333333334 0.05462962962962963
3 0.42239583333333336 0.6305555555555555 0.026041666666666668 0.03333333333333333
4 0.5109375 0.6097222222222223 0.06041666666666667 0.09722222222222222
4 0.5802083333333333 0.6055555555555555 0.04895833333333333 0.09814814814814815
3 0.6505208333333333 0.6453703703703704 0.06666666666666667 0.08518518518518518
4 0.8231770833333333 0.500462962962963 0.3536458333333333 0.9990740740740741
