1 0.34609375 0.6597222222222222 0.0109375 0.058333333333333334
2 0.3703125 0.6652777777777777 0.0125 0.05092592592592592
3 0.5088541666666667 0.6569444444444444 0.011458333333333333 0.019444444444444445
3 0.5359375 0.6574074074074074 0.009375 0.012962962962962963
6 0.8088541666666667 0.7527777777777778 0.13020833333333334 0.2537037037037037
3 0.8950520833333333 0.7069444444444445 0.059895833333333336 0.028703703703703703
3 0.6098958333333333 0.6597222222222222 0.0125 0.013888888888888888
4 0.7119791666666667 0.6685185185185185 0.036458333333333336 0.053703703703703705
4 0.9151041666666667 0.6787037037037037 0.103125 0.05740740740740741
4 0.82578125 0.6773148148148148 0.04739583333333333 0.041666666666666664
