2 0.8018229166666667 0.7143518518518519 0.08072916666666667 0.3175925925925926
3 0.5005208333333333 0.6208333333333333 0.027083333333333334 0.04722222222222222
3 0.4734375 0.6421296296296296 0.06145833333333333 0.10092592592592593
3 0.42161458333333335 0.6101851851851852 0.0203125 0.025925925925925925
3 0.37942708333333336 0.6143518518518518 0.022395833333333334 0.03611111111111111
3 0.36015625 0.6046296296296296 0.03802083333333333 0.06481481481481481
3 0.3421875 0.6180555555555556 0.04479166666666667 0.05462962962962963
3 0.2830729166666667 0.6259259259259259 0.07239583333333334 0.07407407407407407
3 0.12317708333333334 0.6407407407407407 0.15364583333333334 0.13518518518518519
2 0.0625 0.6226851851851852 0.03854166666666667 0.09537037037037037
