4 0.9888020833333333 0.7453703703703703 0.019270833333333334 0.06481481481481481
1 0.9653645833333333 0.7453703703703703 0.015104166666666667 0.08518518518518518
4 0.95703125 0.7087962962962963 0.0859375 0.0824074074074074
4 0.88359375 0.7287037037037037 0.08385416666666666 0.06111111111111111
3 0.8809895833333333 0.7185185185185186 0.0578125 0.06666666666666667
2 0.871875 0.7509259259259259 0.029166666666666667 0.08518518518518518
4 0.85390625 0.7203703703703703 0.08072916666666667 0.07037037037037037
3 0.6731770833333334 0.7291666666666666 0.07239583333333334 0.09166666666666666
3 0.5067708333333333 0.8023148148148148 0.3572916666666667 0.39537037037037037
3 0.3697916666666667 0.6722222222222223 0.023958333333333335 0.03888888888888889
5 0.3809895833333333 0.6550925925925926 0.030729166666666665 0.05277777777777778
5 0.30052083333333335 0.6476851851851851 0.109375 0.08611111111111111
2 0.22682291666666668 0.6648148148148149 0.019270833333333334 0.03888888888888889
1 0.109375 0.65 0.011458333333333333 0.05185185185185185
2 0.08697916666666666 0.649074074074074 0.014583333333333334 0.046296296296296294
