3 0.10494791666666667 0.6685185185185185 0.19947916666666668 0.14814814814814814
2 0.24036458333333333 0.6550925925925926 0.0171875 0.06759259259259259
3 0.3263020833333333 0.6504629629629629 0.0484375 0.049074074074074076
3 0.41640625 0.6472222222222223 0.024479166666666666 0.02962962962962963
3 0.465625 0.6560185185185186 0.051041666666666666 0.0712962962962963
3 0.5466145833333333 0.6666666666666666 0.12135416666666667 0.10555555555555556
2 0.6455729166666667 0.6865740740740741 0.09635416666666667 0.17685185185185184
3 0.6403645833333333 0.6583333333333333 0.06302083333333333 0.07037037037037037
3 0.7174479166666666 0.6601851851851852 0.0609375 0.06666666666666667
2 0.9018229166666667 0.6615740740740741 0.0546875 0.08425925925925926
1 0.9625 0.6509259259259259 0.014583333333333334 0.06851851851851852
3 0.6044270833333333 0.6509259259259259 0.03177083333333333 0.04814814814814815
