3 0.06458333333333334 0.6787037037037037 0.12916666666666668 0.12777777777777777
3 0.21197916666666666 0.6537037037037037 0.084375 0.09074074074074075
3 0.2515625 0.6606481481481481 0.09895833333333333 0.11574074074074074
3 0.2869791666666667 0.6361111111111111 0.06770833333333333 0.1
3 0.3497395833333333 0.649537037037037 0.05677083333333333 0.07314814814814814
3 0.3841145833333333 0.6462962962962963 0.04010416666666667 0.05555555555555555
3 0.40234375 0.6425925925925926 0.030729166666666665 0.05185185185185185
4 0.41953125 0.6166666666666667 0.043229166666666666 0.09074074074074075
3 0.45338541666666665 0.6435185185185185 0.0328125 0.05185185185185185
4 0.49765625 0.6291666666666667 0.009895833333333333 0.025
3 0.5234375 0.6365740740740741 0.009375 0.013888888888888888
3 0.47369791666666666 0.6351851851851852 0.008854166666666666 0.012962962962962963
