2 0.0609375 0.7078703703703704 0.015625 0.049074074074074076
3 0.19270833333333334 0.6861111111111111 0.05520833333333333 0.06296296296296296
3 0.2942708333333333 0.6763888888888889 0.04375 0.049074074074074076
2 0.41796875 0.675 0.022395833333333334 0.07777777777777778
2 0.44296875 0.6666666666666666 0.013020833333333334 0.05740740740740741
1 0.45338541666666665 0.6583333333333333 0.0067708333333333336 0.03148148148148148
1 0.48411458333333335 0.6611111111111111 0.008854166666666666 0.037037037037037035
2 0.5036458333333333 0.6773148148148148 0.017708333333333333 0.075
1 0.5494791666666666 0.6680555555555555 0.013541666666666667 0.07685185185185185
3 0.49140625 0.65 0.0078125 0.012962962962962963
