4 0.12864583333333332 0.6532407407407408 0.115625 0.11203703703703703
3 0.22369791666666666 0.6782407407407407 0.0703125 0.058333333333333334
5 0.3729166666666667 0.674537037037037 0.040625 0.06759259259259259
2 0.3890625 0.6949074074074074 0.036458333333333336 0.07314814814814814
3 0.41640625 0.6944444444444444 0.030729166666666665 0.04814814814814815
3 0.425 0.6921296296296297 0.025 0.041666666666666664
3 0.43515625 0.6902777777777778 0.0203125 0.03611111111111111
3 0.44427083333333334 0.6907407407407408 0.014583333333333334 0.025925925925925925
5 0.45078125 0.6861111111111111 0.015104166666666667 0.03333333333333333
3 0.51484375 0.7152777777777778 0.1546875 0.10833333333333334
3 0.5955729166666667 0.7064814814814815 0.0390625 0.05
3 0.8442708333333333 0.7291666666666666 0.13229166666666667 0.10277777777777777
3 0.9658854166666667 0.7319444444444444 0.0671875 0.0712962962962963
