1 0.09166666666666666 0.6763888888888889 0.029166666666666667 0.075
1 0.1953125 0.6643518518518519 0.01875 0.05277777777777778
3 0.3921875 0.6523148148148148 0.27708333333333335 0.3731481481481482
5 0.79296875 0.712037037037037 0.05572916666666667 0.11666666666666667
2 0.7536458333333333 0.6699074074074074 0.036458333333333336 0.032407407407407406
0 0.5966145833333333 0.6625 0.0109375 0.03796296296296296
2 0.6731770833333334 0.6699074074074074 0.0546875 0.032407407407407406
2 0.653125 0.662962962962963 0.04375 0.037037037037037035
2 0.7114583333333333 0.6625 0.034375 0.03981481481481482
3 0.6869791666666667 0.6421296296296296 0.040625 0.05277777777777778
1 0.62265625 0.6592592592592592 0.0390625 0.03148148148148148
