2 0.8283854166666667 0.7194444444444444 0.2598958333333333 0.2611111111111111
4 0.6395833333333333 0.6046296296296296 0.09895833333333333 0.18703703703703703
2 0.5049479166666667 0.6787037037037037 0.12239583333333333 0.17407407407407408
1 0.1640625 0.6393518518518518 0.026041666666666668 0.07314814814814814
2 0.27838541666666666 0.6435185185185185 0.0859375 0.09074074074074075
2 0.41822916666666665 0.6393518518518518 0.05416666666666667 0.06759259259259259
2 0.38567708333333334 0.638425925925926 0.0359375 0.04537037037037037
2 0.4513020833333333 0.6370370370370371 0.0234375 0.04814814814814815
3 0.5190104166666667 0.5967592592592592 0.03802083333333333 0.07685185185185185
3 0.70546875 0.5995370370370371 0.06927083333333334 0.15092592592592594
