2 0.07916666666666666 0.6759259259259259 0.090625 0.11666666666666667
1 0.22552083333333334 0.6731481481481482 0.015625 0.04814814814814815
1 0.21484375 0.6759259259259259 0.0140625 0.040740740740740744
1 0.1890625 0.6726851851851852 0.016666666666666666 0.04722222222222222
1 0.17916666666666667 0.6708333333333333 0.014583333333333334 0.049074074074074076
1 0.15520833333333334 0.6712962962962963 0.015625 0.05
1 0.14036458333333332 0.6680555555555555 0.021354166666666667 0.06018518518518518
1 0.24427083333333333 0.6768518518518518 0.010416666666666666 0.03888888888888889
2 0.26666666666666666 0.6726851851851852 0.03958333333333333 0.05277777777777778
2 0.31588541666666664 0.6759259259259259 0.0328125 0.03518518518518519
2 0.3416666666666667 0.6708333333333333 0.034375 0.05462962962962963
2 0.3578125 0.6699074074074074 0.026041666666666668 0.04722222222222222
2 0.37916666666666665 0.6773148148148148 0.034375 0.049074074074074076
3 0.3953125 0.6791666666666667 0.022916666666666665 0.03611111111111111
2 0.40729166666666666 0.6787037037037037 0.017708333333333333 0.02962962962962963
3 0.40651041666666665 0.6680555555555555 0.018229166666666668 0.041666666666666664
4 0.42552083333333335 0.6675925925925926 0.014583333333333334 0.03518518518518519
2 0.42942708333333335 0.6847222222222222 0.0296875 0.04351851851851852
3 0.4434895833333333 0.6703703703703704 0.022395833333333334 0.053703703703703705
2 0.45625 0.6759259259259259 0.0125 0.018518518518518517
2 0.47630208333333335 0.6865740740740741 0.0234375 0.03796296296296296
1 0.4984375 0.6805555555555556 0.005208333333333333 0.022222222222222223
1 0.52578125 0.6958333333333333 0.0078125 0.03425925925925926
1 0.5692708333333333 0.6967592592592593 0.020833333333333332 0.03981481481481482
1 0.6122395833333333 0.6995370370370371 0.0296875 0.08796296296296297
